-1.1848747073447037
-1.2787301877851698
-1.1737451932850826
-1.126476703382367
-0.6072763152961234
-0.7011317957365898
-0.5961468012365021
-0.5488783113337867
-0.8684729390722838
-0.9623284195127503
-0.8573434250126625
-0.8100749351099471
-0.6398242174542251
-0.7336796978946918
-0.6286947033946041
-0.5814262134918885
-1.3468114286733612
-1.4406669091138276
-1.33568191461374
-1.2884134247110246
-0.7692130366247812
-0.8630685170652476
-0.75808352256516
-0.7108150326624444
-1.0304096604009416
-1.124265140841408
-1.0192801463413204
-0.9720116564386049
-0.8017609387828831
-0.8956164192233496
-0.790631424723262
-0.7433629348205464
-1.1125533051201215
-1.2064087855605874
-1.1014237910605
-1.0541553011577847
-0.534954913071541
-0.6288103935120074
-0.5238253990119197
-0.47655690910920434
-0.7961515368477013
-0.8900070172881678
-0.7850220227880803
-0.7377535328853647
-0.5675028152296431
-0.6613582956701094
-0.5563733011700217
-0.5091048112673063
-1.2289836649388128
-1.3228391453792792
-1.2178541508791918
-1.170585660976476
-0.6513852728902326
-0.745240753330699
-0.6402557588306114
-0.592987268927896
-0.9125818966663931
-1.0064373771068593
-0.9014523826067717
-0.8541838927040563
-0.6839331750483346
-0.7777886554888009
-0.6728036609887132
-0.6255351710859979
-1.3701574055686843
-1.4640128860091506
-1.359027891509063
-1.3117594016063476
-0.7925590135201042
-0.8864144939605705
-0.7814294994604828
-0.7341610095577674
-1.0537556372962646
-1.1476111177367307
-1.0426261232366432
-0.9953576333339278
-0.8251069156782062
-0.9189623961186725
-0.8139774016185848
-0.7667089117158693
-1.532094126897342
-1.6259496073378086
-1.5209646128377208
-1.4736961229350056
-0.9544957348487618
-1.0483512152892283
-0.9433662207891406
-0.8960977308864251
-1.2156923586249222
-1.3095478390653887
-1.2045628445653012
-1.1572943546625856
-0.9870436370068638
-1.0808991174473301
-0.9759141229472426
-0.9286456330445271
-1.2978360033441019
-1.3916914837845682
-1.2867064892844806
-1.239437999381765
-0.7202376112955217
-0.8140930917359881
-0.7091080972359004
-0.661839607333185
-0.981434235071682
-1.0752897155121484
-0.9703047210120609
-0.9230362311093454
-0.7527855134536237
-0.8466409938940901
-0.7416559993940024
-0.694387509491287
-1.4142663631627934
-1.50812184360326
-1.4031368491031724
-1.3558683592004568
-0.8366679711142133
-0.9305234515546796
-0.825538457054592
-0.7782699671518766
-1.0978645948903738
-1.19172007533084
-1.0867350808307523
-1.039466590928037
-0.8692158732723153
-0.9630713537127816
-0.8580863592126939
-0.8108178693099786
-1.402461847718908
-1.4963173281593745
-1.3913323336592867
-1.3440638437565715
-0.824863455670328
-0.9187189361107942
-0.8137339416107067
-0.7664654517079913
-1.086060079446488
-1.1799155598869544
-1.074930565386867
-1.0276620754841514
-0.85741135782843
-0.9512668382688964
-0.8462818437688087
-0.7990133538660932
-1.5643985690475657
-1.6582540494880322
-1.5532690549879444
-1.5060005650852293
-0.9868001769989857
-1.080655657439452
-0.9756706629393644
-0.928402173036649
-1.2479968007751459
-1.341852281215612
-1.2368672867155248
-1.1895987968128094
-1.0193480791570877
-1.113203559597554
-1.0082185650974664
-0.960950075194751
-1.330140445494326
-1.423995925934792
-1.3190109314347047
-1.271742441531989
-0.7525420534457455
-0.8463975338862119
-0.7414125393861243
-0.6941440494834089
-1.013738677221906
-1.1075941576623725
-1.0026091631622847
-0.9553406732595692
-0.7850899556038475
-0.878945436044314
-0.7739604415442264
-0.7266919516415109
-1.4465708053130173
-1.5404262857534834
-1.4354412912533963
-1.3881728013506804
-0.8689724132644372
-0.9628278937049035
-0.8578428992048158
-0.8105744093021005
-1.1301690370405977
-1.2240245174810636
-1.119039522980976
-1.0717710330782608
-0.9015203154225392
-0.9953757958630055
-0.8903908013629178
-0.8431223114602024
-1.1419735615040578
-1.2358290419445237
-1.1308440474444363
-1.0835755575417207
-0.5643751694554774
-0.6582306498959437
-0.553245655395856
-0.5059771654931406
-0.8255717932316377
-0.9194272736721042
-0.8144422791720165
-0.767173789269301
-0.5969230716135794
-0.6907785520540457
-0.585793557553958
-0.5385250676512426
-1.3039102828327152
-1.3977657632731817
-1.2927807687730941
-1.2455122788703787
-0.7263118907841353
-0.8201673712246015
-0.7151823767245139
-0.6679138868217985
-0.9875085145602954
-1.0813639950007619
-0.9763790005006743
-0.9291105105979588
-0.758859792942237
-0.8527152733827035
-0.7477302788826158
-0.7004617889799004
-1.0696521592794752
-1.1635076397199415
-1.058522645219854
-1.0112541553171386
-0.4920537672308951
-0.5859092476713614
-0.48092425317127385
-0.4336557632685583
-0.7532503910070555
-0.8471058714475218
-0.7421208769474342
-0.6948523870447189
-0.5246016693889971
-0.6184571498294634
-0.5134721553293758
-0.4662036654266604
-1.186082519098167
-1.2799379995386329
-1.1749530050385457
-1.1276845151358301
-0.6084841270495868
-0.7023396074900531
-0.5973546129899655
-0.5500861230872501
-0.8696807508257469
-0.9635362312662132
-0.8585512367661255
-0.8112827468634102
-0.6410320292076886
-0.7348875096481551
-0.6299025151480675
-0.5826340252453519
-1.2085808684961479
-1.302436348936614
-1.1974513544365268
-1.150182864533811
-0.6309824764475677
-0.7248379568880341
-0.6198529623879465
-0.5725844724852309
-0.8921791002237281
-0.9860345806641945
-0.8810495861641068
-0.8337810962613914
-0.6635303786056697
-0.7573858590461361
-0.6524008645460485
-0.605132374643333
-1.3705175898248059
-1.4643730702652717
-1.3593880757651846
-1.3121195858624692
-0.7929191977762254
-0.8867746782166919
-0.7817896837166042
-0.7345211938138887
-1.0541158215523858
-1.1479713019928524
-1.0429863074927646
-0.9957178175900492
-0.8254670999343274
-0.9193225803747939
-0.8143375858747063
-0.7670690959719908
-1.1362594662715655
-1.2301149467120318
-1.1251299522119445
-1.0778614623092289
-0.5586610742229853
-0.6525165546634518
-0.5475315601633641
-0.5002630702606488
-0.8198576979991457
-0.9137131784396122
-0.8087281839395246
-0.7614596940368091
-0.5912089763810874
-0.6850644568215538
-0.5800794623214661
-0.5328109724187506
-1.2526898260902573
-1.3465453065307231
-1.241560312030636
-1.1942918221279202
-0.6750914340416769
-0.7689469144821433
-0.6639619199820556
-0.6166934300793402
-0.9362880578178373
-1.0301435382583037
-0.925158543758216
-0.8778900538555006
-0.7076393361997789
-0.8014948166402452
-0.6965098221401576
-0.6492413322374422
-1.3938635667201287
-1.487719047160595
-1.3827340526605074
-1.335465562757792
-0.8162651746715484
-0.9101206551120148
-0.8051356606119271
-0.7578671707092116
-1.0774617984477088
-1.1713172788881752
-1.0663322843880876
-1.019063794485372
-0.8488130768296503
-0.9426685572701168
-0.8376835627700291
-0.7904150728673136
-1.5558002880487867
-1.6496557684892528
-1.5446707739891654
-1.4974022840864498
-0.9782018960002061
-1.0720573764406724
-0.9670723819405848
-0.9198038920378694
-1.2393985197763668
-1.333254000216833
-1.2282690057167458
-1.18100051581403
-1.0107497981583082
-1.1046052785987746
-0.9996202840986868
-0.9523517941959714
-1.3215421644955463
-1.4153976449360128
-1.3104126504359253
-1.2631441605332097
-0.743943772446966
-0.8377992528874324
-0.7328142583873447
-0.6855457684846293
-1.0051403962231265
-1.0989958766635928
-0.9940108821635051
-0.9467423922607897
-0.776491674605068
-0.8703471550455344
-0.7653621605454468
-0.7180936706427313
-1.4379725243142378
-1.5318280047547042
-1.4268430102546168
-1.3795745203519012
-0.8603741322656576
-0.9542296127061239
-0.8492446182060363
-0.8019761283033209
-1.1215707560418182
-1.2154262364822843
-1.110441241982197
-1.0631727520794814
-0.8929220344237596
-0.9867775148642259
-0.8817925203641382
-0.8345240304614229
-1.4261680088703526
-1.5200234893108187
-1.4150384948107313
-1.3677700049080157
-0.8485696168217722
-0.9424250972622387
-0.837440102762151
-0.7901716128594355
-1.1097662405979327
-1.2036217210383988
-1.0986367265383117
-1.0513682366355959
-0.8811175189798742
-0.9749729994203407
-0.869988004920253
-0.8227195150175375
-1.5881047301990103
-1.6819602106394764
-1.576975216139389
-1.5297067262366733
-1.01050633815043
-1.1043618185908963
-0.9993768240908086
-0.9521083341880933
-1.27170296192659
-1.3655584423670566
-1.2605734478669695
-1.2133049579642536
-1.043054240308532
-1.1369097207489984
-1.0319247262489106
-0.9846562363461953
-1.3538466066457702
-1.447702087086236
-1.342717092586149
-1.2954486026834335
-0.7762482145971898
-0.8701036950376563
-0.7651187005375687
-0.7178502106348533
-1.0374448383733503
-1.1313003188138169
-1.026315324313729
-0.9790468344110136
-0.8087961167552921
-0.9026515971957583
-0.7976666026956706
-0.7503981127929552
-1.4702769664644615
-1.564132446904928
-1.459147452404841
-1.411878962502125
-0.8926785744158815
-0.9865340548563478
-0.8815490603562601
-0.8342805704535448
-1.153875198192042
-1.2477306786325082
-1.1427456841324208
-1.0954771942297052
-0.9252264765739835
-1.0190819570144498
-0.9140969625143621
-0.8668284726116467
-1.1656797226555018
-1.2595352030959681
-1.154550208595881
-1.1072817186931652
-0.5880813306069217
-0.6819368110473879
-0.5769518165473005
-0.5296833266445851
-0.849277954383082
-0.9431334348235485
-0.8381484403234608
-0.7908799504207453
-0.6206292327650237
-0.71448471320549
-0.6094997187054025
-0.562231228802687
-1.3276164439841598
-1.4214719244246259
-1.3164869299245388
-1.269218440021823
-0.7500180519355794
-0.8438735323760458
-0.7388885378759581
-0.6916200479732427
-1.0112146757117397
-1.1050701561522063
-1.0000851616521185
-0.9528166717494031
-0.7825659540936812
-0.8764214345341478
-0.7714364400340602
-0.7241679501313448
-1.0933583204309196
-1.1872138008713862
-1.0822288063712984
-1.034960316468583
-0.5157599283823395
-0.6096154088228057
-0.5046304143227183
-0.4573619244200027
-0.7769565521584998
-0.8708120325989661
-0.7658270380988785
-0.718558548196163
-0.5483078305404414
-0.6421633109809076
-0.5371783164808203
-0.4899098265781048
-1.2097886802496114
-1.3036441606900773
-1.1986591661899901
-1.1513906762872743
-0.632190288201031
-0.7260457686414974
-0.6210607741414097
-0.5737922842386942
-0.8933869119771912
-0.9872423924176575
-0.8822573979175699
-0.8349889080148544
-0.664738190359133
-0.7585936707995994
-0.6536086762995118
-0.6063401863967963
-1.2085808684961479
-1.302436348936614
-1.1974513544365268
-1.150182864533811
-0.6309824764475677
-0.7248379568880341
-0.6198529623879465
-0.5725844724852309
-0.8921791002237281
-0.9860345806641945
-0.8810495861641068
-0.8337810962613914
-0.6635303786056697
-0.7573858590461361
-0.6524008645460485
-0.605132374643333
-1.3705175898248059
-1.4643730702652717
-1.3593880757651846
-1.3121195858624692
-0.7929191977762254
-0.8867746782166919
-0.7817896837166042
-0.7345211938138887
-1.0541158215523858
-1.1479713019928524
-1.0429863074927646
-0.9957178175900492
-0.8254670999343274
-0.9193225803747939
-0.8143375858747063
-0.7670690959719908
-1.1362594662715655
-1.2301149467120318
-1.1251299522119445
-1.0778614623092289
-0.5586610742229853
-0.6525165546634518
-0.5475315601633641
-0.5002630702606488
-0.8198576979991457
-0.9137131784396122
-0.8087281839395246
-0.7614596940368091
-0.5912089763810874
-0.6850644568215538
-0.5800794623214661
-0.5328109724187506
-1.2526898260902573
-1.3465453065307231
-1.241560312030636
-1.1942918221279202
-0.6750914340416769
-0.7689469144821433
-0.6639619199820556
-0.6166934300793402
-0.9362880578178373
-1.0301435382583037
-0.925158543758216
-0.8778900538555006
-0.7076393361997789
-0.8014948166402452
-0.6965098221401576
-0.6492413322374422
-1.3938635667201287
-1.487719047160595
-1.3827340526605074
-1.335465562757792
-0.8162651746715484
-0.9101206551120148
-0.8051356606119271
-0.7578671707092116
-1.0774617984477088
-1.1713172788881752
-1.0663322843880876
-1.019063794485372
-0.8488130768296503
-0.9426685572701168
-0.8376835627700291
-0.7904150728673136
-1.5558002880487867
-1.6496557684892528
-1.5446707739891654
-1.4974022840864498
-0.9782018960002061
-1.0720573764406724
-0.9670723819405848
-0.9198038920378694
-1.2393985197763668
-1.333254000216833
-1.2282690057167458
-1.18100051581403
-1.0107497981583082
-1.1046052785987746
-0.9996202840986868
-0.9523517941959714
-1.3215421644955463
-1.4153976449360128
-1.3104126504359253
-1.2631441605332097
-0.743943772446966
-0.8377992528874324
-0.7328142583873447
-0.6855457684846293
-1.0051403962231265
-1.0989958766635928
-0.9940108821635051
-0.9467423922607897
-0.776491674605068
-0.8703471550455344
-0.7653621605454468
-0.7180936706427313
-1.4379725243142378
-1.5318280047547042
-1.4268430102546168
-1.3795745203519012
-0.8603741322656576
-0.9542296127061239
-0.8492446182060363
-0.8019761283033209
-1.1215707560418182
-1.2154262364822843
-1.110441241982197
-1.0631727520794814
-0.8929220344237596
-0.9867775148642259
-0.8817925203641382
-0.8345240304614229
-1.4261680088703526
-1.5200234893108187
-1.4150384948107313
-1.3677700049080157
-0.8485696168217722
-0.9424250972622387
-0.837440102762151
-0.7901716128594355
-1.1097662405979327
-1.2036217210383988
-1.0986367265383117
-1.0513682366355959
-0.8811175189798742
-0.9749729994203407
-0.869988004920253
-0.8227195150175375
-1.5881047301990103
-1.6819602106394764
-1.576975216139389
-1.5297067262366733
-1.01050633815043
-1.1043618185908963
-0.9993768240908086
-0.9521083341880933
-1.27170296192659
-1.3655584423670566
-1.2605734478669695
-1.2133049579642536
-1.043054240308532
-1.1369097207489984
-1.0319247262489106
-0.9846562363461953
-1.3538466066457702
-1.447702087086236
-1.342717092586149
-1.2954486026834335
-0.7762482145971898
-0.8701036950376563
-0.7651187005375687
-0.7178502106348533
-1.0374448383733503
-1.1313003188138169
-1.026315324313729
-0.9790468344110136
-0.8087961167552921
-0.9026515971957583
-0.7976666026956706
-0.7503981127929552
-1.4702769664644615
-1.564132446904928
-1.459147452404841
-1.411878962502125
-0.8926785744158815
-0.9865340548563478
-0.8815490603562601
-0.8342805704535448
-1.153875198192042
-1.2477306786325082
-1.1427456841324208
-1.0954771942297052
-0.9252264765739835
-1.0190819570144498
-0.9140969625143621
-0.8668284726116467
-1.1656797226555018
-1.2595352030959681
-1.154550208595881
-1.1072817186931652
-0.5880813306069217
-0.6819368110473879
-0.5769518165473005
-0.5296833266445851
-0.849277954383082
-0.9431334348235485
-0.8381484403234608
-0.7908799504207453
-0.6206292327650237
-0.71448471320549
-0.6094997187054025
-0.562231228802687
-1.3276164439841598
-1.4214719244246259
-1.3164869299245388
-1.269218440021823
-0.7500180519355794
-0.8438735323760458
-0.7388885378759581
-0.6916200479732427
-1.0112146757117397
-1.1050701561522063
-1.0000851616521185
-0.9528166717494031
-0.7825659540936812
-0.8764214345341478
-0.7714364400340602
-0.7241679501313448
-1.0933583204309196
-1.1872138008713862
-1.0822288063712984
-1.034960316468583
-0.5157599283823395
-0.6096154088228057
-0.5046304143227183
-0.4573619244200027
-0.7769565521584998
-0.8708120325989661
-0.7658270380988785
-0.718558548196163
-0.5483078305404414
-0.6421633109809076
-0.5371783164808203
-0.4899098265781048
-1.2097886802496114
-1.3036441606900773
-1.1986591661899901
-1.1513906762872743
-0.632190288201031
-0.7260457686414974
-0.6210607741414097
-0.5737922842386942
-0.8933869119771912
-0.9872423924176575
-0.8822573979175699
-0.8349889080148544
-0.664738190359133
-0.7585936707995994
-0.6536086762995118
-0.6063401863967963
-1.3415201487595936
-1.43537562920006
-1.3303906346999725
-1.283122144797257
-0.7639217567110138
-0.8577772371514801
-0.7527922426513924
-0.7055237527486771
-1.0251183804871742
-1.1189738609276403
-1.013988866427553
-0.9667203765248374
-0.7964696588691158
-0.8903251393095821
-0.7853401448094944
-0.7380716549067791
-1.5034568700882516
-1.5973123505287177
-1.4923273560286305
-1.4450588661259147
-0.9258584780396716
-1.019713958480138
-0.9147289639800503
-0.8674604740773348
-1.187055101815832
-1.2809105822562978
-1.1759255877562107
-1.128657097853495
-0.9584063801977736
-1.05226186063824
-0.9472768661381522
-0.9000083762354368
-1.2691987465350112
-1.3630542269754777
-1.2580692324753902
-1.2108007425726748
-0.6916003544864316
-0.785455834926898
-0.6804708404268103
-0.6332023505240948
-0.9527969782625918
-1.0466524587030581
-0.9416674642029706
-0.8943989743002552
-0.7241482566445335
-0.8180037370849998
-0.7130187425849123
-0.6657502526821968
-1.3856291063537032
-1.479484586794169
-1.374499592294082
-1.327231102391366
-0.808030714305123
-0.9018861947455894
-0.7969012002455017
-0.7496327103427862
-1.0692273380812833
-1.1630828185217494
-1.058097824021662
-1.0108293341189467
-0.840578616463225
-0.9344340969036914
-0.8294491024036037
-0.7821806125008882
-1.5268028469835746
-1.620658327424041
-1.5156733329239533
-1.4684048430212377
-0.9492044549349945
-1.0430599353754608
-0.9380749408753731
-0.8908064509726578
-1.2104010787111548
-1.3042565591516209
-1.1992715646515335
-1.1520030747488181
-0.9817523570930963
-1.0756078375335627
-0.9706228430334751
-0.9233543531307598
-1.6887395683122326
-1.7825950487526987
-1.6776100542526113
-1.6303415643498955
-1.111141176263652
-1.2049966567041184
-1.100011662204031
-1.0527431723013154
-1.3723378000398128
-1.4661932804802789
-1.3612082859801915
-1.313939796077476
-1.143689078421754
-1.2375445588622205
-1.132559564362133
-1.0852910744594173
-1.4544814447589922
-1.5483369251994585
-1.4433519306993712
-1.3960834407966556
-0.876883052710412
-0.9707385331508785
-0.8657535386507909
-0.8184850487480754
-1.1380796764865724
-1.2319351569270387
-1.1269501624269511
-1.0796816725242357
-0.909430954868514
-1.0032864353089803
-0.8983014408088928
-0.8510329509061774
-1.5709118045776838
-1.66476728501815
-1.5597822905180625
-1.5125138006153471
-0.9933134125291037
-1.08716889296957
-0.9821838984694824
-0.9349154085667669
-1.254510036305264
-1.3483655167457302
-1.2433805222456429
-1.1961120323429273
-1.0258613146872058
-1.1197167951276719
-1.0147318006275843
-0.9674633107248689
-1.5591072891337985
-1.6529627695742646
-1.5479777750741772
-1.5007092851714614
-0.9815088970852184
-1.0753643775256845
-0.970379383025597
-0.9231108931228816
-1.2427055208613782
-1.3365610013018447
-1.2315760068017574
-1.1843075168990418
-1.01405679924332
-1.1079122796837868
-1.002927285183699
-0.9556587952809836
-1.7210440104624563
-1.8148994909029221
-1.709914496402835
-1.6626460065001192
-1.143445618413876
-1.2373010988543423
-1.132316104354255
-1.0850476144515393
-1.404642242190036
-1.4984977226305025
-1.3935127281304147
-1.3462442382276996
-1.175993520571978
-1.269849001012444
-1.1648640065123568
-1.1175955166096412
-1.486785886909216
-1.580641367349682
-1.4756563728495948
-1.4283878829468795
-0.9091874948606359
-1.0030429753011023
-0.8980579808010148
-0.8507894908982992
-1.1703841186367963
-1.2642395990772621
-1.159254604577175
-1.1119861146744594
-0.9417353970187379
-1.0355908774592042
-0.9306058829591167
-0.8833373930564012
-1.6032162467279079
-1.697071727168374
-1.5920867326682866
-1.544818242765571
-1.0256178546793275
-1.1194733351197936
-1.0144883406197063
-0.9672198507169908
-1.2868144784554876
-1.3806699588959541
-1.2756849643958665
-1.2284164744931512
-1.0581657568374296
-1.1520212372778957
-1.0470362427778082
-0.9997677528750928
-1.298619002918948
-1.392474483359414
-1.2874894888593267
-1.240220998956611
-0.7210206108703676
-0.8148760913108342
-0.7098910968107466
-0.662622606908031
-0.9822172346465281
-1.0760727150869944
-0.9710877205869068
-0.9238192306841915
-0.7535685130284696
-0.8474239934689362
-0.7424389989688485
-0.695170509066133
-1.4605557242476057
-1.5544112046880718
-1.4494262101879845
-1.4021577202852689
-0.8829573321990254
-0.9768128126394919
-0.8718278181394042
-0.8245593282366888
-1.1441539559751857
-1.238009436415652
-1.1330244419155646
-1.0857559520128492
-0.9155052343571274
-1.0093607147975938
-0.9043757202975062
-0.8571072303947908
-1.2262976006943656
-1.3201530811348314
-1.215168086634744
-1.1678995967320287
-0.6486992086457855
-0.7425546890862518
-0.6375696945861642
-0.5903012046834488
-0.9098958324219458
-1.003751312862412
-0.8987663183623246
-0.8514978284596091
-0.6812471108038874
-0.7751025912443537
-0.6701175967442661
-0.6228491068415507
-1.342727960513057
-1.4365834409535232
-1.331598446453436
-1.2843299565507202
-0.7651295684644769
-0.8589850489049432
-0.7540000544048555
-0.7067315645021404
-1.0263261922406373
-1.1201816726811034
-1.015196678181016
-0.9679281882783005
-0.7976774706225789
-0.8915329510630452
-0.7865479565629575
-0.7392794666602421
