-0.3746694412790371
-0.6348212146659156
-0.5298362201658281
-0.47086841994831197
-0.3356700875670231
-0.5958218609539017
-0.4908368664538142
-0.431869066236298
-0.4959861775665102
-0.7561379509533885
-0.6511529564533013
-0.592185156235785
-0.5676234417623954
-0.8277752151492739
-0.7227902206491865
-0.6638224204316703
-0.735828854263201
-0.9959806276500797
-0.8909956331499921
-0.8320278329324758
-0.696829500551187
-0.9569812739380656
-0.8519962794379781
-0.793028479220462
-0.8571455905506741
-1.1172973639375527
-1.0123123694374652
-0.9533445692199491
-0.9287828547465594
-1.188934628133438
-1.0839496336333503
-1.0249818334158345
-0.5753706296127842
-0.8355224029996628
-0.7305374084995755
-0.6715696082820592
-0.53637127590077
-0.7965230492876487
-0.6915380547875614
-0.6325702545700451
-0.6966873659002571
-0.9568391392871358
-0.8518541447870486
-0.7928863445695323
-0.7683246300961425
-1.0284764034830212
-0.9234914089829338
-0.8645236087654176
-0.8160747627542098
-1.0762265361410883
-0.9712415416410011
-0.9122737414234848
-0.7770754090421959
-1.0372271824290744
-0.9322421879289869
-0.8732743877114707
-0.937391499041683
-1.1975432724285615
-1.0925582779284742
-1.033590477710958
-1.009028763237568
-1.2691805366244469
-1.1641955421243595
-1.1052277419068433
-0.5945685247049975
-0.8547202980918763
-0.7497353035917887
-0.6907675033742725
-0.5555691709929835
-0.8157209443798622
-0.7107359498797746
-0.6517681496622585
-0.7158852609924706
-0.9760370343793491
-0.8710520398792617
-0.8120842396617455
-0.787522525188356
-1.0476742985752348
-0.9426893040751471
-0.8837215038576308
-0.9557279376891615
-1.2158797110760404
-1.1108947165759526
-1.0519269163584366
-0.9167285839771474
-1.1768803573640263
-1.0718953628639385
-1.0129275626464225
-1.0770446739766344
-1.3371964473635134
-1.2322114528634256
-1.1732436526459094
-1.14868193817252
-1.4088337115593987
-1.303848717059311
-1.2448809168417947
-0.7952697130387446
-1.0554214864256235
-0.9504364919255359
-0.8914686917080198
-0.7562703593267307
-1.0164221327136094
-0.9114371382135218
-0.8524693379960058
-0.9165864493262178
-1.1767382227130967
-1.071753228213009
-1.0127854279954926
-0.9882237135221031
-1.248375486908982
-1.1433904924088942
-1.084422692191378
-1.0359738461801704
-1.2961256195670492
-1.1911406250669614
-1.1321728248494451
-0.9969744924681563
-1.257126265855035
-1.1521412713549473
-1.0931734711374312
-1.1572905824676434
-1.4174423558545224
-1.3124573613544348
-1.2534895611369181
-1.228927846663529
-1.4890796200504075
-1.38409462555032
-1.3251268253328037
-0.7330439044063763
-0.993195677793255
-0.8882106832931674
-0.8292428830756513
-0.6940445506943623
-0.954196324081241
-0.8492113295811535
-0.7902435293636374
-0.8543606406938494
-1.114512414080728
-1.0095274195806405
-0.9505596193631244
-0.9259979048897348
-1.1861496782766134
-1.0811646837765256
-1.0221968835590096
-1.0942033173905403
-1.354355090777419
-1.2493700962773315
-1.1904022960598153
-1.0552039636785264
-1.3153557370654048
-1.2103707425653174
-1.1514029423478012
-1.215520053678013
-1.4756718270648919
-1.3706868325648043
-1.3117190323472883
-1.2871573178738986
-1.5473090912607774
-1.4423240967606894
-1.3833562965431734
-0.9337450927401235
-1.1938968661270022
-1.0889118716269146
-1.0299440714093986
-0.8947457390281095
-1.154897512414988
-1.0499125179149005
-0.9909447176973846
-1.0550618290275964
-1.315213602414475
-1.2102286079143876
-1.1512608076968716
-1.126699093223482
-1.3868508666103605
-1.2818658721102727
-1.2228980718927571
-1.174449225881549
-1.4346009992684279
-1.3296160047683403
-1.2706482045508243
-1.1354498721695352
-1.395601645556414
-1.290616651056326
-1.23164885083881
-1.2957659621690223
-1.555917735555901
-1.4509327410558135
-1.391964940838297
-1.3674032263649074
-1.6275549997517862
-1.5225700052516986
-1.4636022050341826
-0.6360053030770476
-0.8961570764639262
-0.7911720819638387
-0.7322042817463227
-0.5970059493650336
-0.8571577227519122
-0.7521727282518248
-0.6932049280343086
-0.7573220393645206
-1.0174738127513991
-0.9124888182513117
-0.8535210180337957
-0.828959303560406
-1.0891110769472845
-0.9841260824471971
-0.925158282229681
-0.9971647160612116
-1.2573164894480904
-1.1523314949480026
-1.0933636947304868
-0.9581653623491976
-1.2183171357360763
-1.1133321412359887
-1.0543643410184724
-1.1184814523486848
-1.3786332257355631
-1.2736482312354755
-1.2146804310179595
-1.1901187165445701
-1.4502704899314487
-1.3452854954313611
-1.2863176952138449
-0.8367064914107948
-1.0968582647976735
-0.9918732702975859
-0.9329054700800697
-0.7977071376987808
-1.0578589110856593
-0.9528739165855719
-0.8939061163680557
-0.9580232276982678
-1.2181750010851466
-1.1131900065850586
-1.0542222063675428
-1.0296604918941532
-1.2898122652810318
-1.1848272707809442
-1.125859470563428
-1.0774106245522206
-1.3375623979390991
-1.2325774034390116
-1.1736096032214955
-1.0384112708402062
-1.298563044227085
-1.1935780497269974
-1.1346102495094814
-1.1987273608396936
-1.4588791342265721
-1.3538941397264845
-1.2949263395089685
-1.270364625035579
-1.5305163984224575
-1.42553140392237
-1.3665636037048539
-0.40368720385796725
-0.6638389772448458
-0.5588539827447582
-0.49988618252724215
-0.36468785014595323
-0.6248396235328318
-0.5198546290327443
-0.4608868288152282
-0.5250039401454402
-0.7851557135323188
-0.6801707190322313
-0.6212029188147152
-0.5966412043413257
-0.8567929777282042
-0.7518079832281168
-0.6928401830106006
-0.7648466168421311
-1.0249983902290096
-0.9200133957289224
-0.8610455955114061
-0.7258472631301172
-0.9859990365169958
-0.8810140420169082
-0.822046241799392
-0.886163353129604
-1.1463151265164828
-1.0413301320163955
-0.9823623317988791
-0.9578006173254894
-1.2179523907123684
-1.1129673962122806
-1.0539995959947648
-0.6043883921917144
-0.864540165578593
-0.7595551710785055
-0.7005873708609892
-0.5653890384797002
-0.825540811866579
-0.7205558173664914
-0.6615880171489754
-0.7257051284791874
-0.9858569018660661
-0.8808719073659785
-0.8219041071484625
-0.7973423926750728
-1.0574941660619515
-0.9525091715618639
-0.8935413713443479
-0.8450925253331399
-1.1052442987200186
-1.000259304219931
-0.941291504002415
-0.8060931716211258
-1.0662449450080045
-0.961259950507917
-0.902292150290401
-0.966409261620613
-1.2265610350074918
-1.121576040507404
-1.062608240289888
-1.0380465258164984
-1.2981982992033771
-1.1932133047032896
-1.1342455044857733
-0.6235862872839276
-0.8837380606708064
-0.7787530661707188
-0.7197852659532027
-0.5845869335719136
-0.8447387069587922
-0.7397537124587047
-0.6807859122411887
-0.7449030235714006
-1.0050547969582793
-0.9000698024581918
-0.8411020022406758
-0.816540287767286
-1.0766920611541646
-0.9717070666540771
-0.9127392664365611
-0.9847457002680918
-1.2448974736549703
-1.139912479154883
-1.0809446789373667
-0.9457463465560777
-1.2058981199429561
-1.1009131254428688
-1.0419453252253525
-1.1060624365555645
-1.3662142099424435
-1.2612292154423557
-1.2022614152248396
-1.1776997007514503
-1.437851474138329
-1.3328664796382412
-1.273898679420725
-0.8242874756176748
-1.0844392490045536
-0.9794542545044661
-0.9204864542869499
-0.7852881219056609
-1.0454398952925394
-0.940454900792452
-0.8814871005749357
-0.9456042119051478
-1.2057559852920265
-1.100770990791939
-1.041803190574423
-1.0172414761010333
-1.2773932494879119
-1.1724082549878243
-1.1134404547703083
-1.0649916087591005
-1.3251433821459793
-1.2201583876458917
-1.1611905874283754
-1.0259922550470866
-1.2861440284339651
-1.1811590339338776
-1.1221912337163613
-1.1863083450465735
-1.4464601184334525
-1.3414751239333647
-1.2825073237158484
-1.257945609242459
-1.5180973826293378
-1.4131123881292502
-1.354144587911734
-0.7620616669853065
-1.022213440372185
-0.9172284458720976
-0.8582606456545815
-0.7230623132732925
-0.983214086660171
-0.8782290921600836
-0.8192612919425674
-0.8833784032727794
-1.1435301766596582
-1.0385451821595706
-0.9795773819420545
-0.955015667468665
-1.2151674408555437
-1.110182446355456
-1.05121464613794
-1.1232210799694706
-1.3833728533563487
-1.2783878588562614
-1.2194200586387454
-1.0842217262574565
-1.3443734996443348
-1.2393885051442475
-1.1804207049267315
-1.2445378162569434
-1.504689589643822
-1.3997045951437346
-1.3407367949262181
-1.316175080452829
-1.576326853839707
-1.4713418593396197
-1.4123740591221037
-0.9627628553190537
-1.2229146287059323
-1.1179296342058447
-1.0589618339883287
-0.9237635016070397
-1.1839152749939184
-1.0789302804938308
-1.0199624802763145
-1.0840795916065267
-1.3442313649934052
-1.2392463704933179
-1.1802785702758016
-1.1557168558024122
-1.4158686291892908
-1.3108836346892028
-1.251915834471687
-1.2034669884604794
-1.463618761847358
-1.3586337673472706
-1.2996659671297541
-1.1644676347484653
-1.4246194081353436
-1.3196344136352562
-1.2606666134177402
-1.3247837247479521
-1.5849354981348314
-1.4799505036347433
-1.4209827034172273
-1.3964209889438377
-1.6565727623307163
-1.551587767830629
-1.4926199676131124
-0.6650230656559778
-0.9251748390428565
-0.8201898445427689
-0.7612220443252528
-0.6260237119439637
-0.8861754853308423
-0.7811904908307548
-0.7222226906132386
-0.7863398019434508
-1.0464915753303294
-0.9415065808302419
-0.8825387806127257
-0.8579770661393361
-1.1181288395262148
-1.0131438450261272
-0.9541760448086111
-1.0261824786401417
-1.2863342520270205
-1.1813492575269329
-1.1223814573094169
-0.9871831249281278
-1.2473348983150063
-1.1423499038149187
-1.0833821035974025
-1.1474992149276146
-1.4076509883144934
-1.3026659938144056
-1.2436981935968896
-1.2191364791235
-1.479288252510379
-1.374303258010291
-1.315335457792775
-0.865724253989725
-1.1258760273766035
-1.020891032876516
-0.961923232659
-0.8267249002777108
-1.0868766736645896
-0.9818916791645019
-0.9229238789469858
-0.9870409902771979
-1.247192763664077
-1.142207769163989
-1.083239968946473
-1.0586782544730833
-1.318830027859962
-1.2138450333598745
-1.1548772331423582
-1.1064283871311504
-1.3665801605180294
-1.2615951660179416
-1.2026273658004256
-1.0674290334191363
-1.3275808068060153
-1.2225958123059277
-1.1636280120884115
-1.2277451234186239
-1.4878968968055024
-1.3829119023054148
-1.3239441020878986
-1.2993823876145092
-1.5595341610013878
-1.4545491665013002
-1.3955813662837842
-0.3359556892908037
-0.5961074626776823
-0.4911224681775947
-0.4321546679600786
-0.29695633557878964
-0.5571081089656683
-0.45212311446558073
-0.39315531424806466
-0.45727242557827663
-0.7174241989651553
-0.6124392044650677
-0.5534714042475517
-0.5289096897741622
-0.7890614631610406
-0.6840764686609533
-0.625108668443437
-0.6971151022749675
-0.9572668756618462
-0.8522818811617588
-0.7933140809442426
-0.6581157485629537
-0.9182675219498324
-0.8132825274497448
-0.7543147272322286
-0.8184318385624406
-1.0785836119493193
-0.9735986174492319
-0.9146308172317157
-0.890069102758326
-1.1502208761452049
-1.0452358816451173
-0.9862680814276013
-0.5366568776245509
-0.7968086510114296
-0.691823656511342
-0.6328558562938258
-0.4976575239125367
-0.7578092972994155
-0.6528243027993279
-0.5938565025818119
-0.6579736139120239
-0.9181253872989026
-0.813140392798815
-0.754172592581299
-0.7296108781079093
-0.9897626514947879
-0.8847776569947003
-0.8258098567771843
-0.7773610107659764
-1.037512784152855
-0.9325277896527676
-0.8735599894352516
-0.7383616570539624
-0.9985134304408411
-0.8935284359407535
-0.8345606357232375
-0.8986777470534495
-1.1588295204403283
-1.0538445259402407
-0.9948767257227246
-0.9703150112493348
-1.2304667846362136
-1.1254817901361263
-1.06651398991861
-0.5558547727167641
-0.8160065461036429
-0.7110215516035553
-0.6520537513860393
-0.5168554190047502
-0.7770071923916287
-0.6720221978915413
-0.6130543976740251
-0.6771715090042372
-0.9373232823911158
-0.8323382878910283
-0.7733704876735122
-0.7488087732001226
-1.008960546587001
-0.9039755520869137
-0.8450077518693976
-0.9170141857009283
-1.1771659590878067
-1.0721809645877194
-1.0132131643702034
-0.8780148319889142
-1.1381666053757928
-1.0331816108757053
-0.974213810658189
-1.0383309219884012
-1.29848269537528
-1.1934977008751921
-1.1345299006576761
-1.1099681861842867
-1.3701199595711655
-1.2651349650710777
-1.2061671648535615
-0.7565559610505113
-1.01670773443739
-0.9117227399373026
-0.8527549397197863
-0.7175566073384975
-0.9777083807253759
-0.8727233862252886
-0.8137555860077723
-0.8778726973379843
-1.138024470724863
-1.0330394762247754
-0.9740716760072594
-0.9495099615338699
-1.2096617349207484
-1.1046767404206608
-1.0457089402031448
-0.997260094191937
-1.257411867578816
-1.1524268730787282
-1.093459072861212
-0.958260740479923
-1.2184125138668016
-1.113427519366714
-1.0544597191491978
-1.11857683047941
-1.378728603866289
-1.2737436093662011
-1.2147758091486849
-1.1902140946752955
-1.4503658680621743
-1.3453808735620867
-1.2864130733445704
-0.694330152418143
-0.9544819258050216
-0.8494969313049341
-0.790529131087418
-0.6553307987061291
-0.9154825720930074
-0.8104975775929202
-0.7515297773754039
-0.815646888705616
-1.0757986620924946
-0.9708136675924072
-0.911845867374891
-0.8872841529015015
-1.1474359262883802
-1.0424509317882926
-0.9834831315707764
-1.055489565402307
-1.3156413387891852
-1.2106563442890979
-1.1516885440715818
-1.016490211690293
-1.2766419850771713
-1.171656990577084
-1.112689190359568
-1.1768063016897798
-1.4369580750766586
-1.331973080576571
-1.2730052803590546
-1.2484435658856654
-1.5085953392725435
-1.4036103447724562
-1.3446425445549401
-0.8950313407518902
-1.1551831141387687
-1.0501981196386814
-0.9912303194211651
-0.8560319870398762
-1.1161837604267548
-1.0111987659266672
-0.9522309657091511
-1.0163480770393631
-1.2764998504262417
-1.1715148559261543
-1.112547055708638
-1.0879853412352487
-1.3481371146221273
-1.2431521201220395
-1.1841843199045234
-1.1357354738933159
-1.3958872472801944
-1.290902252780107
-1.2319344525625906
-1.0967361201813017
-1.3568878935681803
-1.2519028990680927
-1.1929350988505767
-1.2570522101807886
-1.5172039835676678
-1.4122189890675798
-1.3532511888500638
-1.3286894743766742
-1.588841247763553
-1.4838562532634654
-1.424888453045949
-0.5972915510888143
-0.8574433244756929
-0.7524583299756054
-0.6934905297580892
-0.5582921973768002
-0.8184439707636789
-0.7134589762635913
-0.6544911760460752
-0.7186082873762873
-0.978760060763166
-0.8737750662630784
-0.8148072660455623
-0.7902455515721727
-1.0503973249590512
-0.9454123304589638
-0.8864445302414476
-0.9584509640729783
-1.218602737459857
-1.1136177429597693
-1.0546499427422533
-0.9194516103609642
-1.1796033837478428
-1.0746183892477554
-1.0156505890302392
-1.0797677003604513
-1.33991947374733
-1.2349344792472423
-1.1759666790297263
-1.1514049645563367
-1.4115567379432155
-1.3065717434431277
-1.2476039432256116
-0.7979927394225614
-1.0581445128094402
-0.9531595183093525
-0.8941917180918365
-0.7589933857105474
-1.019145159097426
-0.9141601645973385
-0.8551923643798224
-0.9193094757100345
-1.1794612490969134
-1.0744762545968254
-1.0155084543793094
-0.9909467399059199
-1.2510985132927985
-1.146113518792711
-1.0871457185751947
-1.0386968725639871
-1.298848645950866
-1.1938636514507783
-1.1348958512332623
-0.9996975188519729
-1.2598492922388518
-1.1548642977387642
-1.095896497521248
-1.1600136088514603
-1.4201653822383389
-1.3151803877382513
-1.256212587520735
-1.2316508730473457
-1.4918026464342242
-1.3868176519341366
-1.3278498517166206
-0.5258272848712774
-0.7859790582581557
-0.6809940637580685
-0.6220262635405522
-0.48682793115926337
-0.7469797045461419
-0.6419947100460544
-0.5830269098285383
-0.6471440211587504
-0.9072957945456288
-0.8023108000455415
-0.7433429998280252
-0.7187812853546357
-0.9789330587415144
-0.8739480642414268
-0.8149802640239108
-0.8869866978554413
-1.14713847124232
-1.0421534767422325
-0.9831856765247163
-0.8479873441434271
-1.108139117530306
-1.0031541230302186
-0.9441863228127023
-1.0083034341429142
-1.268455207529793
-1.1634702130297052
-1.1045024128121892
-1.0799406983387994
-1.3400924717256784
-1.2351074772255906
-1.1761396770080745
-0.7265284732050247
-0.986680246591903
-0.8816952520918158
-0.8227274518742995
-0.6875291194930105
-0.947680892879889
-0.8426958983798016
-0.7837280981622854
-0.8478452094924974
-1.1079969828793763
-1.0030119883792887
-0.9440441881617725
-0.919482473688383
-1.1796342470752614
-1.074649252575174
-1.0156814523576578
-0.9672326063464501
-1.2273843797333288
-1.1223993852332412
-1.063431585015725
-0.9282332526344361
-1.188385026021315
-1.083400031521227
-1.0244322313037109
-1.088549342633923
-1.348701116020802
-1.2437161215207142
-1.184748321303198
-1.1601866068298086
-1.4203383802166873
-1.3153533857165995
-1.2563855854990833
-0.7457263682972378
-1.0058781416841165
-0.9008931471840289
-0.8419253469665128
-0.7067270145852238
-0.9668787879721025
-0.8618937934720149
-0.8029259932544989
-0.8670431045847109
-1.1271948779715895
-1.0222098834715019
-0.9632420832539857
-0.9386803687805962
-1.1988321421674752
-1.0938471476673872
-1.0348793474498712
-1.106885781281402
-1.3670375546682805
-1.2620525601681931
-1.2030847599506769
-1.0678864275693876
-1.3280382009562666
-1.223053206456179
-1.1640854062386627
-1.2282025175688749
-1.4883542909557534
-1.3833692964556659
-1.3244014962381498
-1.2998397817647604
-1.559991555151639
-1.4550065606515514
-1.3960387604340352
-0.946427556630985
-1.2065793300178638
-1.1015943355177762
-1.0426265353002602
-0.9074282029189711
-1.1675799763058496
-1.062594981805762
-1.003627181588246
-1.067744292918458
-1.3278960663053367
-1.2229110718052492
-1.163943271587733
-1.1393815571143435
-1.3995333305012223
-1.2945483360011347
-1.2355805357836185
-1.1871316897724107
-1.4472834631592897
-1.3422984686592019
-1.2833306684416856
-1.1481323360603968
-1.4082841094472756
-1.303299114947188
-1.2443313147296715
-1.3084484260598839
-1.5686001994467624
-1.4636152049466749
-1.4046474047291586
-1.3800856902557692
-1.640237463642648
-1.5352524691425604
-1.4762846689250442
-0.8842017479986166
-1.1443535213854952
-1.0393685268854078
-0.9804007266678917
-0.8452023942866026
-1.1053541676734815
-1.000369173173394
-0.9414013729558776
-1.0055184842860896
-1.2656702576729684
-1.1606852631728808
-1.1017174629553648
-1.077155748481975
-1.337307521868854
-1.232322527368766
-1.1733547271512499
-1.2453611609827804
-1.505512934369659
-1.4005279398695716
-1.3415601396520556
-1.2063618072707665
-1.466513580657645
-1.3615285861575577
-1.3025607859400412
-1.3666778972702536
-1.6268296706571321
-1.5218446761570443
-1.4628768759395283
-1.4383151614661387
-1.6984669348530173
-1.59348194035293
-1.5345141401354139
-1.0849029363323635
-1.3450547097192422
-1.2400697152191547
-1.1811019150016386
-1.0459035826203498
-1.3060553560072283
-1.201070361507141
-1.1421025612896247
-1.2062196726198369
-1.4663714460067154
-1.3613864515066276
-1.3024186512891116
-1.2778569368157224
-1.5380087102026005
-1.4330237157025132
-1.3740559154849972
-1.3256070694737896
-1.5857588428606681
-1.4807738483605808
-1.4218060481430643
-1.2866077157617752
-1.5467594891486545
-1.4417744946485664
-1.3828066944310504
-1.4469238057612623
-1.7070755791481411
-1.6020905846480535
-1.5431227844305375
-1.518561069957148
-1.7787128433440267
-1.6737278488439387
-1.6147600486264226
-0.787163146669288
-1.0473149200561667
-0.9423299255560791
-0.883362125338563
-0.7481637929572739
-1.0083155663441525
-0.9033305718440651
-0.8443627716265488
-0.9084798829567607
-1.1686316563436396
-1.0636466618435518
-1.0046788616260358
-0.9801171471526462
-1.240268920539525
-1.1352839260394376
-1.0763161258219212
-1.1483225596534519
-1.4084743330403307
-1.303489338540243
-1.2445215383227268
-1.1093232059414377
-1.3694749793283165
-1.2644899848282287
-1.205522184610713
-1.269639295940925
-1.5297910693278036
-1.4248060748277156
-1.3658382746101998
-1.3412765601368102
-1.6014283335236887
-1.4964433390236012
-1.437475538806085
-0.9878643350030352
-1.248016108389914
-1.1430311138898261
-1.0840633136723101
-0.948864981291021
-1.2090167546779
-1.104031760177812
-1.045063959960296
-1.1091810712905081
-1.3693328446773867
-1.264347850177299
-1.205380049959783
-1.1808183354863935
-1.4409701088732723
-1.3359851143731842
-1.2770173141556684
-1.2285684681444609
-1.4887202415313396
-1.3837352470312518
-1.3247674468137356
-1.189569114432447
-1.4497208878193255
-1.344735893319238
-1.2857680931017217
-1.3498852044319338
-1.6100369778188124
-1.5050519833187248
-1.4460841831012088
-1.4215224686278194
-1.6816742420146977
-1.5766892475146104
-1.5177214472970941
