-0.6385971880340625
-0.8019823402687976
-0.6969973457687101
-0.6365651112852698
-0.6579067998470709
-0.8212919520818062
-0.7163069575817185
-0.6558747230982783
-0.5742157092517813
-0.7376008614865166
-0.6326158669864289
-0.5721836325029888
-0.6112338146222364
-0.7746189668569716
-0.669633972356884
-0.6092017378734437
-0.7871947138818296
-0.9505798661165648
-0.8455948716164772
-0.7851626371330369
-0.806504325694838
-0.9698894779295733
-0.8649044834294856
-0.8044722489460454
-0.7228132350995485
-0.8861983873342837
-0.7812133928341961
-0.7207811583507558
-0.7598313404700036
-0.9232164927047387
-0.8182314982046511
-0.7577992637212109
-0.8061385040082306
-0.9695236562429659
-0.8645386617428782
-0.804106427259438
-0.825448115821239
-0.9888332680559742
-0.8838482735558866
-0.8234160390724464
-0.7417570252259496
-0.9051421774606846
-0.800157182960597
-0.7397249484771569
-0.7787751305964046
-0.9421602828311397
-0.837175288331052
-0.7767430538476119
-0.8180125489960022
-0.9813977012307373
-0.8764127067306497
-0.8159804722472096
-0.8373221608090107
-1.0007073130437458
-0.8957223185436582
-0.8352900840602181
-0.7536310702137211
-0.9170162224484564
-0.8120312279483687
-0.7515989934649284
-0.7906491755841761
-0.9540343278189114
-0.8490493333188238
-0.7886170988353834
-0.8056724257340456
-0.9690575779687809
-0.8640725834686933
-0.8036403489852529
-0.824982037547054
-0.9883671897817893
-0.8833821952817016
-0.8229499607982614
-0.7412909469517645
-0.9046760991864997
-0.799691104686412
-0.7392588702029719
-0.7783090523222196
-0.9416942045569549
-0.8367092100568672
-0.7762769755734269
-0.9542699515818127
-1.117655103816548
-1.0126701093164603
-0.9522378748330201
-0.9735795633948212
-1.1369647156295564
-1.0319797211294688
-0.9715474866460286
-0.8898884727995316
-1.0532736250342667
-0.9482886305341792
-0.887856396050739
-0.9269065781699867
-1.090291730404722
-0.9853067359046342
-0.924874501421194
-0.9732137417082138
-1.136598893942949
-1.0316138994428614
-0.9711816649594212
-0.9925233535212222
-1.1559085057559573
-1.05092351125587
-0.9904912767724295
-0.9088322629259327
-1.0722174151606678
-0.9672324206605803
-0.90680018617714
-0.9458503682963878
-1.1092355205311228
-1.0042505260310353
-0.9438182915475951
-0.9850877866959854
-1.1484729389307204
-1.043487944430633
-0.9830557099471927
-1.0043973985089938
-1.167782550743729
-1.0627975562436414
-1.002365321760201
-0.9207063079137042
-1.0840914601484393
-0.9791064656483518
-0.9186742311649116
-0.9577244132841594
-1.1211095655188947
-1.016124571018807
-0.9556923365353666
-1.0014478618843161
-1.1648330141190513
-1.0598480196189637
-0.9994157851355234
-1.0207574736973244
-1.1841426259320598
-1.0791576314319722
-1.0187253969485317
-0.9370663831020349
-1.10045153533677
-0.9954665408366825
-0.9350343063532424
-0.9740844884724901
-1.1374696407072251
-1.0324846462071375
-0.9720524117236973
-1.150045387732083
-1.3134305399668185
-1.2084455454667309
-1.1480133109832906
-1.1693549995450918
-1.332740151779827
-1.2277551572797392
-1.1673229227962991
-1.085663908949802
-1.249049061184537
-1.14406406668445
-1.0836318322010097
-1.1226820143202572
-1.2860671665549923
-1.1810821720549047
-1.1206499375714645
-1.1689891778584844
-1.3323743300932196
-1.2273893355931322
-1.1669571011096918
-1.1882987896714927
-1.3516839419062279
-1.2466989474061405
-1.1862667129227
-1.1046076990762033
-1.2679928513109386
-1.1630078568108508
-1.1025756223274106
-1.1416258044466583
-1.3050109566813934
-1.200025962181306
-1.1395937276978656
-1.1808632228462559
-1.344248375080991
-1.2392633805809037
-1.1788311460974632
-1.2001728346592642
-1.3635579868939993
-1.258572992393912
-1.1981407579104717
-1.1164817440639747
-1.2798668962987096
-1.1748819017986223
-1.114449667315182
-1.1534998494344297
-1.316885001669165
-1.2119000071690775
-1.1514677726856373
-0.8291674757421925
-0.9925526279769278
-0.8875676334768401
-0.8271353989933999
-0.848477087555201
-1.0118622397899362
-0.9068772452898486
-0.8464450108064082
-0.7647859969599113
-0.9281711491946466
-0.823186154694559
-0.7627539202111188
-0.8018041023303665
-0.9651892545651017
-0.860204260065014
-0.7997720255815738
-0.9777650015899596
-1.1411501538246946
-1.0361651593246073
-0.9757329248411671
-0.9970746134029682
-1.1604597656377034
-1.0554747711376158
-0.9950425366541754
-0.9133835228076786
-1.0767686750424137
-0.9717836805423262
-0.9113514460588859
-0.9504016281781336
-1.1137867804128687
-1.0088017859127811
-0.948369551429341
-0.9967087917163607
-1.160093943951096
-1.0551089494510084
-0.994676714967568
-1.0160184035293691
-1.1794035557641043
-1.074418561264017
-1.0139863267805764
-0.9323273129340796
-1.0957124651688148
-0.9907274706687271
-0.9302952361852869
-0.9693454183045347
-1.1327305705392696
-1.0277455760391823
-0.967313341555742
-1.0085828367041323
-1.1719679889388674
-1.0669829944387799
-1.0065507599553396
-1.0278924485171406
-1.1912776007518757
-1.0862926062517884
-1.025860371768348
-0.9442013579218511
-1.1075865101565863
-1.0026015156564987
-0.9421692811730585
-0.9812194632923062
-1.1446046155270413
-1.0396196210269537
-0.9791873865435136
-0.654526468132888
-0.8179116203676232
-0.7129266258675355
-0.6524943913840954
-0.6738360799458964
-0.8372212321806316
-0.732236237680544
-0.6718040031971036
-0.5901449893506069
-0.753530141585342
-0.6485451470852545
-0.5881129126018142
-0.627163094721062
-0.7905482469557972
-0.6855632524557096
-0.6251310179722692
-0.8031239939806551
-0.9665091462153903
-0.8615241517153027
-0.8010919172318626
-0.8224336057936636
-0.9858187580283988
-0.8808337635283112
-0.8204015290448708
-0.7387425151983741
-0.9021276674331093
-0.7971426729330217
-0.7367104384495814
-0.775760620568829
-0.9391457728035644
-0.8341607783034767
-0.7737285438200364
-0.8220677841070562
-0.9854529363417914
-0.8804679418417038
-0.8200357073582635
-0.8413773959200646
-1.0047625481548
-0.8997775536547121
-0.839345319171272
-0.757686305324775
-0.9210714575595103
-0.8160864630594226
-0.7556542285759824
-0.7947044106952301
-0.9580895629299654
-0.8531045684298777
-0.7926723339464375
-0.8339418290948277
-0.997326981329563
-0.8923419868294753
-0.831909752346035
-0.8532514409078362
-1.0166365931425714
-0.9116515986424838
-0.8512193641590434
-0.7695603503125467
-0.9329455025472818
-0.8279605080471942
-0.767528273563754
-0.8065784556830017
-0.969963607917737
-0.8649786134176494
-0.804546378934209
-0.8216017058328711
-0.9849868580676063
-0.8800018635675186
-0.8195696290840786
-0.8409113176458797
-1.004296469880615
-0.8993114753805272
-0.838879240897087
-0.75722022705059
-0.9206053792853253
-0.8156203847852377
-0.7551881503017974
-0.7942383324210451
-0.9576234846557803
-0.8526384901556927
-0.7922062556722526
-0.9701992316806383
-1.1335843839153734
-1.028599389415286
-0.9681671549318457
-0.9895088434936468
-1.152893995728382
-1.0479090012282943
-0.987476766744854
-0.9058177528983572
-1.0692029051330925
-0.9642179106330048
-0.9037856761495645
-0.9428358582688123
-1.1062210105035475
-1.00123601600346
-0.9408037815200195
-0.9891430218070394
-1.1525281740417743
-1.047543179541687
-0.9871109450582467
-1.0084526336200477
-1.171837785854783
-1.0668527913546952
-1.006420556871255
-0.9247615430247582
-1.0881466952594934
-0.9831617007594057
-0.9227294662759655
-0.9617796483952132
-1.1251648006299486
-1.0201798061298608
-0.9597475716464207
-1.0010170667948108
-1.1644022190295462
-1.0594172245294584
-0.9989849900460183
-1.0203266786078193
-1.1837118308425545
-1.0787268363424667
-1.0182946018590266
-0.9366355880125298
-1.1000207402472648
-0.9950357457471775
-0.9346035112637371
-0.9736536933829849
-1.13703884561772
-1.0320538511176325
-0.9716216166341922
-1.0173771419831417
-1.1807622942178768
-1.075777299717789
-1.015345065234349
-1.03668675379615
-1.200071906030885
-1.0950869115307975
-1.0346546770473575
-0.9529956632008605
-1.1163808154355956
-1.011395820935508
-0.9509635864520678
-0.9900137685713157
-1.1533989208060509
-1.0484139263059633
-0.9879816918225229
-1.1659746678309089
-1.3293598200656438
-1.2243748255655567
-1.1639425910821162
-1.1852842796439171
-1.3486694318786523
-1.243684437378565
-1.1832522028951247
-1.1015931890486277
-1.2649783412833628
-1.1599933467832753
-1.099561112299835
-1.1386112944190827
-1.3019964466538179
-1.1970114521537305
-1.1365792176702902
-1.1849184579573098
-1.3483036101920451
-1.2433186156919578
-1.1828863812085173
-1.2042280697703183
-1.3676132220050536
-1.262628227504966
-1.2021959930215258
-1.1205369791750286
-1.283922131409764
-1.1789371369096766
-1.118504902426236
-1.1575550845454836
-1.3209402367802192
-1.2159552422801314
-1.1555230077966914
-1.1967925029450812
-1.3601776551798166
-1.255192660679729
-1.1947604261962887
-1.2161021147580897
-1.3794872669928249
-1.2745022724927373
-1.2140700380092972
-1.1324110241628
-1.2957961763975352
-1.190811181897448
-1.1303789474140078
-1.1694291295332555
-1.3328142817679907
-1.227829287267903
-1.1673970527844628
-0.8450967558410181
-1.0084819080757532
-0.9034969135756656
-0.8430646790922255
-0.8644063676540266
-1.0277915198887617
-0.9228065253886741
-0.8623742909052338
-0.7807152770587369
-0.9441004292934722
-0.8391154347933846
-0.7786832003099442
-0.8177333824291921
-0.9811185346639272
-0.8761335401638396
-0.8157013056803993
-0.9936942816887853
-1.1570794339235204
-1.0520944394234328
-0.9916622049399925
-1.0130038935017938
-1.1763890457365287
-1.0714040512364411
-1.010971816753001
-0.929312802906504
-1.0926979551412392
-0.9877129606411515
-0.9272807261577114
-0.9663309082769591
-1.1297160605116943
-1.0247310660116067
-0.9642988315281665
-1.0126380718151862
-1.1760232240499213
-1.0710382295498337
-1.0106059950663935
-1.0319476836281947
-1.1953328358629298
-1.090347841362842
-1.029915606879402
-0.9482565930329051
-1.1116417452676401
-1.0066567507675526
-0.9462245162841124
-0.9852746984033601
-1.1486598506380952
-1.0436748561380076
-0.9832426216545677
-1.0245121168029578
-1.1878972690376928
-1.0829122745376054
-1.0224800400541652
-1.0438217286159663
-1.2072068808507013
-1.1022218863506137
-1.0417896518671736
-0.9601306380206766
-1.1235157902554116
-1.0185307957553242
-0.958098561271884
-0.9971487433911317
-1.1605338956258668
-1.0555489011257793
-0.9951166666423391
-0.654526468132888
-0.8179116203676232
-0.7129266258675355
-0.6524943913840954
-0.6738360799458964
-0.8372212321806316
-0.732236237680544
-0.6718040031971036
-0.5901449893506069
-0.753530141585342
-0.6485451470852545
-0.5881129126018142
-0.627163094721062
-0.7905482469557972
-0.6855632524557096
-0.6251310179722692
-0.8031239939806551
-0.9665091462153903
-0.8615241517153027
-0.8010919172318626
-0.8224336057936636
-0.9858187580283988
-0.8808337635283112
-0.8204015290448708
-0.7387425151983741
-0.9021276674331093
-0.7971426729330217
-0.7367104384495814
-0.775760620568829
-0.9391457728035644
-0.8341607783034767
-0.7737285438200364
-0.8220677841070562
-0.9854529363417914
-0.8804679418417038
-0.8200357073582635
-0.8413773959200646
-1.0047625481548
-0.8997775536547121
-0.839345319171272
-0.757686305324775
-0.9210714575595103
-0.8160864630594226
-0.7556542285759824
-0.7947044106952301
-0.9580895629299654
-0.8531045684298777
-0.7926723339464375
-0.8339418290948277
-0.997326981329563
-0.8923419868294753
-0.831909752346035
-0.8532514409078362
-1.0166365931425714
-0.9116515986424838
-0.8512193641590434
-0.7695603503125467
-0.9329455025472818
-0.8279605080471942
-0.767528273563754
-0.8065784556830017
-0.969963607917737
-0.8649786134176494
-0.804546378934209
-0.8216017058328711
-0.9849868580676063
-0.8800018635675186
-0.8195696290840786
-0.8409113176458797
-1.004296469880615
-0.8993114753805272
-0.838879240897087
-0.75722022705059
-0.9206053792853253
-0.8156203847852377
-0.7551881503017974
-0.7942383324210451
-0.9576234846557803
-0.8526384901556927
-0.7922062556722526
-0.9701992316806383
-1.1335843839153734
-1.028599389415286
-0.9681671549318457
-0.9895088434936468
-1.152893995728382
-1.0479090012282943
-0.987476766744854
-0.9058177528983572
-1.0692029051330925
-0.9642179106330048
-0.9037856761495645
-0.9428358582688123
-1.1062210105035475
-1.00123601600346
-0.9408037815200195
-0.9891430218070394
-1.1525281740417743
-1.047543179541687
-0.9871109450582467
-1.0084526336200477
-1.171837785854783
-1.0668527913546952
-1.006420556871255
-0.9247615430247582
-1.0881466952594934
-0.9831617007594057
-0.9227294662759655
-0.9617796483952132
-1.1251648006299486
-1.0201798061298608
-0.9597475716464207
-1.0010170667948108
-1.1644022190295462
-1.0594172245294584
-0.9989849900460183
-1.0203266786078193
-1.1837118308425545
-1.0787268363424667
-1.0182946018590266
-0.9366355880125298
-1.1000207402472648
-0.9950357457471775
-0.9346035112637371
-0.9736536933829849
-1.13703884561772
-1.0320538511176325
-0.9716216166341922
-1.0173771419831417
-1.1807622942178768
-1.075777299717789
-1.015345065234349
-1.03668675379615
-1.200071906030885
-1.0950869115307975
-1.0346546770473575
-0.9529956632008605
-1.1163808154355956
-1.011395820935508
-0.9509635864520678
-0.9900137685713157
-1.1533989208060509
-1.0484139263059633
-0.9879816918225229
-1.1659746678309089
-1.3293598200656438
-1.2243748255655567
-1.1639425910821162
-1.1852842796439171
-1.3486694318786523
-1.243684437378565
-1.1832522028951247
-1.1015931890486277
-1.2649783412833628
-1.1599933467832753
-1.099561112299835
-1.1386112944190827
-1.3019964466538179
-1.1970114521537305
-1.1365792176702902
-1.1849184579573098
-1.3483036101920451
-1.2433186156919578
-1.1828863812085173
-1.2042280697703183
-1.3676132220050536
-1.262628227504966
-1.2021959930215258
-1.1205369791750286
-1.283922131409764
-1.1789371369096766
-1.118504902426236
-1.1575550845454836
-1.3209402367802192
-1.2159552422801314
-1.1555230077966914
-1.1967925029450812
-1.3601776551798166
-1.255192660679729
-1.1947604261962887
-1.2161021147580897
-1.3794872669928249
-1.2745022724927373
-1.2140700380092972
-1.1324110241628
-1.2957961763975352
-1.190811181897448
-1.1303789474140078
-1.1694291295332555
-1.3328142817679907
-1.227829287267903
-1.1673970527844628
-0.8450967558410181
-1.0084819080757532
-0.9034969135756656
-0.8430646790922255
-0.8644063676540266
-1.0277915198887617
-0.9228065253886741
-0.8623742909052338
-0.7807152770587369
-0.9441004292934722
-0.8391154347933846
-0.7786832003099442
-0.8177333824291921
-0.9811185346639272
-0.8761335401638396
-0.8157013056803993
-0.9936942816887853
-1.1570794339235204
-1.0520944394234328
-0.9916622049399925
-1.0130038935017938
-1.1763890457365287
-1.0714040512364411
-1.010971816753001
-0.929312802906504
-1.0926979551412392
-0.9877129606411515
-0.9272807261577114
-0.9663309082769591
-1.1297160605116943
-1.0247310660116067
-0.9642988315281665
-1.0126380718151862
-1.1760232240499213
-1.0710382295498337
-1.0106059950663935
-1.0319476836281947
-1.1953328358629298
-1.090347841362842
-1.029915606879402
-0.9482565930329051
-1.1116417452676401
-1.0066567507675526
-0.9462245162841124
-0.9852746984033601
-1.1486598506380952
-1.0436748561380076
-0.9832426216545677
-1.0245121168029578
-1.1878972690376928
-1.0829122745376054
-1.0224800400541652
-1.0438217286159663
-1.2072068808507013
-1.1022218863506137
-1.0417896518671736
-0.9601306380206766
-1.1235157902554116
-1.0185307957553242
-0.958098561271884
-0.9971487433911317
-1.1605338956258668
-1.0555489011257793
-0.9951166666423391
-0.7776062665029321
-0.9409914187376672
-0.8360064242375796
-0.7755741897541394
-0.7969158783159406
-0.9603010305506757
-0.8553160360505881
-0.7948838015671479
-0.713224787720651
-0.8766099399553862
-0.7716249454552986
-0.7111927109718583
-0.7502428930911059
-0.9136280453258413
-0.8086430508257536
-0.7482108163423133
-0.9262037923506992
-1.0895889445854343
-0.9846039500853467
-0.9241717156019065
-0.9455134041637077
-1.1088985563984428
-1.0039135618983552
-0.943481327414915
-0.8618223135684181
-1.0252074658031534
-0.9202224713030657
-0.8597902368196254
-0.8988404189388731
-1.0622255711736084
-0.9572405766735207
-0.8968083421900805
-0.9451475824771003
-1.1085327347118354
-1.0035477402117479
-0.9431155057283076
-0.9644571942901087
-1.127842346524844
-1.0228573520247564
-0.9624251175413161
-0.8807661036948191
-1.0441512559295545
-0.9391662614294667
-0.8787340269460265
-0.9177842090652742
-1.0811693613000093
-0.9761843667999218
-0.9157521323164814
-0.9570216274648718
-1.120406779699607
-1.0154217851995193
-0.954989550716079
-0.9763312392778803
-1.1397163915126154
-1.0347313970125278
-0.9742991625290877
-0.8926401486825907
-1.056025300917326
-0.9510403064172382
-0.8906080719337981
-0.9296582540530457
-1.093043406287781
-0.9880584117876933
-0.927626177304253
-0.9446815042029152
-1.1080666564376505
-1.0030816619375629
-0.9426494274541226
-0.9639911160159238
-1.1273762682506587
-1.0223912737505714
-0.961959039267131
-0.8803000254206341
-1.0436851776553693
-0.9387001831552818
-0.8782679486718414
-0.9173181307910891
-1.0807032830258243
-0.9757182885257368
-0.9152860540422966
-1.093279030050682
-1.2566641822854174
-1.15167918778533
-1.0912469533018898
-1.1125886418636908
-1.275973794098426
-1.1709887995983386
-1.110556565114898
-1.0288975512684013
-1.1922827035031365
-1.087297709003049
-1.0268654745196086
-1.0659156566388563
-1.2293008088735915
-1.124315814373504
-1.0638835798900637
-1.1122228201770834
-1.2756079724118186
-1.1706229779117312
-1.110190743428291
-1.131532431990092
-1.294917584224827
-1.1899325897247397
-1.1295003552412992
-1.0478413413948025
-1.2112264936295376
-1.1062414991294498
-1.0458092646460095
-1.0848594467652573
-1.2482445989999924
-1.143259604499905
-1.0828273700164646
-1.1240968651648549
-1.2874820173995898
-1.1824970228995026
-1.1220647884160624
-1.1434064769778634
-1.3067916292125983
-1.2018066347125111
-1.1413744002290709
-1.059715386382574
-1.223100538617309
-1.1181155441172215
-1.0576833096337812
-1.0967334917530287
-1.2601186439877639
-1.1551336494876765
-1.0947014150042362
-1.1404569403531857
-1.303842092587921
-1.1988570980878335
-1.138424863604393
-1.159766552166194
-1.3231517044009296
-1.2181667099008417
-1.1577344754174017
-1.0760754615709045
-1.2394606138056397
-1.134475619305552
-1.0740433848221118
-1.1130935669413595
-1.2764787191760947
-1.1714937246760073
-1.1110614901925673
-1.2890544662009527
-1.4524396184356878
-1.3474546239356007
-1.2870223894521604
-1.3083640780139614
-1.4717492302486965
-1.366764235748609
-1.3063320012651687
-1.2246729874186717
-1.3880581396534069
-1.2830731451533195
-1.2226409106698795
-1.261691092789127
-1.4250762450238619
-1.3200912505237745
-1.2596590160403343
-1.3079982563273542
-1.4713834085620894
-1.3663984140620016
-1.3059661795785615
-1.3273078681403625
-1.4906930203750977
-1.3857080258750103
-1.3252757913915698
-1.2436167775450726
-1.4070019297798082
-1.3020169352797206
-1.2415847007962804
-1.2806348829155279
-1.444020035150263
-1.3390350406501759
-1.2786028061667354
-1.3198723013151255
-1.4832574535498606
-1.378272459049773
-1.3178402245663328
-1.3391819131281337
-1.5025670653628689
-1.3975820708627815
-1.3371498363793415
-1.2554908225328443
-1.4188759747675794
-1.3138909802674918
-1.2534587457840518
-1.2925089279032993
-1.4558940801380345
-1.350909085637947
-1.2904768511545066
-0.9681765542110621
-1.1315617064457972
-1.0265767119457097
-0.9661444774622695
-0.9874861660240707
-1.1508713182588057
-1.0458863237587182
-0.9854540892752779
-0.9037950754287809
-1.0671802276635163
-0.9621952331634287
-0.9017629986799883
-0.940813180799236
-1.104198333033971
-0.9992133385338836
-0.9387811040504435
-1.1167740800588293
-1.2801592322935644
-1.175174237793477
-1.1147420033100368
-1.1360836918718378
-1.299468844106573
-1.1944838496064853
-1.134051615123045
-1.052392601276548
-1.2157777535112833
-1.110792759011196
-1.0503605245277554
-1.0894107066470033
-1.2527958588817385
-1.147810864381651
-1.0873786298982104
-1.1357178701852304
-1.2991030224199658
-1.1941180279198782
-1.1336857934364377
-1.155027481998239
-1.3184126342329743
-1.2134276397328867
-1.1529954052494462
-1.071336391402949
-1.2347215436376844
-1.1297365491375968
-1.0693043146541565
-1.1083544967734043
-1.2717396490081396
-1.1667546545080518
-1.1063224200246116
-1.1475919151730019
-1.310977067407737
-1.2059920729076494
-1.1455598384242094
-1.1669015269860104
-1.3302866792207453
-1.2253016847206581
-1.1648694502372179
-1.0832104363907207
-1.2465955886254558
-1.1416105941253685
-1.081178359641928
-1.1202285417611757
-1.2836136939959109
-1.1786286994958235
-1.1181964650123832
