-0.7954238657845354
-0.8304072771408417
-0.7809915650571015
-0.7918514809623856
-0.7547996640476324
-0.7897830754039388
-0.7403673633201986
-0.7512272792254826
-0.7950165132264623
-0.8299999245827687
-0.7805842124990285
-0.7914441284043126
-0.9401826901802327
-0.9751661015365392
-0.9257503894527987
-0.9366103053580828
-0.8891814669715774
-0.9241648783278839
-0.8747491662441437
-0.8856090821494277
-0.8485572652346745
-0.8835406765909809
-0.8341249645072407
-0.8449848804125247
-0.8887741144135044
-0.9237575257698107
-0.8743418136860706
-0.8852017295913546
-1.0339402913672748
-1.0689237027235812
-1.0195079906398408
-1.0303679065451248
-0.8262885652138726
-0.8612719765701791
-0.8118562644864389
-0.8227161803917229
-0.7856643634769697
-0.8206477748332761
-0.7712320627495359
-0.7820919786548199
-0.8258812126557995
-0.860864624012106
-0.8114489119283658
-0.8223088278336498
-0.9710473896095699
-1.0060308009658763
-0.956615088882136
-0.96747500478742
-0.8621626917275531
-0.8971461030838596
-0.8477303910001194
-0.8585903069054034
-0.8215384899906502
-0.8565219013469566
-0.8071061892632162
-0.8179661051685002
-0.86175533916948
-0.8967387505257864
-0.847323038442046
-0.85818295434733
-1.0069215161232503
-1.0419049274795567
-0.9924892153958164
-1.0033491313011003
-0.9910031463624206
-1.025986557718727
-0.9765708456349866
-0.9874307615402707
-0.9503789446255176
-0.9853623559818241
-0.9359466438980837
-0.9468065598033677
-0.9905957938043475
-1.0255792051606538
-0.9761634930769135
-0.9870234089821975
-1.135761970758118
-1.1707453821144242
-1.121329670030684
-1.132189585935968
-1.0847607475494627
-1.119744158905769
-1.0703284468220287
-1.0811883627273127
-1.0441365458125598
-1.079119957168866
-1.0297042450851257
-1.0405641609904097
-1.0843533949913895
-1.119336806347696
-1.0699210942639557
-1.0807810101692397
-1.22951957194516
-1.2645029833014663
-1.2150872712177259
-1.2259471871230099
-1.0218678457917578
-1.0568512571480642
-1.007435545064324
-1.018295460969608
-0.9812436440548549
-1.0162270554111612
-0.9668113433274209
-0.9776712592327049
-1.0214604932336848
-1.0564439045899912
-1.0070281925062508
-1.0178881084115348
-1.1666266701874553
-1.2016100815437616
-1.1521943694600212
-1.1630542853653052
-1.0577419723054384
-1.0927253836617448
-1.0433096715780044
-1.0541695874832884
-1.0171177705685355
-1.0521011819248418
-1.0026854698411014
-1.0135453857463854
-1.0573346197473652
-1.0923180311036718
-1.0429023190199314
-1.0537622349252154
-1.2025007967011356
-1.2374842080574422
-1.1880684959737018
-1.1989284118789858
-1.256655494774939
-1.2916389061312454
-1.242223194047505
-1.253083109952789
-1.2160312930380361
-1.2510147043943425
-1.201598992310602
-1.212458908215886
-1.2562481422168659
-1.2912315535731724
-1.241815841489432
-1.252675757394716
-1.4014143191706363
-1.4363977305269429
-1.3869820184432025
-1.3978419343484865
-1.350413095961981
-1.3853965073182875
-1.335980795234547
-1.346840711139831
-1.3097888942250782
-1.3447723055813845
-1.2953565934976443
-1.3062165094029283
-1.350005743403908
-1.3849891547602144
-1.335573442676474
-1.346433358581758
-1.4951719203576785
-1.5301553317139849
-1.4807396196302445
-1.4915995355355285
-1.2875201942042762
-1.3225036055605828
-1.2730878934768424
-1.2839478093821264
-1.2468959924673733
-1.2818794038236798
-1.2324636917399394
-1.2433236076452234
-1.2871128416462032
-1.3220962530025095
-1.2726805409187691
-1.2835404568240532
-1.4322790185999736
-1.46726242995628
-1.4178467178725396
-1.4287066337778236
-1.3233943207179566
-1.358377732074263
-1.3089620199905228
-1.3198219358958068
-1.2827701189810539
-1.3177535303373602
-1.2683378182536198
-1.2791977341589038
-1.3229869681598836
-1.3579703795161902
-1.3085546674324497
-1.3194145833377338
-1.468153145113654
-1.5031365564699606
-1.4537208443862202
-1.4645807602915042
-1.062376044571071
-1.0973594559273774
-1.047943743843637
-1.058803659748921
-1.021751842834168
-1.0567352541904744
-1.007319542106734
-1.018179458012018
-1.0619686920129978
-1.0969521033693044
-1.047536391285564
-1.058396307190848
-1.2071348689667682
-1.2421182803230748
-1.1927025682393344
-1.2035624841446184
-1.156133645758113
-1.1911170571144196
-1.1417013450306792
-1.1525612609359632
-1.1155094440212099
-1.1504928553775164
-1.101077143293776
-1.11193705919906
-1.1557262932000398
-1.1907097045563462
-1.141293992472606
-1.15215390837789
-1.3008924701538103
-1.3358758815101166
-1.2864601694263764
-1.2973200853316604
-1.0932407440004082
-1.1282241553567147
-1.0788084432729743
-1.0896683591782583
-1.0526165422635052
-1.0875999536198118
-1.0381842415360714
-1.0490441574413554
-1.0928333914423352
-1.1278168027986415
-1.0784010907149013
-1.0892610066201853
-1.2379995683961056
-1.272982979752412
-1.2235672676686717
-1.2344271835739558
-1.1291148705140885
-1.164098281870395
-1.1146825697866547
-1.1255424856919387
-1.0884906687771856
-1.1234740801334921
-1.0740583680497517
-1.0849182839550358
-1.1287075179560155
-1.1636909293123219
-1.1142752172285815
-1.1251351331338655
-1.273873694909786
-1.3088571062660923
-1.259441394182352
-1.270301310087636
-0.6871747833035491
-0.7221581946598556
-0.6727424825761154
-0.6836023984813994
-0.6465505815666461
-0.6815339929229525
-0.6321182808392123
-0.6429781967444963
-0.6867674307454761
-0.7217508421017825
-0.6723351300180422
-0.6831950459233262
-0.8319336076992464
-0.8669170190555529
-0.8175013069718127
-0.8283612228770967
-0.7809323844905911
-0.8159157958468976
-0.7665000837631574
-0.7773599996684414
-0.7403081827536881
-0.7752915941099946
-0.7258758820262544
-0.7367357979315384
-0.7805250319325181
-0.8155084432888244
-0.7660927312050843
-0.7769526471103683
-0.9256912088862885
-0.9606746202425949
-0.9112589081588547
-0.9221188240641387
-0.7180394827328864
-0.7530228940891929
-0.7036071820054526
-0.7144670979107366
-0.6774152809959834
-0.7123986923522898
-0.6629829802685496
-0.6738428961738336
-0.7176321301748132
-0.7526155415311196
-0.7031998294473795
-0.7140597453526635
-0.8627983071285836
-0.8977817184848901
-0.8483660064011499
-0.8592259223064339
-0.7539136092465668
-0.7888970206028733
-0.7394813085191331
-0.7503412244244171
-0.7132894075096639
-0.7482728188659703
-0.6988571067822301
-0.7097170226875141
-0.7535062566884937
-0.7884896680448001
-0.73907395596106
-0.749933871866344
-0.8986724336422641
-0.9336558449985706
-0.8842401329148304
-0.8951000488201144
-0.8827540638814343
-0.9177374752377407
-0.8683217631540006
-0.8791816790592846
-0.8421298621445313
-0.8771132735008378
-0.8276975614170976
-0.8385574773223816
-0.8823467113233612
-0.9173301226796676
-0.8679144105959274
-0.8787743265012115
-1.0275128882771316
-1.062496299633438
-1.0130805875496978
-1.0239405034549818
-0.9765116650684764
-1.0114950764247828
-0.9620793643410425
-0.9729392802463265
-0.9358874633315735
-0.9708708746878798
-0.9214551626041395
-0.9323150785094235
-0.9761043125104033
-1.0110877238667098
-0.9616720117829693
-0.9725319276882534
-1.1212704894641736
-1.1562539008204802
-1.1068381887367398
-1.1176981046420238
-0.9136187633107715
-0.948602174667078
-0.8991864625833378
-0.9100463784886218
-0.8729945615738686
-0.907977972930175
-0.8585622608464348
-0.8694221767517188
-0.9132114107526984
-0.9481948221090049
-0.8987791100252647
-0.9096390259305487
-1.058377587706469
-1.0933609990627753
-1.0439452869790349
-1.054805202884319
-0.949492889824452
-0.9844763011807585
-0.9350605890970181
-0.9459205050023021
-0.9088686880875491
-0.9438520994438555
-0.8944363873601151
-0.9052963032653991
-0.9490855372663789
-0.9840689486226853
-0.934653236538945
-0.9455131524442291
-1.094251714220149
-1.1292351255764557
-1.0798194134927153
-1.0906793293979993
-1.1484064122939528
-1.1833898236502591
-1.1339741115665187
-1.1448340274718027
-1.1077822105570498
-1.1427656219133562
-1.0933499098296158
-1.1042098257348998
-1.1479990597358798
-1.1829824710921861
-1.133566759008446
-1.14442667491373
-1.2931652366896502
-1.3281486480459566
-1.2787329359622164
-1.2895928518675004
-1.2421640134809948
-1.2771474248373011
-1.227731712753561
-1.238591628658845
-1.2015398117440919
-1.2365232231003982
-1.187107511016658
-1.197967426921942
-1.2417566609229218
-1.2767400722792281
-1.2273243601954877
-1.2381842761007718
-1.3869228378766922
-1.4219062492329986
-1.3724905371492582
-1.3833504530545422
-1.17927111172329
-1.2142545230795965
-1.164838810995856
-1.17569872690114
-1.138646909986387
-1.1736303213426935
-1.1242146092589531
-1.1350745251642371
-1.1788637591652171
-1.2138471705215235
-1.164431458437783
-1.175291374343067
-1.3240299361189876
-1.359013347475294
-1.3095976353915535
-1.3204575512968375
-1.2151452382369705
-1.2501286495932769
-1.2007129375095364
-1.2115728534148205
-1.1745210365000673
-1.2095044478563737
-1.1600887357726335
-1.1709486516779175
-1.2147378856788973
-1.2497212970352038
-1.2003055849514634
-1.2111655008567475
-1.3599040626326677
-1.3948874739889743
-1.3454717619052339
-1.3563316778105179
-0.9541269620900847
-0.9891103734463911
-0.9396946613626508
-0.9505545772679348
-0.9135027603531818
-0.9484861717094881
-0.8990704596257478
-0.9099303755310318
-0.9537196095320116
-0.9887030208883181
-0.9392873088045777
-0.9501472247098617
-1.098885786485782
-1.1338691978420885
-1.084453485758348
-1.0953134016636321
-1.0478845632771268
-1.0828679746334333
-1.033452262549693
-1.044312178454977
-1.0072603615402238
-1.0422437728965304
-0.99282806081279
-1.003687976718074
-1.0474772107190535
-1.0824606220753599
-1.0330449099916197
-1.0439048258969037
-1.192643387672824
-1.2276267990291303
-1.1782110869453901
-1.1890710028506741
-0.984991661519422
-1.0199750728757284
-0.970559360791988
-0.981419276697272
-0.944367459782519
-0.9793508711388255
-0.9299351590550851
-0.9407950749603691
-0.9845843089613489
-1.0195677203176552
-0.9701520082339149
-0.9810119241391989
-1.1297504859151193
-1.1647338972714256
-1.1153181851876854
-1.1261781010929695
-1.0208657880331022
-1.0558491993894088
-1.0064334873056684
-1.0172934032109524
-0.9802415862961993
-1.0152249976525058
-0.9658092855687654
-0.9766692014740495
-1.0204584354750292
-1.0554418468313356
-1.0060261347475952
-1.0168860506528792
-1.1656246124287997
-1.200608023785106
-1.1511923117013656
-1.1620522276066496
-0.8193177859327736
-0.85430119728908
-0.8048854852053399
-0.8157454011106239
-0.7786935841958706
-0.8136769955521771
-0.7642612834684369
-0.7751211993737209
-0.8189104333747006
-0.8538938447310069
-0.8044781326472668
-0.8153380485525508
-0.964076610328471
-0.9990600216847774
-0.9496443096010371
-0.9605042255063211
-0.9130753871198157
-0.9480587984761222
-0.898643086392382
-0.909503002297666
-0.8724511853829128
-0.9074345967392192
-0.858018884655479
-0.868878800560763
-0.9126680345617426
-0.9476514459180491
-0.8982357338343089
-0.9090956497395929
-1.0578342115155128
-1.0928176228718194
-1.043401910788079
-1.054261826693363
-0.8501824853621109
-0.8851658967184173
-0.8357501846346771
-0.8466101005399611
-0.809558283625208
-0.8445416949815143
-0.7951259828977741
-0.8059858988030582
-0.8497751328040378
-0.8847585441603443
-0.8353428320766041
-0.8462027479818881
-0.9949413097578083
-1.0299247211141147
-0.9805090090303743
-0.9913689249356583
-0.8860566118757914
-0.9210400232320979
-0.8716243111483575
-0.8824842270536415
-0.8454324101388883
-0.8804158214951949
-0.8310001094114545
-0.8418600253167385
-0.8856492593177183
-0.9206326706740248
-0.8712169585902844
-0.8820768744955684
-1.0308154362714885
-1.065798847627795
-1.0163831355440547
-1.0272430514493387
-1.014897066510659
-1.0498804778669653
-1.0004647657832249
-1.0113246816885089
-0.974272864773756
-1.0092562761300623
-0.959840564046322
-0.970700479951606
-1.014489713952586
-1.0494731253088925
-1.000057413225152
-1.010917329130436
-1.1596558909063561
-1.1946393022626627
-1.1452235901789223
-1.1560835060842063
-1.108654667697701
-1.1436380790540075
-1.094222366970267
-1.105082282875551
-1.068030465960798
-1.1030138773171045
-1.0535981652333641
-1.0644580811386481
-1.108247315139628
-1.1432307264959343
-1.0938150144121939
-1.1046749303174779
-1.2534134920933984
-1.2883969034497047
-1.2389811913659643
-1.2498411072712483
-1.045761765939996
-1.0807451772963026
-1.0313294652125622
-1.0421893811178462
-1.005137564203093
-1.0401209755593996
-0.9907052634756592
-1.0015651793809432
-1.0453544133819233
-1.0803378247382296
-1.0309221126544892
-1.0417820285597732
-1.1905205903356935
-1.2255040016919998
-1.1760882896082596
-1.1869482055135436
-1.0816358924536766
-1.116619303809983
-1.0672035917262428
-1.0780635076315268
-1.0410116907167737
-1.07599510207308
-1.0265793899893398
-1.0374393058946239
-1.0812285398956036
-1.11621195125191
-1.0667962391681696
-1.0776561550734536
-1.2263947168493738
-1.2613781282056802
-1.2119624161219398
-1.2228223320272238
-1.2805494149231773
-1.3155328262794836
-1.2661171141957435
-1.2769770301010275
-1.2399252131862744
-1.2749086245425807
-1.2254929124588405
-1.2363528283641245
-1.2801420623651043
-1.3151254737214106
-1.2657097616376702
-1.2765696775429543
-1.4253082393188747
-1.460291650675181
-1.4108759385914407
-1.4217358544967247
-1.3743070161102193
-1.4092904274665259
-1.3598747153827855
-1.3707346312880695
-1.3336828143733164
-1.3686662257296227
-1.3192505136458823
-1.3301104295511663
-1.373899663552146
-1.4088830749084527
-1.3594673628247123
-1.3703272787299963
-1.5190658405059165
-1.554049251862223
-1.5046335397784827
-1.5154934556837667
-1.3114141143525146
-1.346397525708821
-1.2969818136250806
-1.3078417295303646
-1.2707899126156117
-1.305773323971918
-1.2563576118881776
-1.2672175277934616
-1.3110067617944414
-1.345990173150748
-1.2965744610670076
-1.3074343769722916
-1.4561729387482119
-1.4911563501045184
-1.441740638020778
-1.452600553926062
-1.347288240866195
-1.3822716522225016
-1.3328559401387612
-1.3437158560440452
-1.3066640391292919
-1.3416474504855984
-1.292231738401858
-1.303091654307142
-1.3468808883081218
-1.3818642996644281
-1.332448587580688
-1.343308503485972
-1.4920470652618922
-1.5270304766181986
-1.4776147645344584
-1.4884746804397424
-1.0862699647193093
-1.1212533760756158
-1.0718376639918754
-1.0826975798971594
-1.045645762982406
-1.0806291743387126
-1.0312134622549722
-1.0420733781602562
-1.0858626121612363
-1.1208460235175426
-1.0714303114338022
-1.0822902273390862
-1.2310287891150065
-1.2660122004713128
-1.2165964883875726
-1.2274564042928566
-1.1800275659063513
-1.2150109772626576
-1.1655952651789172
-1.1764551810842012
-1.1394033641694485
-1.1743867755257549
-1.1249710634420145
-1.1358309793472985
-1.179620213348278
-1.2146036247045846
-1.1651879126208442
-1.1760478285261282
-1.3247863903020485
-1.359769801658355
-1.3103540895746146
-1.3212140054798986
-1.1171346641486466
-1.152118075504953
-1.1027023634212125
-1.1135622793264965
-1.0765104624117436
-1.11149387376805
-1.0620781616843096
-1.0729380775895936
-1.1167273115905734
-1.15171072294688
-1.1022950108631395
-1.1131549267684235
-1.2618934885443438
-1.2968768999006501
-1.2474611878169097
-1.2583211037221937
-1.153008790662327
-1.1879922020186333
-1.138576489934893
-1.149436405840177
-1.112384588925424
-1.1473680002817306
-1.0979522881979902
-1.1088122041032742
-1.152601438104254
-1.1875848494605603
-1.1381691373768201
-1.1490290532821041
-1.2977676150580242
-1.3327510264143307
-1.2833353143305903
-1.2941952302358743
-0.9257535431609965
-0.9607369545173029
-0.9113212424335627
-0.9221811583388467
-0.8851293414240935
-0.9201127527804
-0.8706970406966598
-0.8815569566019438
-0.9253461906029233
-0.9603296019592298
-0.9109138898754896
-0.9217738057807736
-1.0705123675566937
-1.105495778913
-1.0560800668292596
-1.0669399827345436
-1.0195111443480385
-1.0544945557043448
-1.0050788436206044
-1.0159387595258884
-0.9788869426111356
-1.013870353967442
-0.9644546418837017
-0.9753145577889857
-1.0191037917899655
-1.0540872031462718
-1.0046714910625316
-1.0155314069678156
-1.1642699687437357
-1.1992533801000422
-1.1498376680163018
-1.1606975839215858
-0.9566182425903337
-0.9916016539466401
-0.9421859418629
-0.953045857768184
-0.9159940408534307
-0.9509774522097372
-0.901561740125997
-0.912421656031281
-0.9562108900322606
-0.991194301388567
-0.9417785893048268
-0.9526385052101108
-1.1013770669860308
-1.1363604783423373
-1.086944766258597
-1.097804682163881
-0.9924923691040141
-1.0274757804603205
-0.9780600683765801
-0.9889199842818641
-0.9518681673671111
-0.9868515787234176
-0.9374358666396774
-0.9482957825449614
-0.9920850165459412
-1.0270684279022475
-0.9776527158185072
-0.9885126317237912
-1.1372511934997116
-1.172234604856018
-1.1228188927722775
-1.1336788086775615
-1.1213328237388818
-1.156316235095188
-1.1069005230114477
-1.1177604389167317
-1.0807086220019788
-1.1156920333582852
-1.0662763212745447
-1.0771362371798288
-1.1209254711808085
-1.155908882537115
-1.1064931704533747
-1.1173530863586587
-1.266091648134579
-1.3010750594908855
-1.2516593474071451
-1.2625192633124291
-1.2150904249259238
-1.2500738362822301
-1.20065812419849
-1.211518040103774
-1.1744662231890208
-1.2094496345453272
-1.160033922461587
-1.170893838366871
-1.2146830723678506
-1.249666483724157
-1.2002507716404165
-1.2111106875457005
-1.3598492493216212
-1.3948326606779275
-1.3454169485941871
-1.3562768644994712
-1.1521975231682189
-1.1871809345245254
-1.137765222440785
-1.148625138346069
-1.111573321431316
-1.1465567327876225
-1.097141020703882
-1.108000936609166
-1.1517901706101459
-1.1867735819664522
-1.1373578698827118
-1.1482177857879958
-1.2969563475639163
-1.3319397589202226
-1.2825240468364822
-1.2933839627417663
-1.1880716496818995
-1.2230550610382058
-1.1736393489544654
-1.1844992648597494
-1.1474474479449965
-1.1824308593013029
-1.1330151472175625
-1.1438750631228465
-1.1876642971238263
-1.2226477084801326
-1.1732319963963922
-1.1840919123016762
-1.3328304740775967
-1.3678138854339033
-1.3183981733501628
-1.3292580892554469
-1.3869851721514002
-1.4219685835077065
-1.372552871423966
-1.38341278732925
-1.3463609704144972
-1.3813443817708035
-1.3319286696870631
-1.3427885855923472
-1.386577819593327
-1.4215612309496335
-1.372145518865893
-1.383005434771177
-1.5317439965470974
-1.566727407903404
-1.5173116958196635
-1.5281716117249475
-1.480742773338442
-1.5157261846947485
-1.466310472611008
-1.4771703885162921
-1.4401185716015392
-1.4751019829578458
-1.4256862708741054
-1.4365461867793894
-1.4803354207803692
-1.5153188321366755
-1.465903120052935
-1.4767630359582191
-1.6255015977341394
-1.660485009090446
-1.6110692970067055
-1.6219292129119895
-1.4178498715807373
-1.4528332829370438
-1.4034175708533034
-1.4142774867585874
-1.3772256698438343
-1.4122090812001409
-1.3627933691164005
-1.3736532850216845
-1.4174425190226643
-1.4524259303789706
-1.4030102182952304
-1.4138701342005144
-1.5626086959764347
-1.597592107332741
-1.5481763952490009
-1.5590363111542849
-1.4537239980944179
-1.4887074094507242
-1.439291697366984
-1.450151613272268
-1.4130997963575147
-1.4480832077138213
-1.3986674956300809
-1.4095274115353649
-1.4533166455363447
-1.488300056892651
-1.4388843448089106
-1.4497442607141946
-1.598482822490115
-1.6334662338464212
-1.584050521762681
-1.594910437667965
-1.192705721947532
-1.2276891333038384
-1.1782734212200983
-1.1891333371253823
-1.1520815202106292
-1.1870649315669355
-1.1376492194831953
-1.1485091353884793
-1.192298369389459
-1.2272817807457654
-1.177866068662025
-1.188725984567309
-1.3374645463432293
-1.3724479576995356
-1.3230322456157952
-1.3338921615210793
-1.2864633231345741
-1.3214467344908805
-1.27203102240714
-1.282890938312424
-1.2458391213976712
-1.2808225327539775
-1.231406820670237
-1.2422667365755211
-1.286055970576501
-1.3210393819328075
-1.271623669849067
-1.282483585754351
-1.4312221475302713
-1.4662055588865779
-1.4167898468028375
-1.4276497627081215
-1.2235704213768694
-1.2585538327331758
-1.2091381206494354
-1.2199980365547194
-1.1829462196399665
-1.2179296309962728
-1.1685139189125324
-1.1793738348178164
-1.2231630688187962
-1.2581464801751028
-1.2087307680913624
-1.2195906839966464
-1.3683292457725664
-1.403312657128873
-1.3538969450451326
-1.3647568609504166
-1.2594445478905496
-1.2944279592468562
-1.2450122471631158
-1.2558721630683998
-1.2188203461536466
-1.2538037575099532
-1.2043880454262128
-1.2152479613314968
-1.2590371953324766
-1.294020606688783
-1.2446048946050428
-1.2554648105103268
-1.404203372286247
-1.4391867836425534
-1.3897710715588132
-1.4006309874640972
