-1.1298601837916462
-1.2932453360263814
-1.1882603415262942
-1.127828107042854
-1.0744790651867777
-1.2378642174215129
-1.1328792229214253
-1.072446988437985
-1.0411118358707556
-1.2044969881054908
-1.0995119936054032
-1.0390797591219632
-0.9672075606022257
-1.130592712836961
-1.0256077183368733
-0.965175483853433
-1.2431729218473988
-1.4065580740821337
-1.3015730795820462
-1.2411408450986061
-1.1877918032425299
-1.3511769554772648
-1.2461919609771774
-1.1857597264937374
-1.1544245739265078
-1.317809726161243
-1.2128247316611553
-1.1523924971777153
-1.0805202986579778
-1.2439054508927128
-1.1389204563926256
-1.0784882219091854
-1.115629215088249
-1.2790143673229841
-1.174029372822897
-1.1135971383394567
-1.0602480964833803
-1.2236332487181154
-1.1186482542180278
-1.0582160197345878
-1.0268808671673584
-1.1902660194020933
-1.085281024902006
-1.0248487904185657
-0.9529765918988284
-1.1163617441335636
-1.011376749633476
-0.9509445151500358
-0.9985002773663093
-1.1618854296010446
-1.056900435100957
-0.9964682006175167
-0.9431191587614405
-1.1065043109961756
-1.0015193164960883
-0.941087082012648
-0.9097519294454185
-1.0731370816801538
-0.9681520871800661
-0.9077198526966258
-0.8358476541768886
-0.9992328064116237
-0.8942478119115361
-0.833815577428096
-1.0038455079034054
-1.1672306601381406
-1.062245665638053
-1.0018134311546127
-0.9484643892985366
-1.1118495415332716
-1.0068645470331843
-0.946432312549744
-0.9150971599825147
-1.0784823122172498
-0.9734973177171622
-0.9130650832337219
-0.8411928847139847
-1.0045780369487198
-0.8995930424486321
-0.839160807965192
-1.1171582459591576
-1.2805433981938927
-1.1755584036938054
-1.1151261692103651
-1.0617771273542889
-1.225162279589024
-1.1201772850889364
-1.0597450506054962
-1.0284098980382668
-1.191795050273002
-1.0868100557729146
-1.0263778212894743
-0.9545056227697369
-1.117890775004472
-1.0129057805043844
-0.9524735460209441
-0.9896145392000082
-1.1529996914347431
-1.0480146969346555
-0.9875824624512154
-0.9342334205951394
-1.0976185728298744
-0.9926335783297869
-0.9322013438463466
-0.9008661912791174
-1.0642513435138523
-0.959266349013765
-0.8988341145303246
-0.8269619160105873
-0.9903470682453225
-0.8853620737452349
-0.8249298392617946
-0.8724856014780683
-1.0358707537128036
-0.9308857592127159
-0.8704535247292756
-0.8171044828731995
-0.9804896351079347
-0.875504640607847
-0.815072406124407
-0.7837372535571775
-0.9471224057919126
-0.8421374112918251
-0.7817051768083849
-0.7098329782886474
-0.8732181305233827
-0.768233136023295
-0.7078009015398549
-1.2133773183161496
-1.376762470550885
-1.2717774760507976
-1.2113452415673573
-1.1579961997112809
-1.3213813519460162
-1.2163963574459287
-1.1559641229624882
-1.124628970395259
-1.288014122629994
-1.1830291281299066
-1.1225968936464663
-1.050724695126729
-1.214109847361464
-1.1091248528613766
-1.0486926183779364
-1.326690056371902
-1.490075208606637
-1.3850902141065495
-1.3246579796231093
-1.271308937767033
-1.434694090001768
-1.3297090955016806
-1.2692768610182408
-1.2379417084510111
-1.401326860685746
-1.296341866185659
-1.2359096317022185
-1.1640374331824814
-1.3274225854172164
-1.2224375909171288
-1.1620053564336885
-1.1991463496127526
-1.3625315018474875
-1.2575465073474001
-1.19711427286396
-1.1437652310078834
-1.3071503832426188
-1.2021653887425316
-1.141733154259091
-1.1103980016918615
-1.273783153926597
-1.1687981594265093
-1.108365924943069
-1.0364937264233316
-1.1998788786580667
-1.0948938841579794
-1.0344616496745391
-1.0820174118908126
-1.2454025641255477
-1.1404175696254601
-1.0799853351420199
-1.0266362932859439
-1.190021445520679
-1.0850364510205914
-1.0246042165371512
-0.9932690639699218
-1.156654216204657
-1.0516692217045693
-0.9912369872211291
-0.9193647887013918
-1.0827499409361272
-0.9777649464360394
-0.9173327119525994
-0.7720172081382516
-0.9354023603729867
-0.8304173658728992
-0.7699851313894589
-0.7166360895333828
-0.8800212417681179
-0.7750362472680303
-0.7146040127845902
-0.6832688602173608
-0.846654012452096
-0.7416690179520083
-0.6812367834685681
-0.6093645849488308
-0.7727497371835661
-0.6677647426834784
-0.6073325082000383
-0.8853299461940037
-1.048715098428739
-0.9437301039286513
-0.8832978694452112
-0.8299488275891349
-0.9933339798238701
-0.8883489853237825
-0.8279167508403423
-0.7965815982731129
-0.9599667505078482
-0.8549817560077605
-0.7945495215243203
-0.722677323004583
-0.8860624752393182
-0.7810774807392306
-0.7206452462557903
-0.7577862394348542
-0.9211713916695895
-0.8161863971695017
-0.7557541626860617
-0.7024051208299854
-0.8657902730647206
-0.760805278564633
-0.7003730440811928
-0.6690378915139635
-0.8324230437486987
-0.727438049248611
-0.6670058147651707
-0.5951336162454336
-0.7585187684801687
-0.6535337739800812
-0.5931015394966409
-0.6406573017129145
-0.8040424539476497
-0.699057459447562
-0.6386252249641218
-0.5852761831080454
-0.7486613353427809
-0.6436763408426933
-0.583244106359253
-0.5519089537920235
-0.7152941060267588
-0.6103091115266712
-0.549876877043231
-0.47800467852349365
-0.641389830758229
-0.5364048362581413
-0.47597260177470113
-1.1571456796391204
-1.3205308318738558
-1.215545837373768
-1.1551136028903277
-1.1017645610342515
-1.2651497132689866
-1.1601647187688993
-1.0997324842854588
-1.0683973317182296
-1.2317824839529647
-1.1267974894528772
-1.0663652549694371
-0.9944930564496997
-1.1578782086844348
-1.0528932141843472
-0.9924609797009071
-1.2704584176948726
-1.4338435699296077
-1.3288585754295204
-1.2684263409460803
-1.215077299090004
-1.378462451324739
-1.2734774568246514
-1.2130452223412111
-1.1817100697739817
-1.3450952220087167
-1.2401102275086295
-1.1796779930251893
-1.107805794505452
-1.271190946740187
-1.1662059522400994
-1.1057737177566591
-1.1429147109357232
-1.3062998631704583
-1.201314868670371
-1.1408826341869305
-1.0875335923308542
-1.2509187445655894
-1.145933750065502
-1.0855015155820618
-1.0541663630148321
-1.2175515152495675
-1.1125665207494797
-1.0521342862660397
-0.9802620877463024
-1.1436472399810376
-1.03866224548095
-0.9782300109975097
-1.0257857732137834
-1.1891709254485183
-1.0841859309484307
-1.0237536964649907
-0.9704046546089146
-1.1337898068436496
-1.028804812343562
-0.9683725778601218
-0.9370374252928925
-1.1004225775276277
-0.9954375830275402
-0.9350053485440999
-0.8631331500243625
-1.0265183022590978
-0.9215333077590101
-0.86110107327557
-1.0311310037508794
-1.1945161559856143
-1.089531161485527
-1.0290989270020867
-0.9757498851460106
-1.1391350373807458
-1.0341500428806583
-0.9737178083972179
-0.9423826558299885
-1.1057678080647235
-1.0007828135646362
-0.9403505790811959
-0.8684783805614587
-1.0318635327961938
-0.9268785382961062
-0.866446303812666
-1.1444437418066316
-1.3078288940413667
-1.2028438995412791
-1.142411665057839
-1.0890626232017626
-1.2524477754364978
-1.1474627809364104
-1.08703054645297
-1.0556953938857407
-1.219080546120476
-1.114095551620388
-1.053663317136948
-0.9817911186172109
-1.145176270851946
-1.0401912763518584
-0.9797590418684181
-1.016900035047482
-1.180285187282217
-1.0753001927821295
-1.0148679582986895
-0.9615189164426131
-1.1249040686773484
-1.0199190741772608
-0.9594868396938206
-0.9281516871265912
-1.0915368393613263
-0.9865518448612388
-0.9261196103777986
-0.8542474118580613
-1.0176325640927966
-0.9126475695927089
-0.8522153351092687
-0.8997710973255423
-1.0631562495602773
-0.9581712550601899
-0.8977390205767496
-0.8443899787206736
-1.0077751309554086
-0.9027901364553211
-0.8423579019718808
-0.8110227494046515
-0.9744079016393866
-0.8694229071392989
-0.8089906726558588
-0.7371184741361215
-0.9005036263708567
-0.7955186318707691
-0.7350863973873288
-1.2406628141636238
-1.4040479663983587
-1.2990629718982716
-1.238630737414831
-1.1852816955587548
-1.34866684779349
-1.2436818532934029
-1.1832496188099624
-1.1519144662427327
-1.3152996184774681
-1.2103146239773805
-1.14988238949394
-1.078010190974203
-1.2413953432089382
-1.1364103487088506
-1.0759781142254103
-1.3539755522193757
-1.5173607044541106
-1.4123757099540235
-1.3519434754705835
-1.2985944336145072
-1.4619795858492421
-1.356994591349155
-1.2965623568657145
-1.265227204298485
-1.4286123565332198
-1.3236273620331327
-1.2631951275496927
-1.1913229290299552
-1.3547080812646903
-1.2497230867646028
-1.1892908522811625
-1.2264318454602265
-1.3898169976949615
-1.2848320031948743
-1.2243997687114339
-1.1710507268553576
-1.334435879090093
-1.2294508845900054
-1.1690186501065651
-1.1376834975393355
-1.3010686497740707
-1.1960836552739833
-1.1356514207905428
-1.0637792222708056
-1.2271643745055407
-1.1221793800054531
-1.061747145522013
-1.1093029077382863
-1.2726880599730217
-1.1677030654729341
-1.107270830989494
-1.0539217891334178
-1.217306941368153
-1.1123219468680652
-1.0518897123846251
-1.0205545598173957
-1.1839397120521309
-1.0789547175520433
-1.018522483068603
-0.9466502845488659
-1.110035436783601
-1.0050504422835134
-0.9446182078000731
-0.7993027039857256
-0.9626878562204607
-0.8577028617203731
-0.797270627236933
-0.7439215853808567
-0.9073067376155919
-0.8023217431155043
-0.7418895086320642
-0.7105543560648346
-0.8739395082995699
-0.7689545137994822
-0.7085222793160422
-0.6366500807963047
-0.80003523303104
-0.6950502385309524
-0.6346180040475121
-0.9126154420414778
-1.0760005942762128
-0.9710155997761253
-0.9105833652926851
-0.8572343234366089
-1.020619475671344
-0.9156344811712565
-0.8552022466878163
-0.8238670941205869
-0.987252246355322
-0.8822672518552344
-0.8218350173717943
-0.749962818852057
-0.9133479710867921
-0.8083629765867045
-0.7479307421032644
-0.7850717352823282
-0.9484568875170634
-0.8434718930169758
-0.7830396585335355
-0.7296906166774594
-0.8930757689121945
-0.788090774412107
-0.7276585399286668
-0.6963233873614374
-0.8597085395961727
-0.7547235450960851
-0.6942913106126447
-0.6224191120929076
-0.7858042643276427
-0.680819269827555
-0.6203870353441148
-0.6679427975603883
-0.8313279497951236
-0.726342955295036
-0.6659107208115957
-0.6125616789555194
-0.7759468311902549
-0.6709618366901672
-0.6105296022067269
-0.5791944496394975
-0.7425796018742329
-0.6375946073741452
-0.5771623728907048
-0.5052901743709676
-0.6686753266057028
-0.5636903321056153
-0.5032580976221751
-1.0894141650719569
-1.2527993173066923
-1.1478143228066044
-1.0873820883231642
-1.0340330464670882
-1.197418198701823
-1.0924332042017357
-1.0320009697182955
-1.000665817151066
-1.1640509693858012
-1.0590659748857136
-0.9986337404022735
-0.9267615418825361
-1.0901466941172715
-0.9851616996171837
-0.9247294651337437
-1.202726903127709
-1.3661120553624442
-1.2611270608623568
-1.2006948263789168
-1.1473457845228405
-1.3107309367575755
-1.2057459422574879
-1.1453137077740476
-1.1139785552068182
-1.2773637074415531
-1.172378712941466
-1.1119464784580257
-1.0400742799382885
-1.2034594321730234
-1.098474437672936
-1.0380422031894958
-1.0751831963685596
-1.2385683486032948
-1.1335833541032077
-1.073151119619767
-1.019802077763691
-1.183187229998426
-1.0782022354983385
-1.0177700010148982
-0.9864348484476687
-1.149820000682404
-1.0448350061823164
-0.9844027716988762
-0.9125305731791389
-1.075915725413874
-0.9709307309137866
-0.9104984964303462
-0.9580542586466199
-1.1214394108813548
-1.0164544163812674
-0.9560221818978272
-0.902673140041751
-1.0660582922764863
-0.9610732977763986
-0.9006410632929583
-0.8693059107257289
-1.0326910629604642
-0.9277060684603767
-0.8672738339769364
-0.7954016354571991
-0.9587867876919344
-0.8538017931918467
-0.7933695587084064
-0.963399489183716
-1.1267846414184508
-1.0217996469183634
-0.9613674124349232
-0.9080183705788472
-1.0714035228135823
-0.9664185283134947
-0.9059862938300544
-0.8746511412628251
-1.0380362934975602
-0.9330512989974726
-0.8726190645140324
-0.8007468659942951
-0.9641320182290304
-0.8591470237289427
-0.7987147892455025
-1.076712227239468
-1.2400973794742032
-1.1351123849741156
-1.0746801504906756
-1.0213311086345993
-1.1847162608693342
-1.0797312663692469
-1.0192990318858066
-0.9879638793185773
-1.1513490315533124
-1.0463640370532248
-0.9859318025697845
-0.9140596040500474
-1.0774447562847826
-0.9724597617846948
-0.9120275273012547
-0.9491685204803185
-1.1125536727150538
-1.0075686782149662
-0.947136443731526
-0.8937874018754497
-1.0571725541101848
-0.9521875596100974
-0.8917553251266572
-0.8604201725594277
-1.023805324794163
-0.9188203302940753
-0.8583880958106351
-0.7865158972908978
-0.9499010495256329
-0.8449160550255453
-0.7844838205421052
-0.8320395827583787
-0.9954247349931139
-0.8904397404930263
-0.8300075060095862
-0.77665846415351
-0.9400436163882451
-0.8350586218881576
-0.7746263874047173
-0.7432912348374879
-0.9066763870722231
-0.8016913925721354
-0.7412591580886952
-0.6693869595689581
-0.8327721118036933
-0.7277871173036057
-0.6673548828201653
-1.1729312995964603
-1.3363164518311952
-1.231331457331108
-1.1708992228476676
-1.1175501809915915
-1.2809353332263267
-1.1759503387262393
-1.1155181042427988
-1.0841829516755692
-1.2475681039103046
-1.142583109410217
-1.0821508749267765
-1.0102786764070395
-1.1736638286417747
-1.068678834141687
-1.0082465996582468
-1.2862440376522124
-1.4496291898869473
-1.34464419538686
-1.28421196090342
-1.2308629190473437
-1.3942480712820786
-1.2892630767819915
-1.228830842298551
-1.1974956897313216
-1.3608808419660565
-1.2558958474659692
-1.1954636129825291
-1.1235914144627916
-1.2869765666975268
-1.1819915721974392
-1.1215593377139992
-1.158700330893063
-1.322085483127798
-1.2171004886277108
-1.1566682541442705
-1.103319212288194
-1.2667043645229294
-1.1617193700228419
-1.1012871355394016
-1.069951982972172
-1.2333371352069071
-1.1283521407068198
-1.0679199062233795
-0.9960477077036421
-1.1594328599383772
-1.0544478654382898
-0.9940156309548496
-1.041571393171123
-1.2049565454058582
-1.0999715509057706
-1.0395393164223306
-0.9861902745662543
-1.1495754268009895
-1.0445904323009019
-0.9841581978174616
-0.9528230452502322
-1.1162081974849676
-1.0112232029848798
-0.9507909685014396
-0.8789187699817024
-1.0423039222164374
-0.93731892771635
-0.8768866932329097
-0.731571189418562
-0.8949563416532972
-0.7899713471532096
-0.7295391126697695
-0.6761900708136932
-0.8395752230484284
-0.7345902285483408
-0.6741579940649006
-0.6428228414976711
-0.8062079937324065
-0.7012229992323188
-0.6407907647488786
-0.5689185662291413
-0.7323037184638765
-0.627318723963789
-0.5668864894803486
-0.8448839274743143
-1.0082690797090494
-0.9032840852089618
-0.8428518507255216
-0.7895028088694453
-0.9528879611041805
-0.8479029666040929
-0.7874707321206528
-0.7561355795534234
-0.9195207317881586
-0.8145357372880709
-0.7541035028046308
-0.6822313042848935
-0.8456164565196287
-0.7406314620195411
-0.6801992275361008
-0.7173402207151648
-0.8807253729498999
-0.7757403784498124
-0.715308143966372
-0.661959102110296
-0.8253442543450311
-0.7203592598449435
-0.6599270253615033
-0.628591872794274
-0.7919770250290091
-0.6869920305289215
-0.6265597960454812
-0.554687597525744
-0.7180727497604792
-0.6130877552603915
-0.5526555207769513
-0.6002112829932249
-0.7635964352279601
-0.6586114407278725
-0.5981792062444323
-0.544830164388356
-0.7082153166230913
-0.6032303221230036
-0.5427980876395634
-0.511462935072334
-0.6748480873070694
-0.5698630928069817
-0.5094308583235414
-0.43755865980380404
-0.6009438120385393
-0.4959588175384518
-0.4355265830550116
-1.1811351869195907
-1.344520339154326
-1.2395353446542383
-1.179103110170798
-1.125754068314722
-1.289139220549457
-1.1841542260493696
-1.1237219915659293
-1.0923868389986997
-1.2557719912334349
-1.1507869967333477
-1.090354762249907
-1.01848256373017
-1.1818677159649051
-1.0768827214648173
-1.0164504869813773
-1.2944479249753431
-1.457833077210078
-1.3528480827099905
-1.2924158482265504
-1.2390668063704742
-1.402451958605209
-1.2974669641051217
-1.2370347296216815
-1.2056995770544523
-1.3690847292891872
-1.2640997347890996
-1.2036675003056594
-1.1317953017859221
-1.295180454020657
-1.19019545952057
-1.1297632250371297
-1.1669042182161935
-1.3302893704509284
-1.2253043759508413
-1.164872141467401
-1.1115230996113246
-1.2749082518460597
-1.1699232573459724
-1.109491022862532
-1.0781558702953025
-1.2415410225300376
-1.1365560280299503
-1.07612379354651
-1.0042515950267725
-1.167636747261508
-1.0626517527614203
-1.0022195182779798
-1.0497752804942535
-1.2131604327289884
-1.1081754382289013
-1.047743203745461
-0.9943941618893848
-1.15777931412412
-1.0527943196240324
-0.9923620851405921
-0.9610269325733628
-1.124412084808098
-1.0194270903080105
-0.9589948558245701
-0.8871226573048329
-1.0505078095395681
-0.9455228150394803
-0.8850905805560402
-1.0551205110313497
-1.218505663266085
-1.1135206687659973
-1.053088434282557
-0.9997393924264809
-1.163124544661216
-1.0581395501611284
-0.9977073156776882
-0.9663721631104588
-1.129757315345194
-1.0247723208451065
-0.9643400863616662
-0.892467887841929
-1.0558530400766641
-0.9508680455765764
-0.8904358110931363
-1.1684332490871019
-1.331818401321837
-1.2268334068217495
-1.1664011723383092
-1.1130521304822332
-1.2764372827169683
-1.1714522882168807
-1.1110200537334405
-1.0796849011662109
-1.243070053400946
-1.1380850589008589
-1.0776528244174186
-1.0057806258976811
-1.1691657781324163
-1.0641807836323287
-1.0037485491488884
-1.0408895423279525
-1.2042746945626874
-1.0992897000625999
-1.0388574655791598
-0.9855084237230837
-1.1488935759578187
-1.0439085814577311
-0.9834763469742909
-0.9521411944070616
-1.1155263466417966
-1.010541352141709
-0.9501091176582689
-0.8782369191385316
-1.041622071373267
-0.9366370768731792
-0.876204842389739
-0.9237606046060126
-1.0871457568407477
-0.9821607623406602
-0.9217285278572198
-0.8683794860011438
-1.031764638235879
-0.9267796437357914
-0.8663474092523511
-0.8350122566851218
-0.998397408919857
-0.8934124144197694
-0.8329801799363291
-0.7611079814165918
-0.924493133651327
-0.8195081391512393
-0.7590759046677992
-1.2646523214440941
-1.4280374736788288
-1.3230524791787417
-1.2626202446953014
-1.2092712028392252
-1.3726563550739603
-1.2676713605738732
-1.2072391260904325
-1.175903973523203
-1.3392891257579385
-1.2343041312578507
-1.1738718967744106
-1.1019996982546731
-1.2653848504894085
-1.160399855989321
-1.0999676215058807
-1.377965059499846
-1.5413502117345812
-1.4363652172344936
-1.3759329827510534
-1.3225839408949773
-1.4859690931297123
-1.380984098629625
-1.3205518641461849
-1.2892167115789555
-1.4526018638136904
-1.347616869313603
-1.2871846348301628
-1.2153124363104255
-1.3786975885451604
-1.273712594045073
-1.213280359561633
-1.2504213527406969
-1.4138065049754316
-1.3088215104753442
-1.2483892759919042
-1.195040234135828
-1.3584253863705629
-1.2534403918704757
-1.1930081573870353
-1.1616730048198058
-1.325058157054541
-1.2200731625544536
-1.1596409280710132
-1.087768729551276
-1.251153881786011
-1.1461688872859237
-1.0857366528024834
-1.1332924150187569
-1.2966775672534918
-1.1916925727534045
-1.1312603382699642
-1.077911296413888
-1.241296448648623
-1.1363114541485357
-1.0758792196650953
-1.0445440670978658
-1.2079292193326012
-1.1029442248325134
-1.0425119903490734
-0.9706397918293361
-1.134024944064071
-1.0290399495639837
-0.9686077150805434
-0.8232922112661958
-0.986677363500931
-0.8816923690008435
-0.8212601345174032
-0.7679110926613271
-0.9312962448960622
-0.8263112503959746
-0.7658790159125343
-0.734543863345305
-0.8979290155800401
-0.7929440210799525
-0.7325117865965124
-0.6606395880767751
-0.8240247403115103
-0.7190397458114226
-0.6586075113279826
-0.936604949321948
-1.0999901015566833
-0.9950051070565956
-0.9345728725731554
-0.8812238307170792
-1.0446089829518144
-0.9396239884517268
-0.8791917539682864
-0.8478566014010572
-1.0112417536357923
-0.9062567591357047
-0.8458245246522645
-0.7739523261325273
-0.9373374783672624
-0.8323524838671748
-0.7719202493837346
-0.8090612425627984
-0.9724463947975337
-0.867461400297446
-0.807029165814006
-0.7536801239579296
-0.9170652761926649
-0.8120802816925772
-0.7516480472091371
-0.7203128946419076
-0.8836980468766428
-0.7787130523765552
-0.718280817893115
-0.6464086193733779
-0.809793771608113
-0.7048087771080255
-0.6443765426245851
-0.6919323048408587
-0.8553174570755939
-0.7503324625755063
-0.689900228092066
-0.6365511862359898
-0.7999363384707251
-0.6949513439706373
-0.6345191094871971
-0.6031839569199676
-0.7665691091547031
-0.6615841146546154
-0.6011518801711752
-0.5292796816514379
-0.6926648338861732
-0.5876798393860856
-0.5272476049026454
