-0.9347426374667552
-1.1123720379094861
-1.0073870434093986
-0.8903518469505247
-0.6388226404969708
-0.8164520409397018
-0.7114670464396141
-0.5944318499807405
-0.8484853695513696
-1.0261147699941007
-0.9211297754940131
-0.8040945790351393
-0.6991563431615545
-0.8767857436042855
-0.7718007491041978
-0.6547655526453241
-1.1479016170090792
-1.32553101745181
-1.2205460229517227
-1.1035108264928488
-0.8519816200392949
-1.029611020482026
-0.9246260259819383
-0.8075908295230645
-1.0616443490936935
-1.2392737495364246
-1.134288755036337
-1.0172535585774634
-0.9123153227038786
-1.0899447231466093
-0.9849597286465219
-0.8679245321876482
-0.9438816084464429
-1.121511008889174
-1.0165260143890864
-0.8994908179302127
-0.6479616114766586
-0.8255910119193896
-0.7206060174193019
-0.6035708209604282
-0.8576243405310574
-1.0352537409737883
-0.9302687464737008
-0.813233550014827
-0.7082953141412421
-0.8859247145839733
-0.7809397200838856
-0.6639045236250118
-1.0564366090445971
-1.2340660094873281
-1.1290810149872403
-1.0120458185283667
-0.7605166120748127
-0.9381460125175438
-0.8331610180174561
-0.7161258215585825
-0.9701793411292117
-1.1478087415719425
-1.0428237470718549
-0.9257885506129813
-0.8208503147393963
-0.9984797151821275
-0.8934947206820397
-0.776459524223166
-1.0239500676565445
-1.2015794680992753
-1.0965944735991877
-0.9795592771403141
-0.7280300706867601
-0.9056594711294912
-0.8006744766294035
-0.6836392801705298
-0.9376927997411588
-1.1153222001838898
-1.0103372056838023
-0.8933020092249285
-0.7883637733513438
-0.9659931737940747
-0.8610081792939872
-0.7439729828351134
-1.2371090471988684
-1.4147384476415996
-1.309753453141512
-1.1927182566826382
-0.9411890502290842
-1.1188184506718148
-1.0138334561717275
-0.8967982597128539
-1.1508517792834827
-1.3284811797262137
-1.2234961852261261
-1.1064609887672525
-1.0015227528936679
-1.1791521533363987
-1.074167158836311
-0.9571319623774375
-1.0330890386362324
-1.2107184390789631
-1.1057334445788756
-0.988698248120002
-0.7371690416664479
-0.9147984421091788
-0.8098134476090912
-0.6927782511502175
-0.9468317707208467
-1.1244611711635775
-1.0194761766634899
-0.9024409802046163
-0.7975027443310314
-0.9751321447737624
-0.870147150273675
-0.7531119538148011
-1.1456440392343865
-1.323273439677117
-1.21828844517703
-1.1012532487181559
-0.8497240422646022
-1.0273534427073332
-0.9223684482072455
-0.8053332517483717
-1.0593867713190008
-1.2370161717617316
-1.1320311772616443
-1.0149959808027706
-0.9100577449291856
-1.0876871453719166
-0.9827021508718291
-0.8656669544129553
-1.0807258367494816
-1.2583552371922127
-1.153370242692125
-1.0363350462332515
-0.7848058397796972
-0.9624352402224283
-0.8574502457223406
-0.740415049263467
-0.994468568834096
-1.172097969276827
-1.0671129747767396
-0.9500777783178658
-0.8451395424442809
-1.022768942887012
-0.9177839483869243
-0.8007487519280506
-1.2938848162918055
-1.4715142167345363
-1.366529222234449
-1.2494940257755753
-0.9979648193220215
-1.1755942197647522
-1.0706092252646646
-0.953574028805791
-1.20762754837642
-1.3852569488191506
-1.2802719543190633
-1.1632367578601897
-1.058298521986605
-1.2359279224293358
-1.1309429279292482
-1.0139077314703746
-1.089864807729169
-1.2674942081719003
-1.162509213671813
-1.045474017212939
-0.7939448107593851
-0.9715742112021161
-0.8665892167020284
-0.7495540202431548
-1.0036075398137838
-1.1812369402565146
-1.0762519457564272
-0.9592167492975535
-0.8542785134239688
-1.0319079138666996
-0.9269229193666122
-0.8098877229077384
-1.2024198083273234
-1.3800492087700542
-1.275064214269967
-1.1580290178110932
-0.9064998113575393
-1.0841292118002703
-0.9791442173001826
-0.862109020841309
-1.116162540411938
-1.2937919408546685
-1.1888069463545814
-1.0717717498957076
-0.966833514022123
-1.1444629144648537
-1.0394779199647664
-0.9224427235058925
-0.8289146078630716
-1.006544008305803
-0.9015590138057152
-0.7845238173468414
-0.5329946108932874
-0.7106240113360186
-0.6056390168359308
-0.4886038203770571
-0.7426573399476861
-0.9202867403904172
-0.8153017458903299
-0.6982665494314559
-0.5933283135578711
-0.770957714000602
-0.6659727195005145
-0.5489375230416407
-1.042073587405396
-1.2197029878481267
-1.1147179933480393
-0.9976827968891656
-0.7461535904356115
-0.9237829908783425
-0.8187979963782548
-0.7017627999193811
-0.9558163194900104
-1.1334457199327412
-1.0284607254326539
-0.9114255289737799
-0.8064872931001952
-0.9841166935429262
-0.8791316990428385
-0.7620965025839649
-0.8380535788427597
-1.0156829792854905
-0.910697984785403
-0.7936627883265291
-0.5421335818729751
-0.7197629823157062
-0.6147779878156185
-0.4977427913567449
-0.751796310927374
-0.929425711370105
-0.8244407168700173
-0.7074055204111437
-0.6024672845375589
-0.7800966849802897
-0.6751116904802023
-0.5580764940213285
-0.9506085794409139
-1.1282379798836446
-1.0232529853835572
-0.9062177889246834
-0.6546885824711295
-0.8323179829138605
-0.7273329884137728
-0.610297791954899
-0.8643513115255282
-1.0419807119682594
-0.9369957174681718
-0.819960521009298
-0.7150222851357132
-0.892651685578444
-0.7876666910783565
-0.6706314946194827
-0.8940566444054632
-1.071686044848194
-0.9667010503481066
-0.8496658538892329
-0.5981366474356787
-0.7757660478784099
-0.6707810533783222
-0.5537458569194484
-0.8077993764900775
-0.9854287769328086
-0.8804437824327209
-0.7634085859738472
-0.6584703501002624
-0.8360997505429936
-0.7311147560429059
-0.6140795595840319
-1.1072156239477873
-1.284845024390518
-1.1798600298904307
-1.0628248334315569
-0.8112956269780028
-0.9889250274207337
-0.8839400329206463
-0.7669048364617725
-1.0209583560324016
-1.1985877564751326
-1.093602761975045
-0.9765675655161713
-0.8716293296425864
-1.0492587300853173
-0.9442737355852296
-0.8272385391263561
-0.9031956153851508
-1.0808250158278816
-0.9758400213277942
-0.8588048248689205
-0.6072756184153666
-0.7849050188580975
-0.6799200243580098
-0.5628848278991361
-0.8169383474697651
-0.9945677479124962
-0.8895827534124088
-0.772547556953535
-0.6676093210799501
-0.8452387215226812
-0.7402537270225935
-0.6232185305637198
-1.015750615983305
-1.1933800164260362
-1.0883950219259486
-0.9713598254670747
-0.7198306190135206
-0.8974600194562518
-0.7924750249561641
-0.6754398284972903
-0.9294933480679196
-1.1071227485106505
-1.0021377540105627
-0.8851025575516893
-0.7801643216781042
-0.9577937221208354
-0.8528087276207477
-0.7357735311618739
-0.9832640745952524
-1.1608934750379836
-1.0559084805378958
-0.9388732840790222
-0.687344077625468
-0.8649734780681991
-0.7599884835681114
-0.6429532871092377
-0.8970068066798668
-1.0746362071225979
-0.9696512126225102
-0.8526160161636365
-0.7476777802900517
-0.9253071807327828
-0.8203221862326951
-0.7032869897738213
-1.1964230541375764
-1.3740524545803074
-1.2690674600802199
-1.1520322636213463
-0.9005030571677921
-1.078132457610523
-0.9731474631104355
-0.8561122666515618
-1.1101657862221908
-1.2877951866649218
-1.1828101921648344
-1.0657749957059606
-0.9608367598323757
-1.1384661602751067
-1.0334811657750191
-0.9164459693161454
-0.9924030455749403
-1.170032446017671
-1.0650474515175836
-0.9480122550587098
-0.6964830486051556
-0.8741124490478868
-0.7691274545477993
-0.6520922580889256
-0.9061457776595546
-1.0837751781022855
-0.978790183602198
-0.8617549871433243
-0.7568167512697396
-0.9344461517124704
-0.829461157212383
-0.712425960753509
-1.1049580461730943
-1.2825874466158254
-1.177602452115738
-1.060567255656864
-0.8090380492033098
-0.9866674496460413
-0.8816824551459536
-0.7646472586870795
-1.0187007782577089
-1.1963301787004397
-1.0913451842003523
-0.9743099877414785
-0.8693717518678935
-1.0470011523106246
-0.9420161578105369
-0.8249809613516632
-1.0400398436881895
-1.2176692441309205
-1.112684249630833
-0.9956490531719593
-0.7441198467184051
-0.9217492471611363
-0.8167642526610486
-0.6997290562021748
-0.9537825757728039
-1.131411976215535
-1.0264269817154477
-0.9093917852565738
-0.8044535493829889
-0.98208294982572
-0.8770979553256323
-0.7600627588667586
-1.2531988232305136
-1.4308282236732446
-1.3258432291731572
-1.2088080327142834
-0.9572788262607292
-1.13490822670346
-1.0299232322033727
-0.912888035744499
-1.166941555315128
-1.344570955757859
-1.2395859612577713
-1.1225507647988977
-1.0176125289253128
-1.1952419293680439
-1.0902569348679563
-0.9732217384090825
-1.0491788146678773
-1.2268082151106081
-1.1218232206105208
-1.004788024151647
-0.753258817698093
-0.9308882181408241
-0.8259032236407364
-0.7088680271818627
-0.9629215467524918
-1.1405509471952227
-1.035565952695135
-0.9185307562362615
-0.8135925203626767
-0.9912219208054078
-0.8862369263053201
-0.7692017298464464
-1.1617338152660317
-1.339363215708762
-1.234378221208675
-1.117343024749801
-0.8658138182962473
-1.0434432187389784
-0.9384582242388907
-0.821423027780017
-1.075476547350646
-1.2531059477933768
-1.1481209532932897
-1.0310857568344156
-0.9261475209608309
-1.1037769214035618
-0.9987919269034743
-0.8817567304446006
-0.7882286148017795
-0.9658580152445106
-0.8608730207444232
-0.7438378242855495
-0.4923086178319954
-0.6699380182747262
-0.5649530237746387
-0.447917827315765
-0.7019713468863941
-0.8796007473291252
-0.7746157528290375
-0.657580556370164
-0.552642320496579
-0.7302717209393099
-0.6252867264392225
-0.5082515299803487
-1.0013875943441037
-1.1790169947868347
-1.0740320002867472
-0.9569968038278736
-0.7054675973743194
-0.8830969978170505
-0.7781120033169628
-0.6610768068580891
-0.9151303264287182
-1.092759726871449
-0.9877747323713618
-0.8707395359124879
-0.7658013000389031
-0.9434307004816342
-0.8384457059815466
-0.7214105095226728
-0.7973675857814676
-0.9749969862241985
-0.870011991724111
-0.7529767952652371
-0.5014475888116832
-0.6790769892544141
-0.5740919947543266
-0.4570567982954528
-0.7111103178660819
-0.888739718308813
-0.7837547238087254
-0.6667195273498516
-0.5617812914762669
-0.7394106919189978
-0.6344256974189103
-0.5173905009600365
-0.9099225863796216
-1.0875519868223524
-0.9825669923222653
-0.8655317958633914
-0.6140025894098374
-0.7916319898525686
-0.6866469953524809
-0.5696117988936071
-0.8236653184642362
-1.0012947189069672
-0.8963097244068796
-0.7792745279480059
-0.6743362920744211
-0.8519656925171523
-0.7469806980170646
-0.6299455015581905
-0.8940566444054632
-1.071686044848194
-0.9667010503481066
-0.8496658538892329
-0.5981366474356787
-0.7757660478784099
-0.6707810533783222
-0.5537458569194484
-0.8077993764900775
-0.9854287769328086
-0.8804437824327209
-0.7634085859738472
-0.6584703501002624
-0.8360997505429936
-0.7311147560429059
-0.6140795595840319
-1.1072156239477873
-1.284845024390518
-1.1798600298904307
-1.0628248334315569
-0.8112956269780028
-0.9889250274207337
-0.8839400329206463
-0.7669048364617725
-1.0209583560324016
-1.1985877564751326
-1.093602761975045
-0.9765675655161713
-0.8716293296425864
-1.0492587300853173
-0.9442737355852296
-0.8272385391263561
-0.9031956153851508
-1.0808250158278816
-0.9758400213277942
-0.8588048248689205
-0.6072756184153666
-0.7849050188580975
-0.6799200243580098
-0.5628848278991361
-0.8169383474697651
-0.9945677479124962
-0.8895827534124088
-0.772547556953535
-0.6676093210799501
-0.8452387215226812
-0.7402537270225935
-0.6232185305637198
-1.015750615983305
-1.1933800164260362
-1.0883950219259486
-0.9713598254670747
-0.7198306190135206
-0.8974600194562518
-0.7924750249561641
-0.6754398284972903
-0.9294933480679196
-1.1071227485106505
-1.0021377540105627
-0.8851025575516893
-0.7801643216781042
-0.9577937221208354
-0.8528087276207477
-0.7357735311618739
-0.9832640745952524
-1.1608934750379836
-1.0559084805378958
-0.9388732840790222
-0.687344077625468
-0.8649734780681991
-0.7599884835681114
-0.6429532871092377
-0.8970068066798668
-1.0746362071225979
-0.9696512126225102
-0.8526160161636365
-0.7476777802900517
-0.9253071807327828
-0.8203221862326951
-0.7032869897738213
-1.1964230541375764
-1.3740524545803074
-1.2690674600802199
-1.1520322636213463
-0.9005030571677921
-1.078132457610523
-0.9731474631104355
-0.8561122666515618
-1.1101657862221908
-1.2877951866649218
-1.1828101921648344
-1.0657749957059606
-0.9608367598323757
-1.1384661602751067
-1.0334811657750191
-0.9164459693161454
-0.9924030455749403
-1.170032446017671
-1.0650474515175836
-0.9480122550587098
-0.6964830486051556
-0.8741124490478868
-0.7691274545477993
-0.6520922580889256
-0.9061457776595546
-1.0837751781022855
-0.978790183602198
-0.8617549871433243
-0.7568167512697396
-0.9344461517124704
-0.829461157212383
-0.712425960753509
-1.1049580461730943
-1.2825874466158254
-1.177602452115738
-1.060567255656864
-0.8090380492033098
-0.9866674496460413
-0.8816824551459536
-0.7646472586870795
-1.0187007782577089
-1.1963301787004397
-1.0913451842003523
-0.9743099877414785
-0.8693717518678935
-1.0470011523106246
-0.9420161578105369
-0.8249809613516632
-1.0400398436881895
-1.2176692441309205
-1.112684249630833
-0.9956490531719593
-0.7441198467184051
-0.9217492471611363
-0.8167642526610486
-0.6997290562021748
-0.9537825757728039
-1.131411976215535
-1.0264269817154477
-0.9093917852565738
-0.8044535493829889
-0.98208294982572
-0.8770979553256323
-0.7600627588667586
-1.2531988232305136
-1.4308282236732446
-1.3258432291731572
-1.2088080327142834
-0.9572788262607292
-1.13490822670346
-1.0299232322033727
-0.912888035744499
-1.166941555315128
-1.344570955757859
-1.2395859612577713
-1.1225507647988977
-1.0176125289253128
-1.1952419293680439
-1.0902569348679563
-0.9732217384090825
-1.0491788146678773
-1.2268082151106081
-1.1218232206105208
-1.004788024151647
-0.753258817698093
-0.9308882181408241
-0.8259032236407364
-0.7088680271818627
-0.9629215467524918
-1.1405509471952227
-1.035565952695135
-0.9185307562362615
-0.8135925203626767
-0.9912219208054078
-0.8862369263053201
-0.7692017298464464
-1.1617338152660317
-1.339363215708762
-1.234378221208675
-1.117343024749801
-0.8658138182962473
-1.0434432187389784
-0.9384582242388907
-0.821423027780017
-1.075476547350646
-1.2531059477933768
-1.1481209532932897
-1.0310857568344156
-0.9261475209608309
-1.1037769214035618
-0.9987919269034743
-0.8817567304446006
-0.7882286148017795
-0.9658580152445106
-0.8608730207444232
-0.7438378242855495
-0.4923086178319954
-0.6699380182747262
-0.5649530237746387
-0.447917827315765
-0.7019713468863941
-0.8796007473291252
-0.7746157528290375
-0.657580556370164
-0.552642320496579
-0.7302717209393099
-0.6252867264392225
-0.5082515299803487
-1.0013875943441037
-1.1790169947868347
-1.0740320002867472
-0.9569968038278736
-0.7054675973743194
-0.8830969978170505
-0.7781120033169628
-0.6610768068580891
-0.9151303264287182
-1.092759726871449
-0.9877747323713618
-0.8707395359124879
-0.7658013000389031
-0.9434307004816342
-0.8384457059815466
-0.7214105095226728
-0.7973675857814676
-0.9749969862241985
-0.870011991724111
-0.7529767952652371
-0.5014475888116832
-0.6790769892544141
-0.5740919947543266
-0.4570567982954528
-0.7111103178660819
-0.888739718308813
-0.7837547238087254
-0.6667195273498516
-0.5617812914762669
-0.7394106919189978
-0.6344256974189103
-0.5173905009600365
-0.9099225863796216
-1.0875519868223524
-0.9825669923222653
-0.8655317958633914
-0.6140025894098374
-0.7916319898525686
-0.6866469953524809
-0.5696117988936071
-0.8236653184642362
-1.0012947189069672
-0.8963097244068796
-0.7792745279480059
-0.6743362920744211
-0.8519656925171523
-0.7469806980170646
-0.6299455015581905
-1.1145381914913848
-1.292167591934116
-1.1871825974340282
-1.0701474009751546
-0.8186181945216007
-0.9962475949643316
-0.8912626004642441
-0.7742274040053704
-1.028280923575999
-1.2059103240187303
-1.1009253295186425
-0.9838901330597688
-0.878951897186184
-1.0565812976289153
-0.9515963031288275
-0.8345611066699538
-1.3276971710337089
-1.50532657147644
-1.4003415769763525
-1.2833063805174787
-1.0317771740639246
-1.2094065745066556
-1.104421580006568
-0.9873863835476944
-1.2414399031183234
-1.4190693035610544
-1.3140843090609668
-1.1970491126020932
-1.0921108767285082
-1.269740277171239
-1.1647552826711516
-1.0477200862122777
-1.1236771624710724
-1.3013065629138036
-1.196321568413716
-1.0792863719548424
-0.8277571655012882
-1.0053865659440193
-0.9004015714439316
-0.7833663749850579
-1.037419894555687
-1.215049294998418
-1.1100643004983304
-0.9930291040394567
-0.8880908681658717
-1.065720268608603
-0.9607352741085151
-0.8437000776496416
-1.236232163069227
-1.4138615635119578
-1.3088765690118704
-1.1918413725529966
-0.9403121660994425
-1.1179415665421737
-1.012956572042086
-0.8959213755832122
-1.1499748951538413
-1.3276042955965723
-1.222619301096485
-1.105584104637611
-1.0006458687640258
-1.178275269206757
-1.0732902747066695
-0.9562550782477959
-1.2037456216811742
-1.3813750221239054
-1.2763900276238178
-1.159354831164944
-0.9078256247113896
-1.0854550251541208
-0.980470030654033
-0.8634348341951595
-1.1174883537657885
-1.2951177542085197
-1.1901327597084321
-1.073097563249558
-0.9681593273759733
-1.1457887278187044
-1.0408037333186166
-0.923768536859743
-1.416904601223498
-1.594534001666229
-1.489549007166142
-1.372513810707268
-1.120984604253714
-1.298614004696445
-1.1936290101963574
-1.0765938137374833
-1.3306473333081128
-1.5082767337508438
-1.4032917392507562
-1.2862565427918822
-1.1813183069182973
-1.3589477073610283
-1.2539627128609407
-1.1369275164020671
-1.212884592660862
-1.390513993103593
-1.2855289986035054
-1.1684938021446314
-0.9169645956910775
-1.0945939961338087
-0.9896090016337209
-0.8725738051748472
-1.1266273247454763
-1.3042567251882071
-1.1992717306881198
-1.082236534229246
-0.9772982983556612
-1.154927698798392
-1.0499427042983045
-0.9329075078394309
-1.3254395932590162
-1.503068993701747
-1.3980839992016598
-1.281048802742786
-1.0295195962892316
-1.2071489967319626
-1.102164002231875
-0.9851288057730014
-1.2391823253436305
-1.4168117257863613
-1.3118267312862741
-1.1947915348274
-1.0898532989538154
-1.2674826993965462
-1.1624977048964589
-1.045462508437585
-1.2605213907741113
-1.438150791216842
-1.333165796716755
-1.2161306002578811
-0.9646013938043271
-1.142230794247058
-1.0372457997469704
-0.9202106032880967
-1.1742641228587258
-1.3518935233014564
-1.2469085288013693
-1.1298733323424954
-1.0249350964689106
-1.2025644969116416
-1.097579502411554
-0.9805443059526804
-1.4736803703164354
-1.6513097707591662
-1.546324776259079
-1.4292895798002052
-1.177760373346651
-1.355389773789382
-1.2504047792892945
-1.1333695828304209
-1.3874231024010497
-1.5650525028437805
-1.4600675083436934
-1.343032311884819
-1.2380940760112347
-1.4157234764539655
-1.310738481953878
-1.1937032854950043
-1.2696603617537994
-1.4472897621965297
-1.3423047676964426
-1.2252695712375687
-0.9737403647840149
-1.1513697652267456
-1.046384770726658
-0.9293495742677843
-1.1834030938384135
-1.361032494281144
-1.256047499781057
-1.139012303322183
-1.0340740674485984
-1.2117034678913292
-1.1067184733912419
-0.989683276932368
-1.3822153623519533
-1.559844762794684
-1.4548597682945965
-1.3378245718357227
-1.0862953653821692
-1.2639247658248998
-1.1589397713248124
-1.0419045748659386
-1.2959580944365676
-1.4735874948792984
-1.3686025003792108
-1.251567303920337
-1.1466290680467526
-1.3242584684894834
-1.219273473989396
-1.1022382775305222
-1.0087101618877015
-1.1863395623304325
-1.081354567830345
-0.9643193713714712
-0.712790164917917
-0.8904195653606481
-0.7854345708605605
-0.668399374401687
-0.9224528939723158
-1.100082294415047
-0.9950972999149594
-0.8780621034560857
-0.7731238675825006
-0.9507532680252317
-0.845768273525144
-0.7287330770662703
-1.2218691414300256
-1.3994985418727564
-1.2945135473726692
-1.1774783509137952
-0.9259491444602413
-1.1035785449029725
-0.9985935504028848
-0.8815583539440107
-1.13561187351464
-1.313241273957371
-1.2082562794572835
-1.0912210829984095
-0.986282847124825
-1.1639122475675556
-1.0589272530674683
-0.9418920566085944
-1.0178491328673893
-1.19547853331012
-1.0904935388100327
-0.973458342351159
-0.7219291358976049
-0.899558536340336
-0.7945735418402483
-0.6775383453813746
-0.9315918649520036
-1.1092212653947346
-1.0042362708946473
-0.8872010744357733
-0.7822628385621885
-0.9598922390049196
-0.8549072445048319
-0.7378720480459582
-1.1304041334655435
-1.3080335339082745
-1.203048539408187
-1.086013342949313
-0.8344841364957593
-1.0121135369384902
-0.9071285424384027
-0.7900933459795287
-1.044146865550158
-1.2217762659928888
-1.1167912714928014
-0.9997560750339275
-0.8948178391603427
-1.072447239603074
-0.9674622451029862
-0.8504270486441124
