-0.8307363680720705
-0.9907357744528895
-0.8809230809334667
-0.8227977351339598
-0.6621008885612413
-0.8221002949420604
-0.7122876014226376
-0.6541622556231306
-0.8372598856133076
-0.9972592919941268
-0.887446598474704
-0.8293212526751971
-0.996650922605747
-1.156650328986566
-1.0468376354671434
-0.9887122896676365
-0.9669652171565575
-1.1269646235373767
-1.0171519300179537
-0.9590265842184468
-0.7983297376457285
-0.9583291440265475
-0.8485164505071247
-0.7903911047076178
-0.9734887346977946
-1.1334881410786135
-1.0236754475591907
-0.965550101759684
-1.132879771690234
-1.292879178071053
-1.1830664845516303
-1.1249411387521233
-0.9557636056189048
-1.115763011999724
-1.0059503184803011
-0.9478249726807944
-0.7871281261080756
-0.9471275324888948
-0.8373148389694719
-0.7791894931699651
-0.962287123160142
-1.122286529540961
-1.0124738360215384
-0.9543484902220314
-1.1216781601525814
-1.2816775665334004
-1.1718648730139776
-1.1137395272144706
-0.966234238893946
-1.126233645274765
-1.0164209517553424
-0.9582956059558355
-0.7975987593831169
-0.9575981657639359
-0.8477854722445132
-0.7896601264450063
-0.9727577564351831
-1.132757162816002
-1.0229444692965795
-0.9648191234970726
-1.1321487934276226
-1.2921481998084416
-1.1823355062890188
-1.1242101604895118
-0.9653836432756364
-1.1253830496564556
-1.0155703561370326
-0.9574450103375257
-0.7967481637648073
-0.9567475701456263
-0.8469348766262036
-0.7888095308266967
-0.9719071608168736
-1.1319065671976927
-1.02209387367827
-0.9639685278787631
-1.1312981978093128
-1.291297604190132
-1.1814849106707093
-1.1233595648712023
-1.1016124923601234
-1.2616118987409426
-1.1517992052215198
-1.0936738594220128
-0.9329770128492944
-1.0929764192301132
-0.9831637257106907
-0.9250383799111838
-1.1081360099013606
-1.2681354162821796
-1.1583227227627568
-1.10019737696325
-1.2675270468938
-1.427526453274619
-1.3177137597551962
-1.2595884139556897
-1.0904108808224708
-1.2504102872032898
-1.140597593683867
-1.0824722478843603
-0.9217754013116415
-1.0817748076924607
-0.9719621141730379
-0.913836768373531
-1.0969343983637079
-1.2569338047445269
-1.1471211112251043
-1.0889957654255973
-1.2563254353561475
-1.4163248417369663
-1.3065121482175432
-1.2483868024180367
-1.100881514097512
-1.260880920478331
-1.151068226958908
-1.0929428811594013
-0.9322460345866829
-1.0922454409675018
-0.9824327474480792
-0.9243074016485721
-1.1074050316387491
-1.2674044380195681
-1.1575917445001453
-1.0994663987006383
-1.2667960686311885
-1.4267954750120073
-1.3169827814925847
-1.258857435693078
-0.9282430376771835
-1.0882424440580027
-0.9784297505385798
-0.9203044047390728
-0.7596075581663543
-0.9196069645471735
-0.8097942710277507
-0.7516689252282438
-0.9347665552184208
-1.0947659615992398
-0.9849532680798169
-0.92682792228031
-1.09415759221086
-1.2541569985916792
-1.1443443050722564
-1.0862189592727494
-1.0644718867616705
-1.2244712931424895
-1.114658599623067
-1.05653325382356
-0.8958364072508415
-1.0558358136316603
-0.9460231201122377
-0.8878977743127308
-1.0709954043029077
-1.2309948106837267
-1.121182117164304
-1.0630567713647971
-1.230386441295347
-1.390385847676166
-1.280573154156743
-1.2224478083572365
-1.053270275224018
-1.213269681604837
-1.1034569880854141
-1.0453316422859074
-0.8846347957131887
-1.0446342020940076
-0.934821508574585
-0.8766961627750781
-1.059793792765255
-1.219793199146074
-1.1099805056266512
-1.0518551598271444
-1.2191848297576944
-1.3791842361385136
-1.2693715426190906
-1.2112461968195836
-1.063740908499059
-1.223740314879878
-1.1139276213604554
-1.0558022755609484
-0.8951054289882299
-1.0551048353690489
-0.9452921418496262
-0.8871667960501193
-1.070264426040296
-1.230263832421115
-1.1204511389016925
-1.0623257931021857
-1.2296554630327359
-1.3896548694135546
-1.2798421758941316
-1.221716830094625
-0.7898221838746459
-0.949821590255465
-0.8400088967360421
-0.7818835509365352
-0.621186704363817
-0.7811861107446357
-0.671373417225213
-0.6132480714257061
-0.7963457014158829
-0.9563451077967021
-0.8465324142772793
-0.7884070684777724
-0.9557367384083222
-1.1157361447891414
-1.0059234512697186
-0.9477981054702117
-0.9260510329591329
-1.086050439339952
-0.9762377458205292
-0.9181124000210223
-0.7574155534483038
-0.9174149598291228
-0.8076022663097001
-0.7494769205101932
-0.9325745505003701
-1.092573956881189
-0.9827612633617663
-0.9246359175622595
-1.0919655874928094
-1.2519649938736288
-1.1421523003542058
-1.0840269545546988
-0.9148494214214802
-1.0748488278022992
-0.9650361342828766
-0.9069107884833697
-0.7462139419106509
-0.90621334829147
-0.7964006547720474
-0.7382753089725405
-0.9213729389627173
-1.0813723453435362
-0.9715596518241136
-0.9134343060246067
-1.0807639759551566
-1.2407633823359758
-1.1309506888165528
-1.072825343017046
-0.9253200546965212
-1.0853194610773405
-0.9755067675579177
-0.9173814217584108
-0.7566845751856923
-0.9166839815665113
-0.8068712880470886
-0.7487459422475817
-0.9318435722377586
-1.0918429786185777
-0.9820302850991547
-0.9239049392996478
-1.0912346092301979
-1.2512340156110169
-1.1414213220915943
-1.0832959762920873
-0.8631786566941758
-1.023178063074995
-0.9133653695555722
-0.8552400237560653
-0.6945431771833468
-0.8545425835641658
-0.7447298900447431
-0.6866045442452362
-0.8697021742354131
-1.029701580616232
-0.9198888870968093
-0.8617635412973025
-1.0290932112278524
-1.1890926176086714
-1.0792799240892488
-1.0211545782897418
-0.999407505778663
-1.1594069121594819
-1.0495942186400593
-0.9914688728405523
-0.8307720262678338
-0.9907714326486528
-0.8809587391292302
-0.8228333933297232
-1.0059310233199001
-1.1659304297007191
-1.0561177361812963
-0.9979923903817896
-1.1653220603123395
-1.3253214666931585
-1.2155087731737355
-1.1573834273742287
-0.9882058942410102
-1.1482053006218291
-1.0383926071024066
-0.9802672613028997
-0.8195704147301811
-0.9795698211110001
-0.8697571275915773
-0.8116317817920705
-0.9947294117822473
-1.1547288181630664
-1.0449161246436436
-0.9867907788441367
-1.1541204487746868
-1.314119855155506
-1.204307161636083
-1.1461818158365762
-0.9986765275160514
-1.1586759338968704
-1.0488632403774478
-0.9907378945779408
-0.8300410480052222
-0.9900404543860414
-0.8802277608666186
-0.8221024150671116
-1.0052000450572884
-1.1651994514381074
-1.0553867579186849
-0.997261412119178
-1.164591082049728
-1.324590488430547
-1.2147777949111243
-1.1566524491116175
-0.9978259318977419
-1.1578253382785608
-1.0480126447591382
-0.9898872989596313
-0.8291904523869127
-0.9891898587677318
-0.879377165248309
-0.8212518194488021
-1.004349449438979
-1.1643488558197979
-1.0545361623003753
-0.9964108165008686
-1.1637404864314185
-1.3237398928122375
-1.2139271992928147
-1.1558018534933079
-1.1340547809822288
-1.294054187363048
-1.1842414938436252
-1.1261161480441184
-0.9654193014713996
-1.1254187078522189
-1.015606014332796
-0.9574806685332891
-1.140578298523466
-1.300577704904285
-1.1907650113848622
-1.1326396655853554
-1.2999693355159054
-1.4599687418967247
-1.3501560483773016
-1.2920307025777948
-1.122853169444576
-1.2828525758253955
-1.1730398823059724
-1.1149145365064657
-0.954217689933747
-1.1142170963145661
-1.0044044027951433
-0.9462790569956364
-1.1293766869858135
-1.2893760933666325
-1.1795633998472095
-1.1214380540477027
-1.2887677239782531
-1.4487671303590717
-1.3389544368396489
-1.2808290910401423
-1.1333238027196175
-1.2933232091004365
-1.1835105155810135
-1.1253851697815067
-0.9646883232087882
-1.1246877295896072
-1.0148750360701846
-0.9567496902706777
-1.1398473202608546
-1.2998467266416736
-1.1900340331222508
-1.131908687322744
-1.299238357253294
-1.459237763634113
-1.34942507011469
-1.2912997243151834
-0.960685326299289
-1.120684732680108
-1.0108720391606854
-0.9527466933611785
-0.7920498467884598
-0.9520492531692789
-0.842236559649856
-0.7841112138503491
-0.9672088438405261
-1.1272082502213452
-1.0173955567019224
-0.9592702109024155
-1.1265998808329656
-1.2865992872137848
-1.1767865936943618
-1.1186612478948548
-1.096914175383776
-1.2569135817645953
-1.1471008882451723
-1.0889755424456653
-0.9282786958729468
-1.088278102253766
-0.9784654087343432
-0.9203400629348363
-1.1034376929250131
-1.2634370993058321
-1.1536244057864093
-1.0954990599869026
-1.2628287299174525
-1.4228281362982715
-1.3130154427788485
-1.254890096979342
-1.0857125638461231
-1.2457119702269424
-1.1358992767075196
-1.0777739309080128
-0.9170770843352941
-1.0770764907161132
-0.9672637971966904
-0.9091384513971834
-1.0922360813873604
-1.2522354877681794
-1.1424227942487566
-1.0842974484492498
-1.2516271183798
-1.411626524760619
-1.3018138312411962
-1.2436884854416894
-1.0961831971211646
-1.2561826035019836
-1.1463699099825608
-1.0882445641830538
-0.9275477176103352
-1.0875471239911545
-0.9777344304717316
-0.9196090846722247
-1.1027067146624017
-1.2627061210432207
-1.1528934275237979
-1.0947680817242909
-1.262097751654841
-1.42209715803566
-1.3122844645162373
-1.2541591187167305
-0.8222644724967514
-0.9822638788775704
-0.8724511853581477
-0.8143258395586408
-0.6536289929859221
-0.8136283993667413
-0.7038157058473185
-0.6456903600478116
-0.8287879900379884
-0.9887873964188075
-0.8789747028993848
-0.8208493570998778
-0.9881790270304278
-1.148178433411247
-1.038365739891824
-0.9802403940923171
-0.9584933215812383
-1.1184927279620576
-1.0086800344426348
-0.9505546886431278
-0.7898578420704092
-0.9498572484512283
-0.8400445549318055
-0.7819192091322985
-0.9650168391224755
-1.1250162455032946
-1.0152035519838718
-0.9570782061843649
-1.124407876114915
-1.284407282495734
-1.174594588976311
-1.1164692431768042
-0.9472917100435857
-1.1072911164244048
-0.9974784229049819
-0.939353077105475
-0.7786562305327565
-0.9386556369135756
-0.8288429433941528
-0.770717597594646
-0.9538152275848227
-1.1138146339656418
-1.004001940446219
-0.9458765946467123
-1.1132062645772622
-1.2732056709580815
-1.1633929774386584
-1.1052676316391516
-0.9577623433186269
-1.1177617496994459
-1.0079490561800233
-0.9498237103805164
-0.7891268638077976
-0.9491262701886166
-0.839313576669194
-0.7811882308696871
-0.9642858608598639
-1.124285267240683
-1.0144725737212603
-0.9563472279217534
-1.1236768978523033
-1.2836763042331225
-1.1738636107136995
-1.1157382649141927
-0.8631786566941758
-1.023178063074995
-0.9133653695555722
-0.8552400237560653
-0.6945431771833468
-0.8545425835641658
-0.7447298900447431
-0.6866045442452362
-0.8697021742354131
-1.029701580616232
-0.9198888870968093
-0.8617635412973025
-1.0290932112278524
-1.1890926176086714
-1.0792799240892488
-1.0211545782897418
-0.999407505778663
-1.1594069121594819
-1.0495942186400593
-0.9914688728405523
-0.8307720262678338
-0.9907714326486528
-0.8809587391292302
-0.8228333933297232
-1.0059310233199001
-1.1659304297007191
-1.0561177361812963
-0.9979923903817896
-1.1653220603123395
-1.3253214666931585
-1.2155087731737355
-1.1573834273742287
-0.9882058942410102
-1.1482053006218291
-1.0383926071024066
-0.9802672613028997
-0.8195704147301811
-0.9795698211110001
-0.8697571275915773
-0.8116317817920705
-0.9947294117822473
-1.1547288181630664
-1.0449161246436436
-0.9867907788441367
-1.1541204487746868
-1.314119855155506
-1.204307161636083
-1.1461818158365762
-0.9986765275160514
-1.1586759338968704
-1.0488632403774478
-0.9907378945779408
-0.8300410480052222
-0.9900404543860414
-0.8802277608666186
-0.8221024150671116
-1.0052000450572884
-1.1651994514381074
-1.0553867579186849
-0.997261412119178
-1.164591082049728
-1.324590488430547
-1.2147777949111243
-1.1566524491116175
-0.9978259318977419
-1.1578253382785608
-1.0480126447591382
-0.9898872989596313
-0.8291904523869127
-0.9891898587677318
-0.879377165248309
-0.8212518194488021
-1.004349449438979
-1.1643488558197979
-1.0545361623003753
-0.9964108165008686
-1.1637404864314185
-1.3237398928122375
-1.2139271992928147
-1.1558018534933079
-1.1340547809822288
-1.294054187363048
-1.1842414938436252
-1.1261161480441184
-0.9654193014713996
-1.1254187078522189
-1.015606014332796
-0.9574806685332891
-1.140578298523466
-1.300577704904285
-1.1907650113848622
-1.1326396655853554
-1.2999693355159054
-1.4599687418967247
-1.3501560483773016
-1.2920307025777948
-1.122853169444576
-1.2828525758253955
-1.1730398823059724
-1.1149145365064657
-0.954217689933747
-1.1142170963145661
-1.0044044027951433
-0.9462790569956364
-1.1293766869858135
-1.2893760933666325
-1.1795633998472095
-1.1214380540477027
-1.2887677239782531
-1.4487671303590717
-1.3389544368396489
-1.2808290910401423
-1.1333238027196175
-1.2933232091004365
-1.1835105155810135
-1.1253851697815067
-0.9646883232087882
-1.1246877295896072
-1.0148750360701846
-0.9567496902706777
-1.1398473202608546
-1.2998467266416736
-1.1900340331222508
-1.131908687322744
-1.299238357253294
-1.459237763634113
-1.34942507011469
-1.2912997243151834
-0.960685326299289
-1.120684732680108
-1.0108720391606854
-0.9527466933611785
-0.7920498467884598
-0.9520492531692789
-0.842236559649856
-0.7841112138503491
-0.9672088438405261
-1.1272082502213452
-1.0173955567019224
-0.9592702109024155
-1.1265998808329656
-1.2865992872137848
-1.1767865936943618
-1.1186612478948548
-1.096914175383776
-1.2569135817645953
-1.1471008882451723
-1.0889755424456653
-0.9282786958729468
-1.088278102253766
-0.9784654087343432
-0.9203400629348363
-1.1034376929250131
-1.2634370993058321
-1.1536244057864093
-1.0954990599869026
-1.2628287299174525
-1.4228281362982715
-1.3130154427788485
-1.254890096979342
-1.0857125638461231
-1.2457119702269424
-1.1358992767075196
-1.0777739309080128
-0.9170770843352941
-1.0770764907161132
-0.9672637971966904
-0.9091384513971834
-1.0922360813873604
-1.2522354877681794
-1.1424227942487566
-1.0842974484492498
-1.2516271183798
-1.411626524760619
-1.3018138312411962
-1.2436884854416894
-1.0961831971211646
-1.2561826035019836
-1.1463699099825608
-1.0882445641830538
-0.9275477176103352
-1.0875471239911545
-0.9777344304717316
-0.9196090846722247
-1.1027067146624017
-1.2627061210432207
-1.1528934275237979
-1.0947680817242909
-1.262097751654841
-1.42209715803566
-1.3122844645162373
-1.2541591187167305
-0.8222644724967514
-0.9822638788775704
-0.8724511853581477
-0.8143258395586408
-0.6536289929859221
-0.8136283993667413
-0.7038157058473185
-0.6456903600478116
-0.8287879900379884
-0.9887873964188075
-0.8789747028993848
-0.8208493570998778
-0.9881790270304278
-1.148178433411247
-1.038365739891824
-0.9802403940923171
-0.9584933215812383
-1.1184927279620576
-1.0086800344426348
-0.9505546886431278
-0.7898578420704092
-0.9498572484512283
-0.8400445549318055
-0.7819192091322985
-0.9650168391224755
-1.1250162455032946
-1.0152035519838718
-0.9570782061843649
-1.124407876114915
-1.284407282495734
-1.174594588976311
-1.1164692431768042
-0.9472917100435857
-1.1072911164244048
-0.9974784229049819
-0.939353077105475
-0.7786562305327565
-0.9386556369135756
-0.8288429433941528
-0.770717597594646
-0.9538152275848227
-1.1138146339656418
-1.004001940446219
-0.9458765946467123
-1.1132062645772622
-1.2732056709580815
-1.1633929774386584
-1.1052676316391516
-0.9577623433186269
-1.1177617496994459
-1.0079490561800233
-0.9498237103805164
-0.7891268638077976
-0.9491262701886166
-0.839313576669194
-0.7811882308696871
-0.9642858608598639
-1.124285267240683
-1.0144725737212603
-0.9563472279217534
-1.1236768978523033
-1.2836763042331225
-1.1738636107136995
-1.1157382649141927
-0.9268748199347171
-1.086874226315536
-0.9770615327961133
-0.9189361869966064
-0.758239340423888
-0.918238746804707
-0.8084260532852843
-0.7503007074857773
-0.9333983374759541
-1.0933977438567732
-0.9835850503373506
-0.9254597045378437
-1.0927893744683936
-1.2527887808492124
-1.1429760873297898
-1.084850741530283
-1.0631036690192042
-1.2231030754000232
-1.1132903818806004
-1.0551650360810934
-0.8944681895083749
-1.054467595889194
-0.9446549023697712
-0.8865295565702643
-1.0696271865604412
-1.22962659294126
-1.1198138994218374
-1.0616885536223306
-1.2290182235528804
-1.3890176299336996
-1.2792049364142768
-1.2210795906147698
-1.0519020574815514
-1.2119014638623702
-1.1020887703429476
-1.0439634245434408
-0.8832665779707222
-1.0432659843515413
-0.9334532908321186
-0.8753279450326117
-1.0584255750227884
-1.2184249814036074
-1.1086122878841849
-1.0504869420846779
-1.2178166120152278
-1.3778160183960468
-1.268003324876624
-1.2098779790771172
-1.0623726907565927
-1.2223720971374117
-1.1125594036179889
-1.054434057818482
-0.8937372112457633
-1.0537366176265823
-0.9439239241071598
-0.8857985783076529
-1.0688962082978297
-1.2288956146786487
-1.1190829211592261
-1.0609575753597191
-1.2282872452902691
-1.3882866516710881
-1.278473958151665
-1.2203486123521583
-1.0615220951382829
-1.221521501519102
-1.1117088079996793
-1.0535834622001723
-0.8928866156274539
-1.052886022008273
-0.9430733284888502
-0.8849479826893432
-1.0680456126795201
-1.2280450190603391
-1.1182323255409166
-1.0601069797414095
-1.2274366496719593
-1.3874360560527788
-1.2776233625333557
-1.2194980167338487
-1.19775094422277
-1.3577503506035893
-1.2479376570841663
-1.1898123112846593
-1.029115464711941
-1.1891148710927597
-1.0793021775733374
-1.0211768317738303
-1.204274461764007
-1.3642738681448263
-1.2544611746254033
-1.1963358288258965
-1.3636654987564467
-1.5236649051372655
-1.4138522116178427
-1.3557268658183361
-1.186549332685117
-1.3465487390659363
-1.2367360455465135
-1.1786106997470067
-1.0179138531742882
-1.1779132595551072
-1.0681005660356844
-1.0099752202361776
-1.1930728502263543
-1.3530722566071736
-1.2432595630877505
-1.1851342172882438
-1.352463887218794
-1.512463293599613
-1.40265060008019
-1.3445252542806831
-1.1970199659601581
-1.3570193723409774
-1.2472066788215546
-1.1890813330220478
-1.0283844864493294
-1.1883838928301484
-1.0785711993107254
-1.0204458535112186
-1.2035434835013956
-1.3635428898822146
-1.2537301963627916
-1.1956048505632848
-1.362934520493835
-1.522933926874654
-1.4131212333552312
-1.3549958875557246
-1.02438148953983
-1.1843808959206492
-1.0745682024012264
-1.0164428566017194
-0.855746010029001
-1.01574541640982
-0.9059327228903973
-0.8478073770908904
-1.0309050070810672
-1.1909044134618862
-1.0810917199424634
-1.0229663741429567
-1.1902960440735066
-1.3502954504543256
-1.2404827569349028
-1.182357411135396
-1.1606103386243172
-1.3206097450051362
-1.2107970514857134
-1.1526717056862066
-0.9919748591134879
-1.151974265494307
-1.0421615719748845
-0.9840362261753774
-1.1671338561655542
-1.3271332625463732
-1.2173205690269506
-1.1591952232274438
-1.3265248931579936
-1.4865242995388126
-1.3767116060193898
-1.318586260219883
-1.1494087270866644
-1.3094081334674836
-1.1995954399480608
-1.1414700941485538
-0.9807732475758352
-1.1407726539566543
-1.0309599604372315
-0.9728346146377247
-1.1559322446279015
-1.3159316510087207
-1.2061189574892979
-1.1479936116897909
-1.315323281620341
-1.47532268800116
-1.365509994481737
-1.3073846486822305
-1.1598793603617057
-1.3198787667425247
-1.210066073223102
-1.151940727423595
-0.9912438808508764
-1.1512432872316953
-1.0414305937122728
-0.9833052479127659
-1.1664028779029427
-1.3264022842837617
-1.216589590764339
-1.1584642449648321
-1.3257939148953823
-1.4857933212762011
-1.375980627756778
-1.3178552819572715
-0.8859606357372924
-1.0459600421181117
-0.9361473485986886
-0.8780220027991817
-0.7173251562264633
-0.8773245626072823
-0.7675118690878596
-0.7093865232883526
-0.8924841532785295
-1.0524835596593487
-0.9426708661399259
-0.884545520340419
-1.0518751902709689
-1.2118745966517879
-1.1020619031323653
-1.0439365573328583
-1.0221894848217794
-1.1821888912025986
-1.0723761976831758
-1.0142508518836688
-0.8535540053109503
-1.0135534116917693
-0.9037407181723467
-0.8456153723728398
-1.0287130023630167
-1.1887124087438354
-1.0788997152244126
-1.0207743694249058
-1.188104039355456
-1.348103445736275
-1.238290752216852
-1.1801654064173452
-1.0109878732841269
-1.1709872796649459
-1.061174586145523
-1.0030492403460163
-0.8423523937732975
-1.0023518001541165
-0.8925391066346939
-0.834413760835187
-1.017511390825364
-1.177510797206183
-1.0676981036867603
-1.0095727578872533
-1.1769024278178033
-1.3369018341986223
-1.2270891406791993
-1.1689637948796925
-1.021458506559168
-1.1814579129399871
-1.0716452194205641
-1.0135198736210573
-0.8528230270483389
-1.0128224334291578
-0.9030097399097352
-0.8448843941102281
-1.0279820241004052
-1.1879814304812242
-1.0781687369618014
-1.0200433911622944
-1.1873730610928444
-1.3473724674736633
-1.2375597739542405
-1.1794344281547338
