-0.6735710917429594
-0.9199508658241202
-0.8059146071693348
-0.6633638932751366
-0.7886486325743023
-1.0350284066554627
-0.9209921480006777
-0.7784414341064795
-0.7744422288673334
-1.0208220029484942
-0.9067857442937088
-0.7642350303995106
-0.8874130519355385
-1.1337928260166994
-1.019756567361914
-0.8772058534677158
-0.5845618566165471
-0.8309416306977078
-0.7169053720429227
-0.5743546581487243
-0.6996393974478897
-0.9460191715290505
-0.8319829128742655
-0.689432198980067
-0.6854329937409209
-0.931812767822082
-0.8177765091672966
-0.6752257952730982
-0.7984038168091263
-1.0447835908902872
-0.9307473322355018
-0.7881966183413035
-0.714947726886873
-0.9613275009680339
-0.8472912423132488
-0.7047405284190505
-0.8300252677182158
-1.0764050417993767
-0.9623687831445913
-0.819818069250393
-0.8158188640112469
-1.0621986380924078
-0.9481623794376227
-0.8056116655434242
-0.9287896870794524
-1.1751694611606132
-1.061133202505828
-0.9185824886116294
-0.667908807969146
-0.9142885820503068
-0.8002523233955215
-0.6577016095013233
-0.7829863488004885
-1.0293661228816495
-0.9153298642268642
-0.7727791503326658
-0.76877994509352
-1.0151597191746804
-0.9011234605198954
-0.7585727466256972
-0.8817507681617252
-1.128130542242886
-1.0140942835881006
-0.8715435696939023
-0.9416414389424421
-1.188021213023603
-1.0739849543688176
-0.9314342404746193
-1.0567189797737848
-1.3030987538549457
-1.1890624952001603
-1.0465117813059621
-1.0425125760668161
-1.2888923501479768
-1.1748560914931916
-1.0323053775989932
-1.1554833991350213
-1.401863173216182
-1.2878269145613965
-1.1452762006671984
-0.8526322038160299
-1.0990119778971907
-0.9849757192424055
-0.8424250053482071
-0.9677097446473726
-1.2140895187285334
-1.1000532600737483
-0.9575025461795499
-0.9535033409404038
-1.1998831150215645
-1.0858468563667794
-0.943296142472581
-1.066474164008609
-1.3128539380897697
-1.1988176794349847
-1.0562669655407861
-0.983018074086356
-1.2293978481675167
-1.1153615895127316
-0.9728108756185332
-1.0980956149176988
-1.3444753889988594
-1.2304391303440743
-1.0878884164498759
-1.08388921121073
-1.3302689852918907
-1.2162327266371056
-1.0736820127429072
-1.196860034278935
-1.443239808360096
-1.3292035497053105
-1.1866528358111124
-0.9359791551686286
-1.1823589292497894
-1.0683226705950042
-0.9257719567008059
-1.0510566959999716
-1.297436470081132
-1.183400211426347
-1.0408494975321487
-1.0368502922930027
-1.2832300663741631
-1.1691938077193784
-1.02664309382518
-1.149821115361208
-1.3962008894423685
-1.2821646307875836
-1.1396139168933852
-0.9353656570158756
-1.1817454310970366
-1.0677091724422512
-0.925158458548053
-1.0504431978472184
-1.2968229719283793
-1.182786713273594
-1.0402359993793957
-1.0362367941402497
-1.2826165682214103
-1.1685803095666254
-1.0260295956724268
-1.1492076172084549
-1.3955873912896155
-1.2815511326348303
-1.1390004187406322
-0.8463564218894634
-1.0927361959706243
-0.978699937315839
-0.8361492234216406
-0.9614339627208063
-1.207813736801967
-1.0937774781471818
-0.9512267642529834
-0.9472275590138375
-1.1936073330949983
-1.0795710744402132
-0.9370203605460147
-1.0601983820820426
-1.3065781561632035
-1.1925418975084183
-1.0499911836142197
-0.9767422921597895
-1.2231220662409503
-1.1090858075861652
-0.9665350936919667
-1.0918198329911322
-1.338199607072293
-1.2241633484175078
-1.0816126345233095
-1.0776134292841635
-1.3239932033653241
-1.2099569447105392
-1.0674062308163406
-1.1905842523523686
-1.4369640264335293
-1.322927767778744
-1.180377053884546
-0.9297033732420623
-1.176083147323223
-1.062046888668438
-0.9194961747742395
-1.044780914073405
-1.2911606881545656
-1.1771244294997807
-1.0345737156055823
-1.0305745103664363
-1.276954284447597
-1.1629180257928118
-1.0203673118986134
-1.1435453334346415
-1.389925107515802
-1.275888848861017
-1.1333381349668186
-0.667123315141557
-0.9135030892227178
-0.7994668305679327
-0.6569161166737341
-0.7822008559728998
-1.0285806300540605
-0.9145443713992752
-0.771993657505077
-0.767994452265931
-1.0143742263470918
-0.9003379676923066
-0.7577872537981082
-0.8809652753341362
-1.127345049415297
-1.0133087907605116
-0.8707580768663133
-0.5781140800151447
-0.8244938540963054
-0.7104575954415204
-0.5679068815473219
-0.6931916208464876
-0.9395713949276483
-0.8255351362728631
-0.6829844223786647
-0.6789852171395186
-0.9253649912206795
-0.8113287325658943
-0.668778018671696
-0.7919560402077239
-1.0383358142888848
-0.9242995556340995
-0.7817488417399011
-0.7084999502854707
-0.9548797243666315
-0.8408434657118463
-0.698292751817648
-0.8235774911168134
-1.0699572651979743
-0.9559210065431892
-0.8133702926489907
-0.8093710874098448
-1.0557508614910054
-0.9417146028362204
-0.7991638889420218
-0.9223419104780498
-1.1687216845592105
-1.0546854259044256
-0.912134712010227
-0.6614610313677437
-0.9078408054489043
-0.7938045467941192
-0.6512538328999208
-0.7765385721990863
-1.0229183462802471
-0.908882087625462
-0.7663313737312636
-0.7623321684921175
-1.0087119425732782
-0.8946756839184931
-0.7521249700242947
-0.8753029915603228
-1.1216827656414834
-1.0076465069866982
-0.8650957930924998
-0.7072611606966842
-0.9536409347778451
-0.8396046761230598
-0.6970539622288615
-0.822338701528027
-1.0687184756091879
-0.9546822169544028
-0.8121315030602042
-0.8081322978210582
-1.054512071902219
-0.9404758132474339
-0.7979250993532354
-0.9211031208892634
-1.1674828949704241
-1.0534466363156392
-0.9108959224214406
-0.618251925570272
-0.8646316996514328
-0.7505954409966475
-0.6080447271024491
-0.7333294664016148
-0.9797092404827755
-0.8656729818279906
-0.723122267933792
-0.7191230626946459
-0.9655028367758067
-0.8514665781210217
-0.7089158642268232
-0.8320938857628511
-1.078473659844012
-0.9644374011892268
-0.8218866872950286
-0.7486377958405981
-0.9950175699217589
-0.8809813112669735
-0.7384305973727753
-0.8637153366719409
-1.1100951107531016
-0.9960588520983163
-0.8535081382041181
-0.849508932964972
-1.0958887070461327
-0.9818524483913476
-0.8393017344971493
-0.9624797560331773
-1.208859530114338
-1.0948232714595527
-0.9522725575653544
-0.7015988769228708
-0.9479786510040316
-0.8339423923492466
-0.691391678455048
-0.8166764177542135
-1.0630561918353743
-0.9490199331805893
-0.8064692192863908
-0.8024700140472447
-1.0488497881284056
-0.9348135294736205
-0.7922628155794219
-0.9154408371154499
-1.1618206111966107
-1.0477843525418256
-0.9052336386476271
-0.9753315078961668
-1.2217112819773277
-1.1076750233225425
-0.9651243094283442
-1.0904090487275098
-1.3367888228086704
-1.2227525641538854
-1.080201850259687
-1.0762026450205409
-1.3225824191017017
-1.2085461604469165
-1.065995446552718
-1.189173468088746
-1.4355532421699069
-1.3215169835151213
-1.1789662696209233
-0.8863222727697546
-1.1327020468509155
-1.0186657881961305
-0.876115074301932
-1.0013998136010978
-1.2477795876822584
-1.1337433290274732
-0.9911926151332747
-0.9871934098941287
-1.2335731839752895
-1.1195369253205043
-0.9769862114263059
-1.100164232962334
-1.3465440070434946
-1.2325077483887095
-1.089957034494511
-1.0167081430400808
-1.2630879171212415
-1.1490516584664563
-1.0065009445722581
-1.1317856838714238
-1.3781654579525844
-1.2641291992977992
-1.1215784854036008
-1.1175792801644548
-1.3639590542456155
-1.2499227955908303
-1.107372081696632
-1.23055010323266
-1.4769298773138206
-1.3628936186590355
-1.2203429047648373
-0.9696692241223536
-1.2160489982035143
-1.1020127395487291
-0.9594620256545308
-1.0847467649536964
-1.3311265390348572
-1.217090280380072
-1.0745395664858737
-1.0705403612467275
-1.3169201353278883
-1.2028838766731031
-1.0603331627789048
-1.1835111843149326
-1.4298909583960933
-1.315854699741308
-1.17330398584711
-0.9690557259696005
-1.2154355000507613
-1.1013992413959763
-0.9588485275017777
-1.0841332668009434
-1.330513040882104
-1.216476782227319
-1.0739260683331207
-1.0699268630939744
-1.316306637175135
-1.2022703785203501
-1.0597196646261517
-1.1828976861621796
-1.4292774602433407
-1.315241201588555
-1.172690487694357
-0.8800464908431883
-1.126426264924349
-1.012390006269564
-0.8698392923753656
-0.9951240316745312
-1.2415038057556917
-1.1274675471009068
-0.9849168332067084
-0.9809176279675623
-1.227297402048723
-1.113261143393938
-0.9707104294997394
-1.0938884510357674
-1.3402682251169282
-1.226231966462143
-1.0836812525679447
-1.0104323611135144
-1.2568121351946753
-1.14277587653989
-1.0002251626456917
-1.1255099019448573
-1.3718896760260177
-1.2578534173712326
-1.1153027034770344
-1.1113034982378884
-1.3576832723190493
-1.243647013664264
-1.1010962997700655
-1.2242743213060936
-1.4706540953872542
-1.3566178367324693
-1.214067122838271
-0.9633934421957873
-1.2097732162769481
-1.0957369576221627
-0.9531862437279645
-1.07847098302713
-1.3248507571082906
-1.2108144984535056
-1.0682637845593073
-1.064264579320161
-1.310644353401322
-1.1966080947465367
-1.0540573808523384
-1.1772354023883662
-1.423615176469527
-1.309578917814742
-1.1670282039205435
-0.7008133840952818
-0.9471931581764426
-0.8331568995216574
-0.690606185627459
-0.8158909249266245
-1.0622706990077853
-0.9482344403530003
-0.8056837264588018
-0.8016845212196557
-1.0480642953008166
-0.9340280366460315
-0.791477322751833
-0.9146553442878609
-1.1610351183690217
-1.0469988597142366
-0.9044481458200381
-0.6118041489688696
-0.8581839230500303
-0.7441476643952452
-0.6015969505010467
-0.7268816898002124
-0.9732614638813732
-0.8592252052265881
-0.7166744913323897
-0.7126752860932435
-0.9590550601744042
-0.8450188015196191
-0.7024680876254208
-0.8256461091614486
-1.0720258832426095
-0.9579896245878244
-0.8154389106936258
-0.7421900192391957
-0.9885697933203563
-0.8745335346655713
-0.7319828207713729
-0.8572675600705384
-1.1036473341516992
-0.9896110754969141
-0.8470603616027156
-0.8430611563635696
-1.0894409304447303
-0.9754046717899452
-0.8328539578957469
-0.9560319794317748
-1.2024117535129357
-1.0883754948581503
-0.945824780963952
-0.6951511003214684
-0.9415308744026292
-0.8274946157478441
-0.6849439018536457
-0.8102286411528112
-1.056608415233972
-0.9425721565791869
-0.8000214426849884
-0.7960222374458424
-1.0424020115270032
-0.928365752872218
-0.7858150389780196
-0.9089930605140476
-1.1553728345952083
-1.0413365759404232
-0.8987858620462248
-0.7072611606966842
-0.9536409347778451
-0.8396046761230598
-0.6970539622288615
-0.822338701528027
-1.0687184756091879
-0.9546822169544028
-0.8121315030602042
-0.8081322978210582
-1.054512071902219
-0.9404758132474339
-0.7979250993532354
-0.9211031208892634
-1.1674828949704241
-1.0534466363156392
-0.9108959224214406
-0.618251925570272
-0.8646316996514328
-0.7505954409966475
-0.6080447271024491
-0.7333294664016148
-0.9797092404827755
-0.8656729818279906
-0.723122267933792
-0.7191230626946459
-0.9655028367758067
-0.8514665781210217
-0.7089158642268232
-0.8320938857628511
-1.078473659844012
-0.9644374011892268
-0.8218866872950286
-0.7486377958405981
-0.9950175699217589
-0.8809813112669735
-0.7384305973727753
-0.8637153366719409
-1.1100951107531016
-0.9960588520983163
-0.8535081382041181
-0.849508932964972
-1.0958887070461327
-0.9818524483913476
-0.8393017344971493
-0.9624797560331773
-1.208859530114338
-1.0948232714595527
-0.9522725575653544
-0.7015988769228708
-0.9479786510040316
-0.8339423923492466
-0.691391678455048
-0.8166764177542135
-1.0630561918353743
-0.9490199331805893
-0.8064692192863908
-0.8024700140472447
-1.0488497881284056
-0.9348135294736205
-0.7922628155794219
-0.9154408371154499
-1.1618206111966107
-1.0477843525418256
-0.9052336386476271
-0.9753315078961668
-1.2217112819773277
-1.1076750233225425
-0.9651243094283442
-1.0904090487275098
-1.3367888228086704
-1.2227525641538854
-1.080201850259687
-1.0762026450205409
-1.3225824191017017
-1.2085461604469165
-1.065995446552718
-1.189173468088746
-1.4355532421699069
-1.3215169835151213
-1.1789662696209233
-0.8863222727697546
-1.1327020468509155
-1.0186657881961305
-0.876115074301932
-1.0013998136010978
-1.2477795876822584
-1.1337433290274732
-0.9911926151332747
-0.9871934098941287
-1.2335731839752895
-1.1195369253205043
-0.9769862114263059
-1.100164232962334
-1.3465440070434946
-1.2325077483887095
-1.089957034494511
-1.0167081430400808
-1.2630879171212415
-1.1490516584664563
-1.0065009445722581
-1.1317856838714238
-1.3781654579525844
-1.2641291992977992
-1.1215784854036008
-1.1175792801644548
-1.3639590542456155
-1.2499227955908303
-1.107372081696632
-1.23055010323266
-1.4769298773138206
-1.3628936186590355
-1.2203429047648373
-0.9696692241223536
-1.2160489982035143
-1.1020127395487291
-0.9594620256545308
-1.0847467649536964
-1.3311265390348572
-1.217090280380072
-1.0745395664858737
-1.0705403612467275
-1.3169201353278883
-1.2028838766731031
-1.0603331627789048
-1.1835111843149326
-1.4298909583960933
-1.315854699741308
-1.17330398584711
-0.9690557259696005
-1.2154355000507613
-1.1013992413959763
-0.9588485275017777
-1.0841332668009434
-1.330513040882104
-1.216476782227319
-1.0739260683331207
-1.0699268630939744
-1.316306637175135
-1.2022703785203501
-1.0597196646261517
-1.1828976861621796
-1.4292774602433407
-1.315241201588555
-1.172690487694357
-0.8800464908431883
-1.126426264924349
-1.012390006269564
-0.8698392923753656
-0.9951240316745312
-1.2415038057556917
-1.1274675471009068
-0.9849168332067084
-0.9809176279675623
-1.227297402048723
-1.113261143393938
-0.9707104294997394
-1.0938884510357674
-1.3402682251169282
-1.226231966462143
-1.0836812525679447
-1.0104323611135144
-1.2568121351946753
-1.14277587653989
-1.0002251626456917
-1.1255099019448573
-1.3718896760260177
-1.2578534173712326
-1.1153027034770344
-1.1113034982378884
-1.3576832723190493
-1.243647013664264
-1.1010962997700655
-1.2242743213060936
-1.4706540953872542
-1.3566178367324693
-1.214067122838271
-0.9633934421957873
-1.2097732162769481
-1.0957369576221627
-0.9531862437279645
-1.07847098302713
-1.3248507571082906
-1.2108144984535056
-1.0682637845593073
-1.064264579320161
-1.310644353401322
-1.1966080947465367
-1.0540573808523384
-1.1772354023883662
-1.423615176469527
-1.309578917814742
-1.1670282039205435
-0.7008133840952818
-0.9471931581764426
-0.8331568995216574
-0.690606185627459
-0.8158909249266245
-1.0622706990077853
-0.9482344403530003
-0.8056837264588018
-0.8016845212196557
-1.0480642953008166
-0.9340280366460315
-0.791477322751833
-0.9146553442878609
-1.1610351183690217
-1.0469988597142366
-0.9044481458200381
-0.6118041489688696
-0.8581839230500303
-0.7441476643952452
-0.6015969505010467
-0.7268816898002124
-0.9732614638813732
-0.8592252052265881
-0.7166744913323897
-0.7126752860932435
-0.9590550601744042
-0.8450188015196191
-0.7024680876254208
-0.8256461091614486
-1.0720258832426095
-0.9579896245878244
-0.8154389106936258
-0.7421900192391957
-0.9885697933203563
-0.8745335346655713
-0.7319828207713729
-0.8572675600705384
-1.1036473341516992
-0.9896110754969141
-0.8470603616027156
-0.8430611563635696
-1.0894409304447303
-0.9754046717899452
-0.8328539578957469
-0.9560319794317748
-1.2024117535129357
-1.0883754948581503
-0.945824780963952
-0.6951511003214684
-0.9415308744026292
-0.8274946157478441
-0.6849439018536457
-0.8102286411528112
-1.056608415233972
-0.9425721565791869
-0.8000214426849884
-0.7960222374458424
-1.0424020115270032
-0.928365752872218
-0.7858150389780196
-0.9089930605140476
-1.1553728345952083
-1.0413365759404232
-0.8987858620462248
-0.7527908703168895
-0.9991706443980503
-0.8851343857432652
-0.7425836718490667
-0.8678684111482322
-1.114248185229393
-1.000211926574608
-0.8576612126804097
-0.8536620074412634
-1.1000417815224242
-0.9860055228676392
-0.8434548089734406
-0.9666328305094686
-1.2130126045906295
-1.0989763459358444
-0.9564256320416461
-0.6637816351904772
-0.910161409271638
-0.796125150616853
-0.6535744367226545
-0.77885917602182
-1.0252389501029808
-0.9112026914481958
-0.7686519775539975
-0.7646527723148512
-1.011032546396012
-0.8969962877412269
-0.7544455738470286
-0.8776235953830566
-1.1240033694642173
-1.0099671108094321
-0.8674163969152338
-0.7941675054608033
-1.0405472795419641
-0.9265110208871788
-0.7839603069929806
-0.9092450462921461
-1.1556248203733068
-1.0415885617185219
-0.8990378478243233
-0.8950386425851773
-1.1414184166663381
-1.0273821580115527
-0.8848314441173545
-1.0080094656533825
-1.2543892397345433
-1.1403529810797581
-0.9978022671855596
-0.747128586543076
-0.9935083606242368
-0.8794721019694518
-0.7369213880752532
-0.862206127374419
-1.1085859014555797
-0.9945496428007945
-0.851998928906596
-0.8479997236674499
-1.0943794977486108
-0.9803432390938257
-0.8377925251996271
-0.9609705467356554
-1.207350320816816
-1.093314062162031
-0.9507633482678326
-1.0208612175163725
-1.2672409915975333
-1.153204732942748
-1.0106540190485496
-1.1359387583477152
-1.3823185324288758
-1.2682822737740906
-1.1257315598798923
-1.1217323546407463
-1.368112128721907
-1.2540758700671217
-1.1115251561729234
-1.2347031777089514
-1.4810829517901125
-1.367046693135327
-1.2244959792411287
-0.9318519823899601
-1.1782317564711209
-1.0641954978163357
-0.9216447839221373
-1.046929523221303
-1.2933092973024638
-1.1792730386476786
-1.03672232475348
-1.032723119514334
-1.279102893595495
-1.1650666349407095
-1.0225159210465111
-1.1456939425825392
-1.3920737166637
-1.2780374580089149
-1.1354867441147165
-1.062237852660286
-1.3086176267414469
-1.194581368086662
-1.0520306541924636
-1.177315393491629
-1.4236951675727896
-1.3096589089180044
-1.167108195023806
-1.16310898978466
-1.409488763865821
-1.2954525052110357
-1.1529017913168373
-1.2760798128528654
-1.522459586934026
-1.4084233282792409
-1.2658726143850427
-1.0151989337425589
-1.2615787078237197
-1.1475424491689346
-1.004991735274736
-1.1302764745739018
-1.3766562486550624
-1.2626199900002772
-1.1200692761060789
-1.1160700708669329
-1.3624498449480933
-1.2484135862933086
-1.10586287239911
-1.229040893935138
-1.475420668016299
-1.3613844093615133
-1.2188336954673153
-1.0145854355898059
-1.260965209670967
-1.1469289510161815
-1.0043782371219832
-1.1296629764211488
-1.3760427505023094
-1.2620064918475242
-1.119455777953326
-1.1154565727141799
-1.3618363467953407
-1.2478000881405553
-1.105249374246357
-1.2284273957823848
-1.4748071698635457
-1.3607709112087605
-1.218220197314562
-0.9255762004633937
-1.1719559745445545
-1.0579197158897693
-0.9153690019955708
-1.0406537412947365
-1.2870335153758974
-1.172997256721112
-1.0304465428269138
-1.0264473375877676
-1.2728271116689287
-1.158790853014143
-1.0162401391199447
-1.1394181606559728
-1.3857979347371336
-1.2717616760823485
-1.12921096218815
-1.0559620707337198
-1.3023418448148807
-1.1883055861600953
-1.045754872265897
-1.1710396115650625
-1.4174193856462234
-1.3033831269914382
-1.1608324130972396
-1.1568332078580936
-1.4032129819392547
-1.289176723284469
-1.146626009390271
-1.269804030926299
-1.5161838050074599
-1.4021475463526742
-1.2595968324584763
-1.0089231518159925
-1.2553029258971533
-1.1412666672423681
-0.9987159533481696
-1.1240006926473354
-1.370380466728496
-1.2563442080737108
-1.1137934941795125
-1.1097942889403662
-1.356174063021527
-1.242137804366742
-1.0995870904725438
-1.2227651120085716
-1.4691448860897323
-1.355108627434947
-1.2125579135407487
-0.7463430937154871
-0.9927228677966481
-0.8786866091418628
-0.7361358952476643
-0.8614206345468299
-1.1078004086279907
-0.9937641499732055
-0.8512134360790072
-0.847214230839861
-1.0935940049210218
-0.9795577462662367
-0.8370070323720384
-0.9601850539080663
-1.2065648279892272
-1.092528569334442
-0.9499778554402436
-0.6573338585890749
-0.9037136326702357
-0.7896773740154506
-0.6471266601212521
-0.7724113994204178
-1.0187911735015787
-0.9047549148467933
-0.762204200952595
-0.7582049957134488
-1.0045847697946095
-0.8905485111398245
-0.747997797245626
-0.871175818781654
-1.117555592862815
-1.0035193342080295
-0.8609686203138314
-0.787719728859401
-1.0340995029405617
-0.9200632442857765
-0.7775125303915782
-0.9027972696907438
-1.1491770437719047
-1.0351407851171195
-0.892590071222921
-0.8885908659837749
-1.1349706400649358
-1.0209343814101506
-0.8783836675159521
-1.00156168905198
-1.2479414631331411
-1.1339052044783557
-0.9913544905841574
-0.7406808099416737
-0.9870605840228345
-0.8730243253680494
-0.730473611473851
-0.8557583507730165
-1.1021381248541773
-0.9881018661993922
-0.8455511523051936
-0.8415519470660476
-1.0879317211472084
-0.9738954624924234
-0.8313447485982248
-0.9545227701342529
-1.2009025442154135
-1.0868662855606286
-0.94431557166643
