-0.7661124923835886
-0.8004381724274375
-0.7409757648778611
-0.7582565451420854
-0.8544527903870643
-0.8887784704309133
-0.8293160628813367
-0.8465968431455609
-0.7620287733261443
-0.7963544533699932
-0.7368920458204168
-0.7541728260846412
-0.8731533412863582
-0.9074790213302071
-0.8480166137806306
-0.8652973940448551
-0.8526338743881442
-0.8869595544319931
-0.8274971468824167
-0.8447779271466409
-0.9409741723916197
-0.9752998524354688
-0.9158374448858922
-0.9331182251501166
-0.8485501553306999
-0.8828758353745487
-0.8234134278249724
-0.8406942080891966
-0.9596747232909136
-0.9940004033347626
-0.9345379957851861
-0.9518187760494106
-0.9462043345352735
-0.9805300145791225
-0.921067607029546
-0.9383483872937702
-1.034544632538749
-1.0688703125825978
-1.0094079050330216
-1.0266886852972459
-0.9421206154778292
-0.976446295521678
-0.9169838879721017
-0.934264668236326
-1.053245183438043
-1.0875708634818921
-1.0281084559323155
-1.04538923619654
-0.961251890310952
-0.995577570354801
-0.9361151628052246
-0.9533959430694489
-1.049592188314428
-1.0839178683582766
-1.0244554608087002
-1.0417362410729245
-0.9571681712535078
-0.9914938512973566
-0.9320314437477802
-0.9493122240120045
-1.0682927392137214
-1.1026184192575705
-1.043156011707994
-1.0604367919722184
-0.540746163825928
-0.5750718438697768
-0.5156094363202005
-0.5328902165844247
-0.6290864618294038
-0.6634121418732526
-0.6039497343236762
-0.6212305145879006
-0.5366624447684837
-0.5709881248123326
-0.5115257172627562
-0.5288064975269804
-0.6477870127286977
-0.6821126927725466
-0.6226502852229702
-0.6399310654871946
-0.6272675458304836
-0.6615932258743326
-0.6021308183247561
-0.6194115985889804
-0.7156078438339594
-0.7499335238778083
-0.6904711163282318
-0.7077518965924561
-0.6231838267730393
-0.6575095068168882
-0.5980470992673118
-0.6153278795315362
-0.7343083947332532
-0.7686340747771022
-0.7091716672275258
-0.7264524474917501
-0.720838005977613
-0.7551636860214619
-0.6957012784718855
-0.7129820587361099
-0.8091783039810887
-0.8435039840249376
-0.7840415764753612
-0.8013223567395855
-0.7167542869201687
-0.7510799669640176
-0.6916175594144411
-0.7088983396786656
-0.8278788548803825
-0.8622045349242315
-0.8027421273746551
-0.8200229076388794
-0.7358855617532915
-0.7702112417971404
-0.7107488342475641
-0.7280296145117884
-0.8242258597567672
-0.8585515398006162
-0.7990891322510396
-0.816369912515264
-0.7318018426958474
-0.7661275227396961
-0.7066651151901198
-0.7239458954543441
-0.8429264106560611
-0.8772520906999101
-0.8177896831503336
-0.8350704634145579
-0.7977576431494546
-0.8320833231933035
-0.7726209156437271
-0.7899016959079513
-0.8860979411529301
-0.920423621196779
-0.8609612136472027
-0.878241993911427
-0.7936739240920102
-0.8279996041358592
-0.7685371965862827
-0.785817976850507
-0.9047984920522242
-0.9391241720960729
-0.8796617645464965
-0.8969425448107209
-0.88427902515401
-0.9186047051978591
-0.8591422976482826
-0.876423077912507
-0.9726193231574858
-1.0069450032013347
-0.9474825956517582
-0.9647633759159825
-0.8801953060965657
-0.9145209861404147
-0.8550585785908382
-0.8723393588550626
-0.9913198740567796
-1.0256455541006286
-0.9661831465510521
-0.9834639268152766
-0.9778494853011394
-1.0121751653449882
-0.952712757795412
-0.9699935380596363
-1.066189783304615
-1.1005154633484642
-1.0410530557988875
-1.0583338360631118
-0.973765766243695
-1.0080914462875439
-0.9486290387379676
-0.965909819002192
-1.084890334203909
-1.119216014247758
-1.0597536066981814
-1.077034386962406
-0.9928970410768179
-1.0272227211206668
-0.9677603135710905
-0.9850410938353148
-1.0812373390802936
-1.1155630191241426
-1.0561006115745661
-1.0733813918387904
-0.9888133220193737
-1.0231390020632225
-0.9636765945136461
-0.9809573747778705
-1.0999378899795877
-1.1342635700234365
-1.07480116247386
-1.0920819427380843
-0.4556657428089384
-0.48999142285278724
-0.43052901530321086
-0.4478097955674352
-0.544006040812414
-0.5783317208562628
-0.5188693133066864
-0.5361500935709107
-0.4515820237514941
-0.4859077037953429
-0.42644529624576655
-0.4437260765099909
-0.5627065917117081
-0.5970322717555571
-0.5375698642059806
-0.5548506444702048
-0.5421871248134938
-0.5765128048573429
-0.5170503973077664
-0.5343311775719907
-0.6305274228169696
-0.6648531028608186
-0.605390695311242
-0.6226714755754664
-0.5381034057560495
-0.5724290857998985
-0.512966678250322
-0.5302474585145464
-0.6492279737162635
-0.6835536537601125
-0.6240912462105362
-0.6413720264747604
-0.6357575849606235
-0.6700832650044724
-0.6106208574548959
-0.6279016377191201
-0.7240978829640989
-0.7584235630079479
-0.6989611554583715
-0.7162419357225959
-0.6316738659031792
-0.665999545947028
-0.6065371383974516
-0.6238179186616758
-0.742798433863393
-0.7771241139072418
-0.7176617063576654
-0.7349424866218898
-0.650805140736302
-0.6851308207801509
-0.6256684132305744
-0.6429491934947988
-0.7391454387397774
-0.7734711187836264
-0.7140087112340499
-0.7312894914982743
-0.6467214216788577
-0.6810471017227065
-0.6215846941731301
-0.6388654744373545
-0.7578459896390716
-0.7921716696829203
-0.7327092621333441
-0.7499900423975683
-0.8698227772235523
-0.9041484572674012
-0.8446860497178247
-0.8619668299820492
-0.9581630752270279
-0.9924887552708769
-0.9330263477213004
-0.9503071279855249
-0.8657390581661081
-0.900064738209957
-0.8406023306603806
-0.8578831109246049
-0.9768636261263219
-1.0111893061701709
-0.9517268986205943
-0.9690076788848188
-0.9563441592281079
-0.9906698392719568
-0.9312074317223804
-0.9484882119866048
-1.0446844572315837
-1.0790101372754324
-1.0195477297258562
-1.0368285099900805
-0.9522604401706636
-0.9865861202145125
-0.9271237126649361
-0.9444044929291605
-1.0633850081308776
-1.0977106881747263
-1.03824828062515
-1.0555290608893744
-1.0499146193752373
-1.084240299419086
-1.0247778918695096
-1.0420586721337342
-1.138254917378713
-1.172580597422562
-1.1131181898729852
-1.13039897013721
-1.045830900317793
-1.0801565803616417
-1.0206941728120653
-1.0379749530762898
-1.156955468278007
-1.191281148321856
-1.1318187407722793
-1.1490995210365038
-1.0649621751509157
-1.0992878551947645
-1.0398254476451882
-1.0571062279094126
-1.1533024731543915
-1.1876281531982404
-1.128165745648664
-1.1454465259128883
-1.0608784560934716
-1.0952041361373202
-1.035741728587744
-1.0530225088519682
-1.1720030240536856
-1.2063287040975343
-1.146866296547958
-1.1641470768121822
-0.6444564486658919
-0.6787821287097409
-0.6193197211601643
-0.6366005014243885
-0.7327967466693674
-0.7671224267132164
-0.70766001916364
-0.7249407994278643
-0.6403727296084476
-0.6746984096522965
-0.61523600210272
-0.6325167823669442
-0.7514972975686615
-0.7858229776125102
-0.7263605700629339
-0.7436413503271582
-0.7309778306704474
-0.7653035107142964
-0.7058411031647199
-0.7231218834289442
-0.819318128673923
-0.853643808717772
-0.7941814011681955
-0.8114621814324199
-0.7268941116130032
-0.761219791656852
-0.7017573841072756
-0.7190381643715
-0.838018679573217
-0.8723443596170658
-0.8128819520674894
-0.8301627323317138
-0.8245482908175769
-0.8588739708614257
-0.7994115633118493
-0.8166923435760736
-0.9128885888210524
-0.9472142688649012
-0.8877518613153249
-0.9050326415795492
-0.8204645717601324
-0.8547902518039814
-0.795327844254405
-0.8126086245186293
-0.9315891397203463
-0.9659148197641952
-0.9064524122146188
-0.9237331924788432
-0.8395958465932554
-0.8739215266371043
-0.8144591190875279
-0.8317398993517521
-0.9279361445967308
-0.9622618246405799
-0.9027994170910034
-0.9200801973552277
-0.8355121275358111
-0.86983780757966
-0.8103754000300836
-0.8276561802943079
-0.9466366954960249
-0.9809623755398736
-0.9214999679902972
-0.9387807482545216
-0.9014679279894183
-0.9357936080332672
-0.8763312004836907
-0.8936119807479151
-0.989808225992894
-1.024133906036743
-0.9646714984871665
-0.9819522787513908
-0.897384208931974
-0.9317098889758229
-0.8722474814262464
-0.8895282616904708
-1.0085087768921879
-1.0428344569360368
-0.9833720493864604
-1.0006528296506847
-0.9879893099939739
-1.0223149900378228
-0.9628525824882463
-0.9801333627524706
-1.0763296079974494
-1.1106552880412983
-1.0511928804917219
-1.0684736607559462
-0.9839055909365296
-1.0182312709803785
-0.958768863430802
-0.9760496436950263
-1.0950301588967435
-1.1293558389405924
-1.0698934313910158
-1.0871742116552403
-1.081559770141103
-1.115885450184952
-1.0564230426353758
-1.0737038228995999
-1.1699000681445788
-1.2042257481884278
-1.144763340638851
-1.1620441209030756
-1.0774760510836587
-1.1118017311275077
-1.0523393235779315
-1.0696201038421556
-1.1886006190438727
-1.2229262990877214
-1.1634638915381452
-1.1807446718023695
-1.0966073259167817
-1.1309330059606308
-1.0714705984110542
-1.0887513786752787
-1.1849476239202577
-1.2192733039641064
-1.15981089641453
-1.1770916766787543
-1.0925236068593374
-1.1268492869031865
-1.0673868793536099
-1.0846676596178344
-1.2036481748195516
-1.2379738548634005
-1.1785114473138238
-1.1957922275780482
-0.5593760276489022
-0.5937017076927511
-0.5342393001431744
-0.5515200804073989
-0.6477163256523778
-0.6820420056962267
-0.6225795981466503
-0.6398603784108746
-0.5552923085914578
-0.5896179886353068
-0.5301555810857302
-0.5474363613499545
-0.6664168765516718
-0.7007425565955206
-0.6412801490459442
-0.6585609293101686
-0.6458974096534578
-0.6802230896973067
-0.6207606821477303
-0.6380414624119546
-0.7342377076569335
-0.7685633877007824
-0.7091009801512059
-0.7263817604154301
-0.6418136905960135
-0.6761393706398624
-0.616676963090286
-0.6339577433545103
-0.7529382585562272
-0.7872639386000764
-0.7278015310504998
-0.745082311314724
-0.7394678698005871
-0.773793549844436
-0.7143311422948596
-0.731611922559084
-0.8278081678040629
-0.8621338478479117
-0.8026714402983353
-0.8199522205625595
-0.7353841507431428
-0.7697098307869917
-0.7102474232374153
-0.7275282035016397
-0.8465087187033565
-0.8808343987472057
-0.8213719911976293
-0.8386527714618535
-0.7545154255762656
-0.7888411056201146
-0.7293786980705381
-0.7466594783347625
-0.8428557235797414
-0.8771814036235902
-0.8177189960740138
-0.834999776338238
-0.7504317065188213
-0.7847573865626702
-0.7252949790130938
-0.7425757592773182
-0.8615562744790353
-0.8958819545228842
-0.8364195469733077
-0.8537003272375322
-0.8020912626563887
-0.8364169427002377
-0.7769545351506613
-0.7942353154148857
-0.8904315606598645
-0.9247572407037133
-0.8652948331541369
-0.8825756134183613
-0.7980075435989445
-0.8323332236427935
-0.7728708160932171
-0.7901515963574414
-0.9091321115591584
-0.9434577916030075
-0.8839953840534309
-0.9012761643176553
-0.8886126446609445
-0.9229383247047933
-0.8634759171552169
-0.8807566974194413
-0.9769529426644201
-1.0112786227082688
-0.9518162151586925
-0.9690969954229168
-0.8845289256035002
-0.918854605647349
-0.8593921980977726
-0.876672978361997
-0.995653493563714
-1.029979173607563
-0.9705167660579865
-0.9877975463222108
-0.9821831048080738
-1.0165087848519228
-0.9570463773023462
-0.9743271575665706
-1.0705234028115496
-1.1048490828553985
-1.0453866753058216
-1.0626674555700464
-0.9780993857506295
-1.0124250657944784
-0.9529626582449019
-0.9702434385091263
-1.0892239537108435
-1.1235496337546924
-1.064087226205116
-1.0813680064693403
-0.9972306605837523
-1.0315563406276012
-0.9720939330780247
-0.9893747133422491
-1.0855709585872282
-1.119896638631077
-1.0604342310815005
-1.0777150113457248
-0.9931469415263081
-1.0274726215701568
-0.9680102140205805
-0.9852909942848048
-1.104271509486522
-1.138597189530371
-1.0791347819807944
-1.0964155622450187
-0.5767249340987284
-0.6110506141425773
-0.5515882065930009
-0.5688689868572251
-0.665065232102204
-0.6993909121460529
-0.6399285045964764
-0.6572092848607007
-0.5726412150412841
-0.606966895085133
-0.5475044875355566
-0.5647852677997808
-0.6837657830014979
-0.7180914630453468
-0.6586290554957704
-0.6759098357599947
-0.6632463161032839
-0.6975719961471328
-0.6381095885975564
-0.6553903688617807
-0.7515866141067595
-0.7859122941506086
-0.7264498866010319
-0.7437306668652564
-0.6591625970458398
-0.6934882770896885
-0.6340258695401121
-0.6513066498043365
-0.7702871650060534
-0.8046128450499024
-0.745150437500326
-0.7624312177645504
-0.7568167762504134
-0.7911424562942622
-0.7316800487446857
-0.74896082900891
-0.8451570742538889
-0.8794827542977378
-0.8200203467481615
-0.8373011270123858
-0.752733057192969
-0.7870587372368179
-0.7275963296872414
-0.7448771099514657
-0.8638576251531828
-0.8981833051970317
-0.8387208976474553
-0.8560016779116797
-0.771864332026092
-0.8061900120699408
-0.7467276045203644
-0.7640083847845885
-0.8602046300295674
-0.8945303100734164
-0.8350679025238399
-0.8523486827880642
-0.7677806129686476
-0.8021062930124965
-0.74264388546292
-0.7599246657271443
-0.8789051809288614
-0.9132308609727102
-0.8537684534231338
-0.8710492336873582
-0.8337364134222548
-0.8680620934661037
-0.8085996859165273
-0.8258804661807517
-0.9220767114257306
-0.9564023914695794
-0.896939983920003
-0.9142207641842273
-0.8296526943648105
-0.8639783744086594
-0.804515966859083
-0.8217967471233074
-0.9407772623250243
-0.9751029423688734
-0.9156405348192969
-0.9329213150835212
-0.9202577954268104
-0.9545834754706594
-0.8951210679210829
-0.9124018481853072
-1.0085980934302858
-1.042923773474135
-0.9834613659245585
-1.0007421461887829
-0.9161740763693661
-0.950499756413215
-0.8910373488636386
-0.9083181291278629
-1.02729864432958
-1.061624324373429
-1.0021619168238525
-1.0194426970880768
-1.0138282555739397
-1.0481539356177887
-0.9886915280682123
-1.0059723083324366
-1.1021685535774153
-1.1364942336212642
-1.0770318260716878
-1.094312606335912
-1.0097445365164954
-1.0440702165603442
-0.9846078090107679
-1.001888589274992
-1.1208691044767094
-1.155194784520558
-1.0957323769709817
-1.113013157235206
-1.0288758113496184
-1.0632014913934673
-1.0037390838438907
-1.0210198641081152
-1.1172161093530941
-1.151541789396943
-1.0920793818473664
-1.109360162111591
-1.024792092292174
-1.059117772336023
-0.9996553647864465
-1.0169361450506709
-1.135916660252388
-1.170242340296237
-1.1107799327466603
-1.1280607130108846
-0.4916445130817387
-0.5259701931255876
-0.466507785576011
-0.48378856584023544
-0.5799848110852144
-0.6143104911290632
-0.5548480835794868
-0.5721288638437111
-0.48756079402429436
-0.5218864740681433
-0.4624240665185668
-0.47970484678279113
-0.5986853619845083
-0.6330110420283572
-0.5735486344787808
-0.5908294147430052
-0.5781658950862943
-0.6124915751301432
-0.5530291675805667
-0.570309947844791
-0.66650619308977
-0.7008318731336189
-0.6413694655840424
-0.6586502458482666
-0.57408217602885
-0.6084078560726989
-0.5489454485231224
-0.5662262287873467
-0.6852067439890637
-0.7195324240329128
-0.6600700164833364
-0.6773507967475606
-0.6717363552334237
-0.7060620352772725
-0.6465996277276961
-0.6638804079919205
-0.7600766532368993
-0.7944023332807483
-0.7349399257311718
-0.752220705995396
-0.6676526361759794
-0.7019783162198282
-0.6425159086702518
-0.6597966889344762
-0.778777204136193
-0.8131028841800422
-0.7536404766304657
-0.7709212568946899
-0.6867839110091022
-0.721109591052951
-0.6616471835033746
-0.678927963767599
-0.7751242090125778
-0.8094498890564268
-0.7499874815068502
-0.7672682617710744
-0.6827001919516579
-0.7170258719955067
-0.6575634644459303
-0.6748442447101547
-0.7938247599118717
-0.8281504399557207
-0.7686880324061443
-0.7859688126703687
-0.9120879838491703
-0.9464136638930191
-0.8869512563434427
-0.904232036607667
-1.000428281852646
-1.0347539618964947
-0.9752915543469184
-0.9925723346111428
-0.9080042647917261
-0.942329944835575
-0.8828675372859985
-0.9001483175502228
-1.0191288327519399
-1.0534545127957888
-0.9939921052462123
-1.0112728855104367
-0.9986093658537258
-1.0329350458975748
-0.9734726383479982
-0.9907534186122227
-1.0869496638572014
-1.1212753439010505
-1.061812936351474
-1.0790937166156984
-0.9945256467962816
-1.0288513268401305
-0.969388919290554
-0.9866696995547783
-1.1056502147564955
-1.1399758948003444
-1.080513487250768
-1.0977942675149923
-1.0921798260008553
-1.1265055060447042
-1.0670430984951276
-1.084323878759352
-1.180520124004331
-1.21484580404818
-1.1553833964986033
-1.1726641767628279
-1.0880961069434107
-1.12242178698726
-1.0629593794376835
-1.0802401597019078
-1.199220674903625
-1.2335463549474737
-1.1740839473978972
-1.1913647276621215
-1.1072273817765337
-1.1415530618203829
-1.0820906542708064
-1.0993714345350305
-1.1955676797800097
-1.2298933598238586
-1.170430952274282
-1.1877117325385063
-1.1031436627190898
-1.1374693427629383
-1.078006935213362
-1.0952877154775862
-1.2142682306793033
-1.2485939107231525
-1.189131503173576
-1.2064122834378002
-0.6867216552915099
-0.7210473353353587
-0.6615849277857823
-0.6788657080500067
-0.7750619532949855
-0.8093876333388345
-0.749925225789258
-0.7672060060534823
-0.6826379362340655
-0.7169636162779144
-0.657501208728338
-0.6747819889925624
-0.7937625041942795
-0.8280881842381282
-0.7686257766885519
-0.7859065569527762
-0.7732430372960655
-0.8075687173399143
-0.7481063097903379
-0.7653870900545622
-0.861583335299541
-0.8959090153433901
-0.8364466077938136
-0.8537273880580378
-0.7691593182386212
-0.80348499828247
-0.7440225907328936
-0.761303370997118
-0.8802838861988349
-0.9146095662426839
-0.8551471586931074
-0.8724279389573317
-0.8668134974431948
-0.9011391774870438
-0.8416767699374673
-0.8589575502016917
-0.9551537954466703
-0.9894794754905193
-0.930017067940943
-0.9472978482051672
-0.8627297783857505
-0.8970554584295994
-0.837593050880023
-0.8548738311442474
-0.9738543463459642
-1.0081800263898133
-0.9487176188402368
-0.9659983991044611
-0.8818610532188733
-0.9161867332627222
-0.8567243257131457
-0.8740051059773701
-0.9702013512223489
-1.0045270312661978
-0.9450646237166215
-0.9623454039808458
-0.877777334161429
-0.9121030142052778
-0.8526406066557014
-0.8699213869199258
-0.988901902121643
-1.0232275821654917
-0.9637651746159153
-0.9810459548801396
-0.9437331346150363
-0.9780588146588851
-0.9185964071093088
-0.9358771873735331
-1.032073432618512
-1.0663991126623609
-1.0069367051127844
-1.0242174853770087
-0.9396494155575918
-0.9739750956014408
-0.9145126880518644
-0.9317934683160888
-1.0507739835178058
-1.0850996635616545
-1.0256372560120783
-1.0429180362763026
-1.0302545166195918
-1.0645801966634407
-1.0051177891138643
-1.0223985693780888
-1.1185948146230673
-1.1529204946669163
-1.0934580871173398
-1.1107388673815644
-1.0261707975621475
-1.0604964776059964
-1.00103407005642
-1.0183148503206445
-1.1372953655223612
-1.17162104556621
-1.1121586380166337
-1.129439418280858
-1.1238249767667212
-1.1581506568105702
-1.0986882492609937
-1.115969029525218
-1.2121652747701968
-1.2464909548140457
-1.187028547264469
-1.2043093275286936
-1.119741257709277
-1.1540669377531259
-1.0946045302035494
-1.1118853104677737
-1.2308658256694904
-1.2651915057133394
-1.205729098163763
-1.2230098784279875
-1.1388725325423998
-1.1731982125862488
-1.1137358050366724
-1.1310165853008967
-1.2272128305458756
-1.2615385105897243
-1.202076103040148
-1.2193568833043722
-1.1347888134849555
-1.1691144935288045
-1.1096520859792278
-1.1269328662434523
-1.2459133814451693
-1.2802390614890184
-1.2207766539394418
-1.2380574342036659
-0.6016412342745201
-0.6359669143183692
-0.5765045067687927
-0.5937852870330169
-0.6899815322779957
-0.7243072123218447
-0.6648448047722685
-0.6821255850364927
-0.597557515217076
-0.6318831952609248
-0.5724207877113484
-0.5897015679755726
-0.7086820831772898
-0.7430077632211386
-0.6835453556715622
-0.7008261359357866
-0.6881626162790757
-0.7224882963229249
-0.6630258887733483
-0.6803066690375725
-0.7765029142825514
-0.8108285943264003
-0.7513661867768239
-0.7686469670410483
-0.6840788972216314
-0.7184045772654806
-0.658942169715904
-0.6762229499801282
-0.7952034651818454
-0.8295291452256942
-0.7700667376761178
-0.7873475179403422
-0.781733076426205
-0.816058756470054
-0.7565963489204778
-0.773877129184702
-0.8700733744296808
-0.9043990544735296
-0.8449366469239532
-0.8622174271881776
-0.7776493573687607
-0.8119750374126097
-0.7525126298630335
-0.7697934101272577
-0.8887739253289747
-0.9230996053728237
-0.8636371978232471
-0.8809179780874715
-0.7967806322018836
-0.8311063122457327
-0.7716439046961562
-0.7889246849603804
-0.8851209302053592
-0.9194466102492082
-0.8599842026996317
-0.8772649829638561
-0.7926969131444395
-0.8270225931882884
-0.7675601856387119
-0.7848409659029364
-0.9038214811046532
-0.938147161148502
-0.8786847535989256
-0.89596553386315
