-0.7417774725626468
-0.885776938305384
-0.7869455141379033
-0.5147091644910334
-0.6150711200867126
-0.7590705858294501
-0.6602391616619695
-0.3880028120150994
-0.717310752523736
-0.8613102182664731
-0.7624787940989926
-0.4902424444521225
-0.8572681656515864
-1.0012676313943234
-0.9024362072268428
-0.6301998575799728
-0.7168820815675194
-0.8608815473102566
-0.762050123142776
-0.4898137734959059
-0.5901757290915854
-0.7341751948343227
-0.6353437706668422
-0.363107421019972
-0.6924153615286087
-0.836414827271346
-0.7375834031038654
-0.4653470534569951
-0.8323727746564589
-0.976372240399196
-0.8775408162317154
-0.6053044665848455
-0.8219844253542815
-0.9659838910970188
-0.8671524669295382
-0.5949161172826681
-0.6952780728783478
-0.8392775386210849
-0.7404461144536043
-0.46820976480673426
-0.7975177053153708
-0.941517171058108
-0.8426857468906274
-0.5704493972437574
-0.9374751184432211
-1.0814745841859583
-0.9826431600184776
-0.7104068103716076
-1.0211958071058505
-1.1651952728485877
-1.0663638486811071
-0.7941274990342372
-0.8944894546299165
-1.0384889203726537
-0.9396574962051732
-0.6674211465583032
-0.9967290870669397
-1.1407285528096769
-1.0418971286421965
-0.7696607789953264
-1.1366865001947901
-1.2806859659375271
-1.1818545417700468
-0.9096181921231765
-0.8751013650791987
-1.0191008308219358
-0.9202694066544553
-0.6480330570075854
-0.7483950126032648
-0.8923944783460019
-0.7935630541785215
-0.5213267045316514
-0.850634645040288
-0.9946341107830251
-0.8958026866155446
-0.6235663369686745
-0.9905920581681383
-1.1345915239108753
-1.035760099743395
-0.7635237500965248
-0.8502059740840714
-0.9942054398268085
-0.8953740156593281
-0.623137666012458
-0.7234996216081375
-0.8674990873508747
-0.7686676631833941
-0.49643131353652414
-0.8257392540451607
-0.9697387197878978
-0.8709072956204174
-0.5986709459735473
-0.9656966671730111
-1.109696132915748
-1.0108647087482676
-0.7386283591013975
-0.9553083178708335
-1.0993077836135707
-1.0004763594460901
-0.7282400097992202
-0.8286019653948997
-0.9726014311376368
-0.8737700069701563
-0.6015336573232862
-0.9308415978319228
-1.07484106357466
-0.9760096394071794
-0.7037732897603095
-1.0707990109597731
-1.21479847670251
-1.1159670525350298
-0.8437307028881597
-1.1545196996224023
-1.2985191653651396
-1.1996877411976594
-0.9274513915507892
-1.0278133471464688
-1.1718128128892056
-1.0729813887217252
-0.8007450390748552
-1.1300529795834917
-1.274052445326229
-1.1752210211587486
-0.9029846715118784
-1.2700103927113422
-1.4140098584540794
-1.3151784342865989
-1.0429420846397286
-0.9861631131137424
-1.1301625788564797
-1.0313311546889992
-0.7590948050421292
-0.8594567606378087
-1.0034562263805458
-0.9046248022130652
-0.6323884525661951
-0.9616963930748317
-1.105695858817569
-1.0068644346500883
-0.7346280850032184
-1.101653806202682
-1.245653271945419
-1.1468218477779388
-0.8745854981310687
-0.9612677221186151
-1.1052671878613523
-1.0064357636938719
-0.7341994140470018
-0.8345613696426812
-0.9785608353854186
-0.8797294112179378
-0.6074930615710679
-0.9368010020797044
-1.0808004678224417
-0.9819690436549611
-0.7097326940080911
-1.0767584152075547
-1.2207578809502915
-1.1219264567828113
-0.8496901071359414
-1.0663700659053774
-1.2103695316481144
-1.111538107480634
-0.839301757833764
-0.9396637134294434
-1.0836631791721807
-0.9848317550047
-0.71259540535783
-1.0419033458664666
-1.1859028116092036
-1.0870713874417235
-0.8148350377948533
-1.1818607589943169
-1.3258602247370537
-1.2270288005695733
-0.9547924509227035
-1.2655814476569465
-1.4095809133996837
-1.3107494892322034
-1.0385131395853329
-1.1388750951810125
-1.2828745609237495
-1.1840431367562692
-0.9118067871093989
-1.2411147276180359
-1.3851141933607731
-1.2862827691932925
-1.0140464195464223
-1.3810721407458861
-1.525071606488623
-1.4262401823211428
-1.1540038326742728
-0.7261605152467794
-0.8701599809895166
-0.7713285568220362
-0.49909220717516617
-0.5994541627708455
-0.7434536285135828
-0.6446222043461022
-0.3723858546992323
-0.7016937952078687
-0.8456932609506059
-0.7468618367831253
-0.47462548713625535
-0.8416512083357188
-0.9856506740784561
-0.8868192499109756
-0.6145829002641056
-0.7012651242516521
-0.8452645899943894
-0.7464331658269089
-0.4741968161800389
-0.5745587717757182
-0.7185582375184555
-0.6197268133509749
-0.34749046370410497
-0.6767984042127414
-0.8207978699554787
-0.7219664457879981
-0.4497300961411282
-0.8167558173405918
-0.9607552830833288
-0.8619238589158482
-0.5896875092689783
-0.8063674680384144
-0.9503669337811516
-0.851535509613671
-0.579299159966801
-0.6796611155624804
-0.8236605813052176
-0.7248291571377371
-0.45259280749086717
-0.7819007479995037
-0.9259002137422407
-0.8270687895747603
-0.5548324399278903
-0.9218581611273537
-1.065857626870091
-0.9670262027026104
-0.6947898530557404
-1.0055788497899834
-1.1495783155327204
-1.05074689136524
-0.77851054171837
-0.8788724973140494
-1.0228719630567864
-0.924040538889306
-0.651804189242436
-0.9811121297510726
-1.1251115954938096
-1.0262801713263292
-0.7540438216794593
-1.1210695428789228
-1.2650690086216598
-1.1662375844541795
-0.8940012348073093
-0.7709755323225416
-0.9149749980652789
-0.8161435738977983
-0.5439072242509283
-0.6442691798466077
-0.788268645589345
-0.6894372214218644
-0.4172008717749943
-0.7465088122836309
-0.8905082780263681
-0.7916768538588875
-0.5194405042120175
-0.8864662254114812
-1.0304656911542183
-0.9316342669867378
-0.6593979173398679
-0.7460801413274145
-0.8900796070701517
-0.7912481829026708
-0.519011833255801
-0.6193737888514806
-0.7633732545942177
-0.664541830426737
-0.39230548077986693
-0.7216134212885036
-0.8656128870312407
-0.7667814628637601
-0.4945451132168902
-0.8615708344163538
-1.005570300159091
-0.9067388759916105
-0.6345025263447405
-0.8511824851141765
-0.9951819508569137
-0.8963505266894332
-0.6241141770425631
-0.7244761326382426
-0.8684755983809799
-0.7696441742134993
-0.49740782456662913
-0.8267157650752658
-0.9707152308180029
-0.8718838066505223
-0.5996474570036523
-0.9666731782031159
-1.1106726439458532
-1.0118412197783726
-0.7396048701315027
-1.0503938668657455
-1.1943933326084826
-1.0955619084410022
-0.823325558794132
-0.9236875143898116
-1.0676869801325488
-0.968855555965068
-0.6966192063181982
-1.0259271468268347
-1.1699266125695718
-1.0710951884020912
-0.7988588387552212
-1.165884559954685
-1.309884025697422
-1.2110526015299419
-0.9388162518830716
-0.9042994248390938
-1.048298890581831
-0.9494674664143502
-0.6772311167674802
-0.7775930723631599
-0.9215925381058969
-0.8227611139384162
-0.5505247642915464
-0.8798327048001828
-1.02383217054292
-0.9250007463754394
-0.6527643967285695
-1.019790117928033
-1.1637895836707701
-1.0649581595032898
-0.7927218098564198
-0.8794040338439665
-1.0234034995867036
-0.9245720754192229
-0.652335725772353
-0.7526976813680323
-0.8966971471107696
-0.7978657229432891
-0.5256293732964191
-0.8549373138050556
-0.9989367795477928
-0.9001053553803121
-0.6278690057334423
-0.9948947269329058
-1.1388941926756428
-1.0400627685081623
-0.7678264188612923
-0.9845063776307285
-1.1285058433734656
-1.029674419205985
-0.7574380695591151
-0.8578000251547946
-1.0017994908975318
-0.902968066730051
-0.6307317170831812
-0.9600396575918178
-1.104039123334555
-1.0052076991670742
-0.7329713495202044
-1.0999970707196678
-1.2439965364624048
-1.1451651122949247
-0.8729287626480546
-1.1837177593822976
-1.3277172251250347
-1.228885800957554
-0.9566494513106839
-1.0570114069063634
-1.2010108726491007
-1.10217944848162
-0.82994309883475
-1.1592510393433868
-1.3032505050861236
-1.2044190809186435
-0.9321827312717732
-1.299208452471237
-1.4432079182139743
-1.344376494046494
-1.0721401443996232
-1.0153611728736374
-1.1593606386163744
-1.060529214448894
-0.7882928648020241
-0.8886548203977036
-1.0326542861404406
-0.9338228619729602
-0.6615865123260902
-0.9908944528347268
-1.134893918577464
-1.0360624944099834
-0.7638261447631134
-1.130851865962577
-1.2748513317053138
-1.1760199075378333
-0.9037835578909635
-0.9904657818785102
-1.1344652476212471
-1.0356338234537668
-0.7633974738068968
-0.8637594294025762
-1.0077588951453134
-0.9089274709778329
-0.6366911213309628
-0.9659990618395995
-1.1099985275823367
-1.011167103414856
-0.738930753767986
-1.1059564749674495
-1.2499559407101868
-1.1511245165427062
-0.8788881668958362
-1.0955681256652725
-1.2395675914080093
-1.140736167240529
-0.8684998175936589
-0.9688617731893383
-1.1128612389320756
-1.014029814764595
-0.741793465117725
-1.0711014056263615
-1.2151008713690987
-1.1162694472016181
-0.8440330975547482
-1.2110588187542117
-1.3550582844969485
-1.2562268603294682
-0.9839905106825984
-1.2947795074168413
-1.4387789731595786
-1.339947548992098
-1.067711199345228
-1.1680731549409074
-1.3120726206836444
-1.2132411965161642
-0.941004846869294
-1.2703127873779307
-1.4143122531206678
-1.3154808289531874
-1.0432444793063174
-1.410270200505781
-1.5542696662485178
-1.4554382420810377
-1.1832018924341674
-0.7553585750066745
-0.8993580407494117
-0.800526616581931
-0.528290266935061
-0.6286522225307406
-0.7726516882734776
-0.673820264105997
-0.40158391445912706
-0.7308918549677638
-0.8748913207105009
-0.7760598965430202
-0.5038235468961503
-0.8708492680956138
-1.0148487338383512
-0.9160173096708704
-0.6437809600240004
-0.7304631840115472
-0.8744626497542843
-0.7756312255868036
-0.5033948759399338
-0.6037568315356132
-0.7477562972783504
-0.6489248731108698
-0.3766885234639999
-0.7059964639726365
-0.8499959297153735
-0.7511645055478929
-0.4789281559010229
-0.8459538771004865
-0.9899533428432238
-0.8911219186757432
-0.6188855690288732
-0.8355655277983094
-0.9795649935410465
-0.8807335693735658
-0.6084972197266959
-0.7088591753223753
-0.8528586410651127
-0.7540272168976319
-0.48179086725076203
-0.8110988077593985
-0.9550982735021357
-0.8562668493346551
-0.5840304996877851
-0.9510562208872488
-1.0950556866299859
-0.9962242624625053
-0.7239879128156355
-1.0347769095498782
-1.1787763752926153
-1.0799449511251349
-0.8077086014782647
-0.9080705570739442
-1.0520700228166815
-0.9532385986492008
-0.6810022490023309
-1.0103101895109674
-1.1543096552537044
-1.055478231086224
-0.783241881439354
-1.1502676026388177
-1.294267068381555
-1.1954356442140746
-0.9231992945672043
-0.7709755323225416
-0.9149749980652789
-0.8161435738977983
-0.5439072242509283
-0.6442691798466077
-0.788268645589345
-0.6894372214218644
-0.4172008717749943
-0.7465088122836309
-0.8905082780263681
-0.7916768538588875
-0.5194405042120175
-0.8864662254114812
-1.0304656911542183
-0.9316342669867378
-0.6593979173398679
-0.7460801413274145
-0.8900796070701517
-0.7912481829026708
-0.519011833255801
-0.6193737888514806
-0.7633732545942177
-0.664541830426737
-0.39230548077986693
-0.7216134212885036
-0.8656128870312407
-0.7667814628637601
-0.4945451132168902
-0.8615708344163538
-1.005570300159091
-0.9067388759916105
-0.6345025263447405
-0.8511824851141765
-0.9951819508569137
-0.8963505266894332
-0.6241141770425631
-0.7244761326382426
-0.8684755983809799
-0.7696441742134993
-0.49740782456662913
-0.8267157650752658
-0.9707152308180029
-0.8718838066505223
-0.5996474570036523
-0.9666731782031159
-1.1106726439458532
-1.0118412197783726
-0.7396048701315027
-1.0503938668657455
-1.1943933326084826
-1.0955619084410022
-0.823325558794132
-0.9236875143898116
-1.0676869801325488
-0.968855555965068
-0.6966192063181982
-1.0259271468268347
-1.1699266125695718
-1.0710951884020912
-0.7988588387552212
-1.165884559954685
-1.309884025697422
-1.2110526015299419
-0.9388162518830716
-0.9042994248390938
-1.048298890581831
-0.9494674664143502
-0.6772311167674802
-0.7775930723631599
-0.9215925381058969
-0.8227611139384162
-0.5505247642915464
-0.8798327048001828
-1.02383217054292
-0.9250007463754394
-0.6527643967285695
-1.019790117928033
-1.1637895836707701
-1.0649581595032898
-0.7927218098564198
-0.8794040338439665
-1.0234034995867036
-0.9245720754192229
-0.652335725772353
-0.7526976813680323
-0.8966971471107696
-0.7978657229432891
-0.5256293732964191
-0.8549373138050556
-0.9989367795477928
-0.9001053553803121
-0.6278690057334423
-0.9948947269329058
-1.1388941926756428
-1.0400627685081623
-0.7678264188612923
-0.9845063776307285
-1.1285058433734656
-1.029674419205985
-0.7574380695591151
-0.8578000251547946
-1.0017994908975318
-0.902968066730051
-0.6307317170831812
-0.9600396575918178
-1.104039123334555
-1.0052076991670742
-0.7329713495202044
-1.0999970707196678
-1.2439965364624048
-1.1451651122949247
-0.8729287626480546
-1.1837177593822976
-1.3277172251250347
-1.228885800957554
-0.9566494513106839
-1.0570114069063634
-1.2010108726491007
-1.10217944848162
-0.82994309883475
-1.1592510393433868
-1.3032505050861236
-1.2044190809186435
-0.9321827312717732
-1.299208452471237
-1.4432079182139743
-1.344376494046494
-1.0721401443996232
-1.0153611728736374
-1.1593606386163744
-1.060529214448894
-0.7882928648020241
-0.8886548203977036
-1.0326542861404406
-0.9338228619729602
-0.6615865123260902
-0.9908944528347268
-1.134893918577464
-1.0360624944099834
-0.7638261447631134
-1.130851865962577
-1.2748513317053138
-1.1760199075378333
-0.9037835578909635
-0.9904657818785102
-1.1344652476212471
-1.0356338234537668
-0.7633974738068968
-0.8637594294025762
-1.0077588951453134
-0.9089274709778329
-0.6366911213309628
-0.9659990618395995
-1.1099985275823367
-1.011167103414856
-0.738930753767986
-1.1059564749674495
-1.2499559407101868
-1.1511245165427062
-0.8788881668958362
-1.0955681256652725
-1.2395675914080093
-1.140736167240529
-0.8684998175936589
-0.9688617731893383
-1.1128612389320756
-1.014029814764595
-0.741793465117725
-1.0711014056263615
-1.2151008713690987
-1.1162694472016181
-0.8440330975547482
-1.2110588187542117
-1.3550582844969485
-1.2562268603294682
-0.9839905106825984
-1.2947795074168413
-1.4387789731595786
-1.339947548992098
-1.067711199345228
-1.1680731549409074
-1.3120726206836444
-1.2132411965161642
-0.941004846869294
-1.2703127873779307
-1.4143122531206678
-1.3154808289531874
-1.0432444793063174
-1.410270200505781
-1.5542696662485178
-1.4554382420810377
-1.1832018924341674
-0.7553585750066745
-0.8993580407494117
-0.800526616581931
-0.528290266935061
-0.6286522225307406
-0.7726516882734776
-0.673820264105997
-0.40158391445912706
-0.7308918549677638
-0.8748913207105009
-0.7760598965430202
-0.5038235468961503
-0.8708492680956138
-1.0148487338383512
-0.9160173096708704
-0.6437809600240004
-0.7304631840115472
-0.8744626497542843
-0.7756312255868036
-0.5033948759399338
-0.6037568315356132
-0.7477562972783504
-0.6489248731108698
-0.3766885234639999
-0.7059964639726365
-0.8499959297153735
-0.7511645055478929
-0.4789281559010229
-0.8459538771004865
-0.9899533428432238
-0.8911219186757432
-0.6188855690288732
-0.8355655277983094
-0.9795649935410465
-0.8807335693735658
-0.6084972197266959
-0.7088591753223753
-0.8528586410651127
-0.7540272168976319
-0.48179086725076203
-0.8110988077593985
-0.9550982735021357
-0.8562668493346551
-0.5840304996877851
-0.9510562208872488
-1.0950556866299859
-0.9962242624625053
-0.7239879128156355
-1.0347769095498782
-1.1787763752926153
-1.0799449511251349
-0.8077086014782647
-0.9080705570739442
-1.0520700228166815
-0.9532385986492008
-0.6810022490023309
-1.0103101895109674
-1.1543096552537044
-1.055478231086224
-0.783241881439354
-1.1502676026388177
-1.294267068381555
-1.1954356442140746
-0.9231992945672043
-0.892956986937534
-1.036956452680271
-0.9381250285127906
-0.6658886788659206
-0.7662506344616001
-0.9102501002043372
-0.8114186760368566
-0.5391823263899865
-0.8684902668986233
-1.0124897326413604
-0.9136583084738797
-0.6414219588270099
-1.0084476800264734
-1.1524471457692107
-1.05361572160173
-0.78137937195486
-0.8680615959424067
-1.0120610616851438
-0.9132296375176632
-0.6409932878707933
-0.7413552434664727
-0.8853547092092099
-0.7865232850417293
-0.5142869353948591
-0.843594875903496
-0.987594341646233
-0.8887629174787526
-0.6165265678318826
-0.9835522890313461
-1.1275517547740832
-1.0287203306066026
-0.7564839809597327
-0.9731639397291687
-1.117163405471906
-1.0183319813044254
-0.7460956316575554
-0.8464575872532348
-0.990457052995972
-0.8916256288284914
-0.6193892791816215
-0.948697219690258
-1.0926966854329951
-0.9938652612655147
-0.7216289116186447
-1.0886546328181084
-1.2326540985608454
-1.1338226743933648
-0.8615863247464949
-1.1723753214807375
-1.3163747872234748
-1.2175433630559946
-0.9453070134091244
-1.0456689690048038
-1.189668434747541
-1.0908370105800602
-0.8186006609331904
-1.147908601441827
-1.2919080671845642
-1.1930766430170838
-0.9208402933702137
-1.2878660145696772
-1.4318654803124142
-1.333034056144934
-1.0607977064980638
-1.0262808794540859
-1.170280345196823
-1.0714489210293425
-0.7992125713824725
-0.899574526978152
-1.0435739927208891
-0.9447425685534087
-0.6725062189065386
-1.0018141594151753
-1.1458136251579123
-1.0469822009904317
-0.7747458513435618
-1.1417715725430253
-1.2857710382857623
-1.186939614118282
-0.9147032644714119
-1.0013854884589586
-1.1453849542016956
-1.0465535300342153
-0.7743171803873453
-0.8746791359830247
-1.0186786017257619
-0.9198471775582814
-0.6476108279114112
-0.9769187684200479
-1.120918234162785
-1.0220868099953047
-0.7498504603484346
-1.116876181547898
-1.260875647290635
-1.1620442231231547
-0.8898078734762846
-1.1064878322457206
-1.2504872979884578
-1.1516558738209774
-0.8794195241741073
-0.9797814797697868
-1.123780945512524
-1.0249495213450435
-0.7527131716981734
-1.08202111220681
-1.226020577949547
-1.1271891537820666
-0.8549528041351967
-1.2219785253346602
-1.3659779910773973
-1.267146566909917
-0.9949102172630468
-1.3056992139972898
-1.449698679740027
-1.3508672555725465
-1.078630905925676
-1.1789928615213556
-1.3229923272640929
-1.2241609030966127
-0.9519245534497425
-1.281232493958379
-1.425231959701116
-1.326400535533636
-1.0541641858867654
-1.4211899070862297
-1.5651893728289665
-1.4663579486614864
-1.194121599014616
-1.1373426274886296
-1.2813420932313666
-1.1825106690638865
-0.9102743194170163
-1.0106362750126958
-1.154635740755433
-1.0558043165879523
-0.7835679669410823
-1.112875907449719
-1.256875373192456
-1.1580439490249756
-0.8858075993781056
-1.252833320577569
-1.3968327863203063
-1.2980013621528257
-1.0257650125059559
-1.1124472364935023
-1.256446702236239
-1.1576152780687592
-0.885378928421889
-0.9857408840175684
-1.1297403497603056
-1.030908925592825
-0.758672575945955
-1.0879805164545917
-1.2319799821973285
-1.1331485580298482
-0.8609122083829782
-1.227937929582442
-1.3719373953251788
-1.2731059711576982
-1.0008696215108284
-1.2175495802802645
-1.3615490460230013
-1.2627176218555212
-0.9904812722086511
-1.0908432278043307
-1.2348426935470678
-1.1360112693795872
-0.8637749197327173
-1.193082860241354
-1.3370823259840907
-1.2382509018166103
-0.9660145521697404
-1.3330402733692037
-1.477039739111941
-1.3782083149444604
-1.1059719652975906
-1.4167609620318338
-1.560760427774571
-1.4619290036070904
-1.1896926539602204
-1.2900546095558996
-1.4340540752986368
-1.3352226511311565
-1.0629863014842862
-1.392294241992923
-1.5362937077356602
-1.4374622835681798
-1.1652259339213096
-1.5322516551207734
-1.6762511208635102
-1.5774196966960297
-1.3051833470491598
-0.8773400296216667
-1.021339495364404
-0.9225080711969232
-0.6502717215500533
-0.7506336771457327
-0.89463314288847
-0.7958017187209894
-0.5235653690741194
-0.852873309582756
-0.9968727753254931
-0.8980413511580125
-0.6258050015111426
-0.992830722710606
-1.1368301884533432
-1.0379987642858628
-0.7657624146389927
-0.8524446386265393
-0.9964441043692766
-0.897612680201796
-0.625376330554926
-0.7257382861506054
-0.8697377518933427
-0.7709063277258621
-0.4986699780789921
-0.8279779185876286
-0.9719773843303658
-0.8731459601628851
-0.6009096105160153
-0.9679353317154787
-1.1119347974582159
-1.0131033732907355
-0.7408670236438655
-0.9575469824133016
-1.1015464481560386
-1.002715023988558
-0.7304786743416882
-0.8308406299373677
-0.9748400956801048
-0.8760086715126243
-0.6037723218657544
-0.9330802623743909
-1.0770797281171278
-0.9782483039496473
-0.7060119543027774
-1.073037675502241
-1.2170371412449783
-1.1182057170774975
-0.8459693674306277
-1.1567583641648704
-1.3007578299076075
-1.2019264057401273
-0.9296900560932571
-1.0300520116889367
-1.1740514774316737
-1.0752200532641931
-0.8029837036173232
-1.1322916441259598
-1.2762911098686969
-1.1774596857012163
-0.9052233360543464
-1.2722490572538099
-1.4162485229965471
-1.317417098829067
-1.0451807491821965
