-1.0839303730927095
-1.313513741813324
-1.205451962146933
-1.2107904057496124
-0.6303236667411433
-0.8599070354617577
-0.7518452557953668
-0.7571836993980459
-0.6477945865637662
-0.8773779552843808
-0.7693161756179896
-0.7746546192206689
-1.001798737022859
-1.2313821057434735
-1.1233203260770825
-1.1286587696797616
-1.0768373132721343
-1.3064206819927489
-1.1983589023263579
-1.203697345929037
-0.6232306069205681
-0.8528139756411826
-0.7447521959747915
-0.7500906395774707
-0.640701526743191
-0.8702848954638055
-0.7622231157974145
-0.7675615594000937
-0.9947056772022836
-1.2242890459228986
-1.1162272662565074
-1.1215657098591865
-1.1087696460984582
-1.3383530148190728
-1.2302912351526818
-1.2356296787553611
-0.655162939746892
-0.8847463084675065
-0.7766845288011155
-0.7820229724037946
-0.6726338595695149
-0.9022172282901295
-0.7941554486237383
-0.7994938922264176
-1.0266380100286077
-1.2562213787492222
-1.1481595990828313
-1.1534980426855104
-1.2594074335868757
-1.48899080230749
-1.380929022641099
-1.3862674662437784
-0.8058007272353093
-1.035384095955924
-0.9273223162895329
-0.932660759892212
-0.8232716470579323
-1.0528550157785468
-0.9447932361121557
-0.950131679714835
-1.1772757975170252
-1.4068591662376397
-1.2987973865712488
-1.3041358301739279
-1.056417728529563
-1.2860010972501776
-1.1779393175837867
-1.1832777611864658
-0.6028110221779969
-0.8323943908986113
-0.7243326112322203
-0.7296710548348996
-0.6202819420006198
-0.8498653107212343
-0.7418035310548432
-0.7471419746575224
-0.9742860924597124
-1.2038694611803273
-1.0958076815139361
-1.1011461251166152
-1.0493246687089879
-1.2789080374296025
-1.1708462577632115
-1.1761847013658906
-0.5957179623574216
-0.825301331078036
-0.7172395514116451
-0.7225779950143243
-0.6131888821800446
-0.8427722509006591
-0.734710471234268
-0.7400489148369473
-0.9671930326391374
-1.196776401359752
-1.088714621693361
-1.0940530652960403
-1.0812570015353118
-1.3108403702559264
-1.2027785905895354
-1.2081170341922145
-0.6276502951837456
-0.8572336639043601
-0.749171884237969
-0.7545103278406483
-0.6451212150063685
-0.874704583726983
-0.7666428040605919
-0.7719812476632711
-0.9991253654654612
-1.228708734186076
-1.1206469545196849
-1.125985398122364
-1.231894789023729
-1.4614781577443439
-1.353416378077953
-1.358754821680632
-0.7782880826721631
-1.0078714513927776
-0.8998096717263865
-0.9051481153290657
-0.7957590024947859
-1.0253423712154004
-0.9172805915490094
-0.9226190351516885
-1.1497631529538788
-1.3793465216744933
-1.2712847420081024
-1.2766231856107815
-1.2895382850450876
-1.519121653765702
-1.411059874099311
-1.4163983177019903
-0.8359315786935213
-1.0655149474141357
-0.9574531677477447
-0.962791611350424
-0.8534024985161441
-1.0829858672367585
-0.9749240875703675
-0.9802625311730468
-1.207406648975237
-1.4369900176958514
-1.3289282380294607
-1.3342666816321398
-1.2824452252245124
-1.512028593945127
-1.4039668142787358
-1.4093052578814151
-0.828838518872946
-1.0584218875935605
-0.9503601079271695
-0.9556985515298487
-0.8463094386955688
-1.0758928074161835
-0.9678310277497925
-0.9731694713524716
-1.200313589154662
-1.4298969578752765
-1.3218351782088855
-1.3271736218115646
-1.3143775580508363
-1.5439609267714507
-1.4358991471050597
-1.441237590707739
-0.8607708516992698
-1.0903542204198844
-0.9822924407534934
-0.9876308843561725
-0.8782417715218926
-1.1078251402425072
-0.9997633605761163
-1.0051018041787956
-1.2322459219809858
-1.4618292907016002
-1.3537675110352094
-1.3591059546378885
-1.4650153455392538
-1.6945987142598686
-1.5865369345934772
-1.5918753781961565
-1.0114086391876873
-1.2409920079083019
-1.132930228241911
-1.13826867184459
-1.0288795590103101
-1.258462927730925
-1.150401148064534
-1.155739591667213
-1.3828837094694033
-1.6124670781900179
-1.504405298523627
-1.509743742126306
-0.9437737764255727
-1.1733571451461873
-1.065295365479796
-1.0706338090824754
-0.4901670700740063
-0.7197504387946208
-0.6116886591282297
-0.6170271027309089
-0.5076379898966291
-0.7372213586172437
-0.6291595789508526
-0.6344980225535318
-0.8616421403557221
-1.0912255090763365
-0.9831637294099455
-0.9885021730126248
-0.9366807166049975
-1.1662640853256119
-1.058202305659221
-1.0635407492619002
-0.48307401025343105
-0.7126573789740456
-0.6045955993076545
-0.6099340429103337
-0.500544930076054
-0.7301282987966685
-0.6220665191302774
-0.6274049627329567
-0.8545490805351468
-1.0841324492557614
-0.9760706695893703
-0.9814091131920495
-0.9686130494313213
-1.1981964181519358
-1.0901346384855448
-1.095473082088224
-0.515006343079755
-0.7445897118003695
-0.6365279321339784
-0.6418663757366576
-0.5324772629023778
-0.7620606316229924
-0.6539988519566013
-0.6593372955592806
-0.8864814133614706
-1.116064782082085
-1.008003002415694
-1.0133414460183734
-1.1192508369197385
-1.348834205640353
-1.240772425973962
-1.2461108695766412
-0.6656441305681725
-0.8952274992887871
-0.787165719622396
-0.7925041632250751
-0.6831150503907953
-0.9126984191114099
-0.8046366394450188
-0.8099750830476982
-1.0371192008498882
-1.2667025695705028
-1.1586407899041116
-1.163979233506791
-0.9940902042937569
-1.2236735730143713
-1.1156117933479803
-1.1209502369506597
-0.5404834979421909
-0.7700668666628052
-0.6620050869964141
-0.6673435305990935
-0.5579544177648137
-0.7875377864854283
-0.6794760068190372
-0.6848144504217164
-0.9119585682239064
-1.141541936944521
-1.03348015727813
-1.0388186008808094
-0.9869971444731819
-1.2165805131937963
-1.1085187335274054
-1.1138571771300847
-0.5333904381216156
-0.7629738068422302
-0.6549120271758391
-0.6602504707785183
-0.5508613579442385
-0.7804447266648531
-0.6723829469984619
-0.6777213906011412
-0.9048655084033312
-1.1344488771239458
-1.0263870974575549
-1.0317255410602342
-1.0189294772995057
-1.24851284602012
-1.140451066353729
-1.1457895099564084
-0.5653227709479396
-0.794906139668554
-0.6868443600021629
-0.6921828036048422
-0.5827936907705624
-0.812377059491177
-0.7043152798247859
-0.7096537234274651
-0.9367978412296551
-1.1663812099502697
-1.0583194302838788
-1.063657873886558
-1.1695672647879234
-1.3991506335085377
-1.2910888538421468
-1.296427297444826
-0.7159605584363571
-0.9455439271569717
-0.8374821474905805
-0.8428205910932597
-0.7334314782589799
-0.9630148469795945
-0.8549530673132034
-0.8602915109158827
-1.0874356287180726
-1.3170189974386872
-1.2089572177722963
-1.2142956613749756
-0.9665775597306109
-1.1961609284512253
-1.0880991487848344
-1.0934375923875135
-0.5129708533790444
-0.7425542220996589
-0.6344924424332679
-0.6398308860359471
-0.5304417732016673
-0.7600251419222819
-0.6519633622558907
-0.6573018058585699
-0.8844459236607601
-1.1140292923813746
-1.0059675127149836
-1.011305956317663
-0.9594844999100356
-1.1890678686306502
-1.081006088964259
-1.0863445325669383
-0.5058777935584693
-0.7354611622790836
-0.6273993826126927
-0.6327378262153719
-0.5233487133810921
-0.7529320821017067
-0.6448703024353156
-0.6502087460379948
-0.877352863840185
-1.1069362325607996
-0.9988744528944086
-1.0042128964970876
-0.9914168327363596
-1.221000201456974
-1.112938421790583
-1.1182768653932622
-0.5378101263847931
-0.7673934951054077
-0.6593317154390166
-0.6646701590416958
-0.555281046207416
-0.7848644149280306
-0.6768026352616394
-0.6821410788643186
-0.9092851966665089
-1.1388685653871233
-1.0308067857207324
-1.0361452293234117
-1.142054620224777
-1.3716379889453916
-1.2635762092790004
-1.2689146528816797
-0.6884479138732107
-0.9180312825938252
-0.8099695029274342
-0.8153079465301133
-0.7059188336958335
-0.935502202416448
-0.827440422750057
-0.8327788663527361
-1.0599229841549263
-1.289506352875541
-1.1814445732091499
-1.186783016811829
-1.1996981162461353
-1.4292814849667497
-1.3212197053003587
-1.326558148903038
-0.7460914098945689
-0.9756747786151833
-0.8676129989487922
-0.8729514425514715
-0.7635623297171917
-0.9931456984378061
-0.885083918771415
-0.8904223623740943
-1.1175664801762846
-1.347149848896899
-1.2390880692305082
-1.2444265128331873
-1.1926050564255601
-1.4221884251461745
-1.3141266454797835
-1.3194650890824628
-0.7389983500739936
-0.968581718794608
-0.860519939128217
-0.8658583827308963
-0.7564692698966164
-0.9860526386172308
-0.8779908589508398
-0.8833293025535192
-1.1104734203557094
-1.340056789076324
-1.231995009409933
-1.2373334530126123
-1.224537389251884
-1.4541207579724984
-1.3460589783061074
-1.3513974219087868
-0.7709306829003176
-1.0005140516209319
-0.8924522719545409
-0.8977907155572202
-0.7884016027229405
-1.0179849714435547
-0.9099231917771637
-0.9152616353798431
-1.1424057531820333
-1.3719891219026477
-1.263927342236257
-1.269265785838936
-1.3751751767403015
-1.604758545460916
-1.496696765794525
-1.5020352093972043
-0.921568470388735
-1.1511518391093494
-1.0430900594429586
-1.0484285030456377
-0.9390393902113578
-1.1686227589319722
-1.0605609792655812
-1.0658994228682606
-1.2930435406704508
-1.5226269093910654
-1.4145651297246744
-1.4199035733273537
-0.8539336076266201
-1.0835169763472345
-0.9754551966808436
-0.9807936402835228
-0.4003269012750537
-0.6299102699956682
-0.5218484903292773
-0.5271869339319565
-0.41779782109767655
-0.6473811898182913
-0.5393194101519001
-0.5446578537545793
-0.7718019715567697
-1.0013853402773842
-0.893323560610993
-0.8986620042136725
-0.8468405478060449
-1.0764239165266596
-0.9683621368602686
-0.9737005804629476
-0.39323384145447854
-0.6228172101750931
-0.514755430508702
-0.5200938741113813
-0.4107047612771014
-0.640288129997716
-0.5322263503313249
-0.5375647939340041
-0.7647089117361945
-0.994292280456809
-0.8862305007904178
-0.8915689443930972
-0.8787728806323687
-1.1083562493529835
-1.0002944696865925
-1.0056329132892714
-0.42516617428080244
-0.654749543001417
-0.546687763335026
-0.5520262069377051
-0.4426370941034253
-0.67222046282404
-0.5641586831576488
-0.569497126760328
-0.7966412445625184
-1.0262246132831327
-0.9181628336167418
-0.923501277219421
-1.0294106681207862
-1.2589940368414008
-1.1509322571750098
-1.156270700777689
-0.5758039617692201
-0.8053873304898346
-0.6973255508234436
-0.7026639944261228
-0.5932748815918429
-0.8228582503124574
-0.7147964706460664
-0.7201349142487457
-0.9472790320509359
-1.1768624007715505
-1.0688006211051593
-1.0741390647078386
-1.1262332069229815
-1.355816575643596
-1.247754795977205
-1.2530932395798842
-0.6726265005714154
-0.9022098692920298
-0.7941480896256388
-0.7994865332283181
-0.6900974203940382
-0.9196807891146529
-0.8116190094482617
-0.8169574530509409
-1.044101570853131
-1.2736849395737457
-1.1656231599073545
-1.1709616035100339
-1.1191401471024065
-1.3487235158230209
-1.24066173615663
-1.2460001797593092
-0.6655334407508402
-0.8951168094714547
-0.7870550298050636
-0.7923934734077428
-0.683004360573463
-0.9125877292940776
-0.8045259496276864
-0.8098643932303657
-1.0370085110325558
-1.2665918797531703
-1.1585301000867794
-1.1638685436894587
-1.1510724799287302
-1.3806558486493448
-1.2725940689829538
-1.277932512585633
-0.6974657735771641
-0.9270491422977786
-0.8189873626313874
-0.8243258062340667
-0.7149366933997869
-0.9445200621204016
-0.8364582824540104
-0.8417967260566896
-1.0689408438588797
-1.2985242125794945
-1.1904624329131033
-1.1958008765157826
-1.3017102674171477
-1.5312936361377623
-1.423231856471371
-1.4285703000740504
-0.8481035610655816
-1.077686929786196
-0.9696251501198049
-0.9749635937224843
-0.8655744808882042
-1.0951578496088188
-0.9870960699424278
-0.9924345135451071
-1.2195786313472972
-1.4491620000679117
-1.3411002204015208
-1.3464386640042
-1.0987205623598353
-1.3283039310804496
-1.2202421514140587
-1.225580595016738
-0.6451138560082689
-0.8746972247288834
-0.7666354450624924
-0.7719738886651716
-0.6625847758308918
-0.8921681445515063
-0.7841063648851152
-0.7894448084877945
-1.0165889262899848
-1.2461722950105993
-1.1381105153442084
-1.1434489589468875
-1.09162750253926
-1.3212108712598745
-1.2131490915934835
-1.2184875351961628
-0.6380207961876938
-0.8676041649083082
-0.7595423852419172
-0.7648808288445965
-0.6554917160103166
-0.8850750847309312
-0.7770133050645401
-0.7823517486672193
-1.0094958664694096
-1.2390792351900242
-1.1310174555236332
-1.1363558991263123
-1.123559835365584
-1.3531432040861984
-1.2450814244198074
-1.2504198680224867
-0.6699531290140176
-0.8995364977346322
-0.7914747180682411
-0.7968131616709203
-0.6874240488366405
-0.917007417557255
-0.8089456378908639
-0.8142840814935433
-1.0414281992957335
-1.271011568016348
-1.162949788349957
-1.1682882319526362
-1.2741976228540017
-1.503780991574616
-1.3957192119082251
-1.4010576555109044
-0.8205909165024352
-1.0501742852230496
-0.9421125055566586
-0.9474509491593379
-0.838061836325058
-1.0676452050456724
-0.9595834253792814
-0.9649218689819608
-1.192065986784151
-1.4216493555047653
-1.3135875758383744
-1.3189260194410537
-1.3318411188753596
-1.5614244875959742
-1.4533627079295832
-1.4587011515322623
-0.8782344125237934
-1.1078177812444079
-0.9997560015780168
-1.005094445180696
-0.8957053323464162
-1.1252887010670307
-1.0172269214006397
-1.0225653650033188
-1.249709482805509
-1.4792928515261239
-1.3712310718597327
-1.376569515462412
-1.3247480590547844
-1.554331427775399
-1.4462696481090078
-1.4516080917116871
-0.8711413527032181
-1.1007247214238327
-0.9926629417574416
-0.9980013853601208
-0.888612272525841
-1.1181956412464555
-1.0101338615800644
-1.0154723051827437
-1.242616422984934
-1.4721997917055485
-1.3641380120391575
-1.3694764556418368
-1.3566803918811083
-1.586263760601723
-1.478201980935332
-1.483540424538011
-0.9030736855295419
-1.1326570542501566
-1.0245952745837656
-1.0299337181864447
-0.9205446053521648
-1.1501279740727794
-1.0420661944063885
-1.0474046380090676
-1.2745487558112578
-1.5041321245318726
-1.3960703448654814
-1.4014087884681607
-1.507318179369526
-1.7369015480901406
-1.6288397684237494
-1.6341782120264288
-1.0537114730179595
-1.283294841738574
-1.175233062072183
-1.1805715056748622
-1.0711823928405821
-1.300765761561197
-1.1927039818948058
-1.198042425497485
-1.4251865432996753
-1.6547699120202897
-1.546708132353899
-1.552046575956578
-0.9860766102558445
-1.2156599789764593
-1.1075981993100683
-1.1129366429127472
-0.5324699039042783
-0.7620532726248929
-0.6539914929585018
-0.659329936561181
-0.5499408237269012
-0.7795241924475158
-0.6714624127811246
-0.6768008563838038
-0.9039449741859942
-1.1335283429066085
-1.0254665632402176
-1.0308050068428969
-0.9789835504352696
-1.208566919155884
-1.1005051394894931
-1.1058435830921725
-0.5253768440837032
-0.7549602128043176
-0.6468984331379266
-0.6522368767406058
-0.542847763906326
-0.7724311326269406
-0.6643693529605496
-0.6697077965632288
-0.896851914365419
-1.1264352830860334
-1.0183735034196424
-1.0237119470223217
-1.0109158832615934
-1.2404992519822078
-1.1324374723158168
-1.1377759159184961
-0.557309176910027
-0.7868925456306416
-0.6788307659642505
-0.6841692095669297
-0.57478009673265
-0.8043634654532644
-0.6963016857868733
-0.7016401293895526
-0.9287842471917427
-1.1583676159123575
-1.0503058362459665
-1.0556442798486458
-1.1615536707500107
-1.3911370394706255
-1.2830752598042345
-1.2884137034069134
-0.7079469643984446
-0.937530333119059
-0.829468553452668
-0.8348069970553473
-0.7254178842210675
-0.955001252941682
-0.8469394732752908
-0.8522779168779702
-1.0794220346801604
-1.3090054034007748
-1.2009436237343838
-1.2062820673370631
-1.2754397638028108
-1.5050231325234253
-1.3969613528570344
-1.4022997964597137
-0.8218330574512445
-1.051416426171859
-0.9433546465054681
-0.9486930901081472
-0.8393039772738673
-1.0688873459944817
-0.9608255663280907
-0.96616400993077
-1.1933081277329602
-1.4228914964535748
-1.3148297167871839
-1.320168160389863
-1.2683467039822358
-1.4979300727028502
-1.3898682930364592
-1.3952067366391385
-0.8147399976306694
-1.0443233663512839
-0.9362615866848929
-0.941600030287572
-0.8322109174532921
-1.0617942861739067
-0.9537325065075157
-0.9590709501101949
-1.186215067912385
-1.4157984366329999
-1.307736656966609
-1.313075100569288
-1.3002790368085595
-1.529862405529174
-1.421800625862783
-1.4271390694654624
-0.8466723304569932
-1.0762556991776075
-0.9681939195112168
-0.9735323631138959
-0.8641432502796158
-1.0937266190002304
-0.9856648393338394
-0.9910032829365187
-1.218147400738709
-1.4477307694593236
-1.3396689897929326
-1.3450074333956117
-1.450916824296977
-1.6805001930175916
-1.5724384133512004
-1.5777768569538797
-0.9973101179454107
-1.226893486666025
-1.118831706999634
-1.1241701506023134
-1.0147810377680335
-1.2443644064886479
-1.136302626822257
-1.1416410704249362
-1.3687851882271267
-1.598368556947741
-1.49030677728135
-1.4956452208840294
-1.2479271192396646
-1.477510487960279
-1.369448708293888
-1.3747871518965673
-0.7943204128880981
-1.0239037816087126
-0.9158420019423217
-0.9211804455450009
-0.8117913327107209
-1.0413747014313355
-0.9333129217649445
-0.9386513653676237
-1.1657954831698139
-1.3953788518904284
-1.2873170722240375
-1.2926555158267168
-1.2408340594190892
-1.4704174281397038
-1.3623556484733128
-1.367694092075992
-0.7872273530675229
-1.0168107217881375
-0.9087489421217464
-0.9140873857244257
-0.8046982728901458
-1.0342816416107603
-0.9262198619443692
-0.9315583055470485
-1.1587024233492387
-1.3882857920698535
-1.2802240124034623
-1.2855624560061416
-1.2727663922454133
-1.5023497609660277
-1.3942879812996367
-1.399626424902316
-0.8191596858938468
-1.0487430546144614
-0.9406812749480704
-0.9460197185507496
-0.8366306057164696
-1.0662139744370842
-0.9581521947706932
-0.9634906383733723
-1.1906347561755626
-1.4202181248961772
-1.3121563452297862
-1.3174947888324655
-1.4234041797338306
-1.6529875484544452
-1.5449257687880542
-1.5502642123907333
-0.9697974733822642
-1.1993808421028789
-1.091319062436488
-1.096657506039167
-0.987268393204887
-1.2168517619255017
-1.1087899822591107
-1.1141284258617898
-1.34127254366398
-1.5708559123845947
-1.4627941327182037
-1.4681325763208828
-1.481047675755189
-1.7106310444758033
-1.602569264809412
-1.6079077084120914
-1.0274409694036224
-1.257024338124237
-1.148962558457846
-1.1543010020605253
-1.0449118892262452
-1.2744952579468598
-1.1664334782804688
-1.1717719218831482
-1.3989160396853384
-1.6284994084059528
-1.520437628739562
-1.525776072342241
-1.4739546159346137
-1.703537984655228
-1.5954762049888371
-1.6008146485915162
-1.0203479095830472
-1.2499312783036618
-1.1418694986372708
-1.1472079422399502
-1.0378188294056703
-1.2674021981262846
-1.1593404184598937
-1.164678862062573
-1.3918229798647634
-1.6214063485853778
-1.5133445689189868
-1.5186830125216662
-1.5058869487609376
-1.7354703174815522
-1.627408537815161
-1.6327469814178404
-1.0522802424093711
-1.2818636111299857
-1.1738018314635947
-1.179140275066274
-1.069751162231994
-1.2993345309526085
-1.1912727512862176
-1.196611194888897
-1.4237553126910871
-1.6533386814117015
-1.5452769017453107
-1.5506153453479898
-1.6565247362493547
-1.8861081049699695
-1.7780463253035783
-1.7833847689062576
-1.2029180298977886
-1.4325013986184032
-1.3244396189520122
-1.3297780625546913
-1.2203889497204115
-1.449972318441026
-1.341910538774635
-1.3472489823773142
-1.5743931001795046
-1.8039764689001192
-1.695914689233728
-1.7012531328364073
-1.135283167135674
-1.3648665358562886
-1.2568047561898976
-1.2621431997925767
-0.6816764607841075
-0.9112598295047221
-0.8031980498383311
-0.8085364934410102
-0.6991473806067303
-0.9287307493273449
-0.8206689696609537
-0.826007413263633
-1.0531515310658235
-1.2827348997864378
-1.1746731201200469
-1.1800115637227262
-1.1281901073150988
-1.3577734760357134
-1.2497116963693222
-1.2550501399720015
-0.6745834009635323
-0.9041667696841469
-0.7961049900177557
-0.8014434336204349
-0.6920543207861551
-0.9216376895067698
-0.8135759098403786
-0.818914353443058
-1.046058471245248
-1.2756418399658627
-1.1675800602994717
-1.1729185039021508
-1.1601224401414227
-1.389705808862037
-1.2816440291956461
-1.2869824727983254
-0.7065157337898562
-0.9360991025104708
-0.8280373228440798
-0.8333757664467589
-0.723986653612479
-0.9535700223330936
-0.8455082426667024
-0.8508466862693818
-1.077990804071572
-1.3075741727921864
-1.1995123931257954
-1.2048508367284747
-1.31076022762984
-1.5403435963504544
-1.4322818166840634
-1.4376202602867427
-0.8571535212782736
-1.0867368899988885
-0.9786751103324974
-0.9840135539351763
-0.8746244411008964
-1.104207809821511
-0.9961460301551199
-1.0014844737577993
-1.2286285915599895
-1.458211960280604
-1.350150180614213
-1.3554886242168922
