-0.6409362906139314
-0.7145855776798398
-0.6105524996088075
-0.6334154804620371
-0.8563002248352799
-0.9299495119011881
-0.8259164338301561
-0.8487794146833857
-1.0980947567915067
-1.1717440438574152
-1.0677109657863828
-1.0905739466396123
-0.9998164988995951
-1.0734657859655035
-0.9694327078944714
-0.9922956887477009
-0.5074534494473139
-0.5811027365132222
-0.47706965844219
-0.49993263929541965
-0.7228173836686622
-0.7964666707345706
-0.6924335926635384
-0.7152965735167679
-0.9646119156248891
-1.0382612026907974
-0.9342281246197651
-0.9570911054729949
-0.8663336577329774
-0.9399829447988858
-0.8359498667278537
-0.8588128475810833
-0.553536808842697
-0.6271860959086052
-0.5231530178375731
-0.5460159986908026
-0.7689007430640453
-0.8425500301299534
-0.7385169520589215
-0.7613799329121511
-1.0106952750202722
-1.0843445620861805
-0.9803114840151484
-1.003174464868378
-0.9124170171283604
-0.9860663041942691
-0.8820332261232368
-0.9048962069764662
-0.4940209274380019
-0.5676702145039103
-0.4636371364328781
-0.4865001172861076
-0.7093848616593503
-0.7830341487252586
-0.6790010706542265
-0.7018640515074561
-0.9511793936155769
-1.0248286806814857
-0.9207956026104532
-0.9436585834636828
-0.8529011357236657
-0.9265504227895739
-0.8225173447185417
-0.8453803255717711
-0.7332165165831385
-0.8068658036490467
-0.7028327255780148
-0.7256957064312443
-0.9485804508044869
-1.0222297378703953
-0.918196659799363
-0.9410596406525925
-1.1903749827607137
-1.2640242698266222
-1.1599911917555898
-1.1828541726088193
-1.0920967248688023
-1.1657460119347105
-1.0617129338636784
-1.0845759147169078
-0.5997336754165209
-0.6733829624824292
-0.5693498844113971
-0.5922128652646266
-0.8150976096378691
-0.8887468967037776
-0.7847138186327454
-0.8075767994859749
-1.0568921415940962
-1.1305414286600044
-1.026508350588972
-1.0493713314422017
-0.9586138837021846
-1.032263170768093
-0.9282300926970608
-0.9510930735502904
-0.645817034811904
-0.7194663218778125
-0.6154332438067802
-0.6382962246600098
-0.8611809690332523
-0.9348302560991605
-0.8307971780281286
-0.853660158881358
-1.1029755009894793
-1.1766247880553877
-1.0725917099843556
-1.095454690837585
-1.0046972430975678
-1.0783465301634763
-0.9743134520924438
-0.9971764329456733
-0.586301153407209
-0.6599504404731172
-0.5559173624020851
-0.5787803432553146
-0.8016650876285573
-0.8753143746944655
-0.7712812966234336
-0.794144277476663
-1.0434596195847843
-1.1171089066506927
-1.0130758285796604
-1.0359388094328899
-0.9451813616928727
-1.018830648758781
-0.9147975706877488
-0.9376605515409784
-1.0647951448054147
-1.138444431871323
-1.0344113538002908
-1.0572743346535203
-1.2801590790267632
-1.3538083660926714
-1.2497752880216393
-1.2726382688748687
-1.5219536109829899
-1.5956028980488983
-1.491569819977866
-1.5144328008310957
-1.4236753530910784
-1.4973246401569866
-1.3932915620859545
-1.416154542939184
-0.931312303638797
-1.0049615907047056
-0.9009285126336734
-0.9237914934869028
-1.1466762378601456
-1.2203255249260538
-1.1162924468550217
-1.1391554277082514
-1.3884707698163725
-1.4621200568822807
-1.3580869788112484
-1.380949959664478
-1.2901925119244608
-1.3638417989903693
-1.259808720919337
-1.2826717017725666
-0.9773956630341802
-1.0510449501000887
-0.9470118720290563
-0.9698748528822858
-1.1927595972555285
-1.2664088843214367
-1.1623758062504048
-1.1852387871036343
-1.4345541292117554
-1.5082034162776639
-1.4041703382066315
-1.427033319059861
-1.336275871319844
-1.4099251583857524
-1.30589208031472
-1.3287550611679495
-0.9178797816294852
-0.9915290686953935
-0.8874959906243614
-0.9103589714775908
-1.1332437158508335
-1.2068930029167417
-1.1028599248457098
-1.1257229056989393
-1.3750382478070602
-1.4486875348729686
-1.3446544568019365
-1.367517437655166
-1.276759989915149
-1.3504092769810572
-1.246376198910025
-1.2692391797632545
-0.5833684273254638
-0.6570177143913721
-0.55298463632034
-0.5758476171735696
-0.7987323615468123
-0.8723816486127204
-0.7683485705416885
-0.791211551394918
-1.0405268935030392
-1.1141761805689476
-1.0101431024979153
-1.0330060833511447
-0.9422486356111276
-1.015897922677036
-0.9118648446060037
-0.9347278254592332
-0.44988558615884616
-0.5235348732247547
-0.4195017951537224
-0.442364776006952
-0.6652495203801946
-0.7388988074461029
-0.6348657293750708
-0.6577287102283004
-0.9070440523364214
-0.9806933394023298
-0.8766602613312976
-0.8995232421845273
-0.8087657944445099
-0.8824150815104183
-0.7783820034393861
-0.8012449842926157
-0.4959689455542293
-0.5696182326201377
-0.46558515454910554
-0.48844813540233506
-0.7113328797755777
-0.784982166841486
-0.6809490887704539
-0.7038120696236835
-0.9531274117318046
-1.026776698797713
-0.9227436207266807
-0.9456066015799102
-0.8548491538398931
-0.9284984409058016
-0.8244653628347692
-0.8473283436879987
-0.43645306414953433
-0.5101023512154427
-0.4060692731444105
-0.42893225399763996
-0.6518169983708827
-0.7254662854367909
-0.6214332073657589
-0.6442961882189885
-0.8936115303271094
-0.9672608173930181
-0.8632277393219857
-0.8860907201752152
-0.795333272435198
-0.8689825595011064
-0.7649494814300742
-0.7878124622833037
-0.685465589382639
-0.7591148764485472
-0.6550817983775151
-0.6779447792307446
-0.9008295236039874
-0.9744788106698956
-0.8704457325988633
-0.8933087134520928
-1.1426240555602138
-1.2162733426261223
-1.1122402645550902
-1.1351032454083196
-1.0443457976683026
-1.1179950847342108
-1.013962006663179
-1.0368249875164084
-0.5519827482160213
-0.6256320352819297
-0.5215989572108976
-0.544461938064127
-0.7673466824373697
-0.840995969503278
-0.7369628914322458
-0.7598258722854755
-1.0091412143935963
-1.082790501459505
-0.9787574233884726
-1.001620404241702
-0.910862956501685
-0.9845122435675933
-0.8804791654965611
-0.9033421463497906
-0.5980661076114044
-0.6717153946773128
-0.5676823166062807
-0.5905452974595101
-0.8134300418327528
-0.8870793288986611
-0.783046250827629
-0.8059092316808585
-1.0552245737889796
-1.1288738608548878
-1.024840782783856
-1.0477037636370854
-0.9569463158970679
-1.0305956029629761
-0.9265625248919442
-0.9494255057451738
-0.5385502262067094
-0.6121995132726178
-0.5081664352015857
-0.5310294160548151
-0.7539141604280578
-0.827563447493966
-0.723530369422934
-0.7463933502761635
-0.9957086923842845
-1.0693579794501928
-0.9653249013791608
-0.9881878822323903
-0.897430434492373
-0.9710797215582815
-0.8670466434872492
-0.8899096243404788
-0.777745815351846
-0.8513951024177542
-0.7473620243467223
-0.7702250051999517
-0.9931097495731944
-1.0667590366391027
-0.9627259585680705
-0.9855889394213001
-1.234904281529421
-1.3085535685953296
-1.2045204905242974
-1.227383471377527
-1.1366260236375096
-1.2102753107034179
-1.106242232632386
-1.1291052134856154
-0.6442629741852284
-0.7179122612511367
-0.6138791831801046
-0.6367421640333341
-0.8596269084065766
-0.9332761954724851
-0.829243117401453
-0.8521060982546824
-1.1014214403628035
-1.175070727428712
-1.0710376493576799
-1.0939006302109093
-1.003143182470892
-1.0767924695368003
-0.9727593914657684
-0.9956223723189979
-0.6903463335806115
-0.7639956206465198
-0.6599625425754878
-0.6828255234287173
-0.9057102678019597
-0.9793595548678682
-0.8753264767968361
-0.8981894576500655
-1.1475047997581866
-1.2211540868240949
-1.117121008753063
-1.1399839896062924
-1.0492265418662752
-1.1228758289321834
-1.0188427508611513
-1.0417057317143807
-0.6308304521759165
-0.7044797392418248
-0.6004466611707927
-0.6233096420240222
-0.8461943863972647
-0.9198436734631731
-0.815810595392141
-0.8386735762453705
-1.0879889183534917
-1.1616382054193999
-1.0576051273483678
-1.0804681082015974
-0.9897106604615802
-1.0633599475274884
-0.9593268694564564
-0.9821898503096859
-1.1093244435741223
-1.1829737306400308
-1.0789406525689984
-1.1018036334222279
-1.3246883777954708
-1.398337664861379
-1.2943045867903467
-1.3171675676435761
-1.5664829097516975
-1.6401321968176057
-1.5360991187465738
-1.5589620995998033
-1.468204651859786
-1.5418539389256942
-1.4378208608546623
-1.4606838417078918
-0.9758416024075046
-1.0494908894734127
-0.9454578114023808
-0.9683207922556104
-1.191205536628853
-1.2648548236947612
-1.160821745623729
-1.1836847264769588
-1.43300006858508
-1.5066493556509881
-1.4026162775799562
-1.4254792584331857
-1.3347218106931684
-1.4083710977590767
-1.3043380196880445
-1.3272010005412742
-1.0219249618028876
-1.095574248868796
-0.9915411707977638
-1.0144041516509934
-1.237288896024236
-1.3109381830901445
-1.2069051050191124
-1.2297680858723419
-1.479083427980463
-1.5527327150463712
-1.4486996369753393
-1.4715626178285688
-1.3808051700885515
-1.4544544571544598
-1.3504213790834276
-1.373284359936657
-0.9624090803981927
-1.036058367464101
-0.9320252893930688
-0.9548882702462983
-1.1777730146195409
-1.2514223016854493
-1.1473892236144172
-1.1702522044676467
-1.419567546575768
-1.4932168336416762
-1.389183755570644
-1.4120467364238736
-1.3212892886838565
-1.3949385757497648
-1.2909054976787326
-1.313768478531962
-0.6278977260941714
-0.7015470131600796
-0.5975139350890476
-0.6203769159422771
-0.8432616603155196
-0.9169109473814281
-0.812877869310396
-0.8357408501636254
-1.0850561922717463
-1.1587054793376546
-1.0546724012666226
-1.0775353821198521
-0.9867779343798351
-1.0604272214457433
-0.9563941433747114
-0.9792571242279409
-0.4944148849275537
-0.5680641719934622
-0.4640310939224299
-0.4868940747756595
-0.709778819148902
-0.7834281062148104
-0.6793950281437783
-0.7022580089970077
-0.951573351105129
-1.0252226381710372
-0.9211895601000052
-0.9440525409532345
-0.8532950932132174
-0.9269443802791257
-0.8229113022080936
-0.8457742830613231
-0.5404982443229368
-0.6141475313888453
-0.510114453317813
-0.5329774341710426
-0.7558621785442852
-0.8295114656101936
-0.7254783875391615
-0.748341368392391
-0.9976567105005121
-1.0713059975664203
-0.9672729194953884
-0.9901359003486179
-0.8993784526086004
-0.9730277396745088
-0.8689946616034767
-0.8918576424567062
-0.48098236291824176
-0.5546316499841502
-0.450598571913118
-0.4734615527663475
-0.6963462971395902
-0.7699955842054985
-0.6659625061344664
-0.6888254869876959
-0.938140829095817
-1.011790116161725
-0.9077570380906932
-0.9306200189439228
-0.8398625712039055
-0.9135118582698137
-0.8094787801987817
-0.8323417610520112
-0.685465589382639
-0.7591148764485472
-0.6550817983775151
-0.6779447792307446
-0.9008295236039874
-0.9744788106698956
-0.8704457325988633
-0.8933087134520928
-1.1426240555602138
-1.2162733426261223
-1.1122402645550902
-1.1351032454083196
-1.0443457976683026
-1.1179950847342108
-1.013962006663179
-1.0368249875164084
-0.5519827482160213
-0.6256320352819297
-0.5215989572108976
-0.544461938064127
-0.7673466824373697
-0.840995969503278
-0.7369628914322458
-0.7598258722854755
-1.0091412143935963
-1.082790501459505
-0.9787574233884726
-1.001620404241702
-0.910862956501685
-0.9845122435675933
-0.8804791654965611
-0.9033421463497906
-0.5980661076114044
-0.6717153946773128
-0.5676823166062807
-0.5905452974595101
-0.8134300418327528
-0.8870793288986611
-0.783046250827629
-0.8059092316808585
-1.0552245737889796
-1.1288738608548878
-1.024840782783856
-1.0477037636370854
-0.9569463158970679
-1.0305956029629761
-0.9265625248919442
-0.9494255057451738
-0.5385502262067094
-0.6121995132726178
-0.5081664352015857
-0.5310294160548151
-0.7539141604280578
-0.827563447493966
-0.723530369422934
-0.7463933502761635
-0.9957086923842845
-1.0693579794501928
-0.9653249013791608
-0.9881878822323903
-0.897430434492373
-0.9710797215582815
-0.8670466434872492
-0.8899096243404788
-0.777745815351846
-0.8513951024177542
-0.7473620243467223
-0.7702250051999517
-0.9931097495731944
-1.0667590366391027
-0.9627259585680705
-0.9855889394213001
-1.234904281529421
-1.3085535685953296
-1.2045204905242974
-1.227383471377527
-1.1366260236375096
-1.2102753107034179
-1.106242232632386
-1.1291052134856154
-0.6442629741852284
-0.7179122612511367
-0.6138791831801046
-0.6367421640333341
-0.8596269084065766
-0.9332761954724851
-0.829243117401453
-0.8521060982546824
-1.1014214403628035
-1.175070727428712
-1.0710376493576799
-1.0939006302109093
-1.003143182470892
-1.0767924695368003
-0.9727593914657684
-0.9956223723189979
-0.6903463335806115
-0.7639956206465198
-0.6599625425754878
-0.6828255234287173
-0.9057102678019597
-0.9793595548678682
-0.8753264767968361
-0.8981894576500655
-1.1475047997581866
-1.2211540868240949
-1.117121008753063
-1.1399839896062924
-1.0492265418662752
-1.1228758289321834
-1.0188427508611513
-1.0417057317143807
-0.6308304521759165
-0.7044797392418248
-0.6004466611707927
-0.6233096420240222
-0.8461943863972647
-0.9198436734631731
-0.815810595392141
-0.8386735762453705
-1.0879889183534917
-1.1616382054193999
-1.0576051273483678
-1.0804681082015974
-0.9897106604615802
-1.0633599475274884
-0.9593268694564564
-0.9821898503096859
-1.1093244435741223
-1.1829737306400308
-1.0789406525689984
-1.1018036334222279
-1.3246883777954708
-1.398337664861379
-1.2943045867903467
-1.3171675676435761
-1.5664829097516975
-1.6401321968176057
-1.5360991187465738
-1.5589620995998033
-1.468204651859786
-1.5418539389256942
-1.4378208608546623
-1.4606838417078918
-0.9758416024075046
-1.0494908894734127
-0.9454578114023808
-0.9683207922556104
-1.191205536628853
-1.2648548236947612
-1.160821745623729
-1.1836847264769588
-1.43300006858508
-1.5066493556509881
-1.4026162775799562
-1.4254792584331857
-1.3347218106931684
-1.4083710977590767
-1.3043380196880445
-1.3272010005412742
-1.0219249618028876
-1.095574248868796
-0.9915411707977638
-1.0144041516509934
-1.237288896024236
-1.3109381830901445
-1.2069051050191124
-1.2297680858723419
-1.479083427980463
-1.5527327150463712
-1.4486996369753393
-1.4715626178285688
-1.3808051700885515
-1.4544544571544598
-1.3504213790834276
-1.373284359936657
-0.9624090803981927
-1.036058367464101
-0.9320252893930688
-0.9548882702462983
-1.1777730146195409
-1.2514223016854493
-1.1473892236144172
-1.1702522044676467
-1.419567546575768
-1.4932168336416762
-1.389183755570644
-1.4120467364238736
-1.3212892886838565
-1.3949385757497648
-1.2909054976787326
-1.313768478531962
-0.6278977260941714
-0.7015470131600796
-0.5975139350890476
-0.6203769159422771
-0.8432616603155196
-0.9169109473814281
-0.812877869310396
-0.8357408501636254
-1.0850561922717463
-1.1587054793376546
-1.0546724012666226
-1.0775353821198521
-0.9867779343798351
-1.0604272214457433
-0.9563941433747114
-0.9792571242279409
-0.4944148849275537
-0.5680641719934622
-0.4640310939224299
-0.4868940747756595
-0.709778819148902
-0.7834281062148104
-0.6793950281437783
-0.7022580089970077
-0.951573351105129
-1.0252226381710372
-0.9211895601000052
-0.9440525409532345
-0.8532950932132174
-0.9269443802791257
-0.8229113022080936
-0.8457742830613231
-0.5404982443229368
-0.6141475313888453
-0.510114453317813
-0.5329774341710426
-0.7558621785442852
-0.8295114656101936
-0.7254783875391615
-0.748341368392391
-0.9976567105005121
-1.0713059975664203
-0.9672729194953884
-0.9901359003486179
-0.8993784526086004
-0.9730277396745088
-0.8689946616034767
-0.8918576424567062
-0.48098236291824176
-0.5546316499841502
-0.450598571913118
-0.4734615527663475
-0.6963462971395902
-0.7699955842054985
-0.6659625061344664
-0.6888254869876959
-0.938140829095817
-1.011790116161725
-0.9077570380906932
-0.9306200189439228
-0.8398625712039055
-0.9135118582698137
-0.8094787801987817
-0.8323417610520112
-0.8227373111288648
-0.8963865981947731
-0.7923535201237409
-0.8152165009769705
-1.038101245350213
-1.1117505324161217
-1.0077174543450893
-1.0305804351983188
-1.27989577730644
-1.3535450643723483
-1.2495119863013162
-1.272374967154546
-1.1816175194145284
-1.2552668064804369
-1.1512337284094045
-1.1740967092626342
-0.6892544699622473
-0.7629037570281555
-0.6588706789571234
-0.6817336598103529
-0.9046184041835954
-0.9782676912495041
-0.8742346131784717
-0.8970975940317012
-1.1464129361398223
-1.220062223205731
-1.1160291451346986
-1.138892125987928
-1.048134678247911
-1.1217839653138193
-1.017750887242787
-1.0406138680960164
-0.7353378293576304
-0.8089871164235386
-0.7049540383525065
-0.7278170192057359
-0.9507017635789787
-1.024351050644887
-0.9203179725738551
-0.9431809534270845
-1.1924962955352056
-1.2661455826011139
-1.162112504530082
-1.1849754853833114
-1.094218037643294
-1.1678673247092022
-1.0638342466381703
-1.0866972274913997
-0.6758219479529353
-0.7494712350188436
-0.6454381569478114
-0.668301137801041
-0.8911858821742836
-0.9648351692401919
-0.8608020911691598
-0.8836650720223894
-1.1329804141305104
-1.2066297011964189
-1.1025966231253868
-1.1254596039786164
-1.034702156238599
-1.1083514433045074
-1.004318365233475
-1.0271813460867047
-0.9150175370980719
-0.9886668241639801
-0.884633746092948
-0.9074967269461774
-1.13038147131942
-1.2040307583853285
-1.0999976803142963
-1.122860661167526
-1.3721760032756471
-1.4458252903415554
-1.3417922122705235
-1.364655193123753
-1.2738977453837355
-1.347547032449644
-1.2435139543786118
-1.2663769352318412
-0.7815346959314543
-0.8551839829973626
-0.7511509049263304
-0.7740138857795599
-0.9968986301528024
-1.0705479172187111
-0.9665148391476788
-0.9893778200009082
-1.2386931621090296
-1.3123424491749378
-1.2083093711039057
-1.2311723519571351
-1.1404149042171179
-1.2140641912830263
-1.110031113211994
-1.1328940940652235
-0.8276180553268373
-0.9012673423927458
-0.7972342643217135
-0.820097245174943
-1.0429819895481858
-1.116631276614094
-1.0125981985430619
-1.0354611793962913
-1.2847765215044127
-1.3584258085703211
-1.2543927304992888
-1.2772557113525185
-1.186498263612501
-1.2601475506784094
-1.156114472607377
-1.1789774534606068
-0.7681021739221423
-0.8417514609880506
-0.7377183829170185
-0.760581363770248
-0.9834661081434907
-1.057115395209399
-0.953082317138367
-0.9759452979915965
-1.2252606400997177
-1.298909927165626
-1.1948768490945938
-1.2177398299478235
-1.126982382207806
-1.2006316692737145
-1.0965985912026823
-1.1194615720559118
-1.2465961653203481
-1.3202454523862563
-1.2162123743152244
-1.239075355168454
-1.4619600995416964
-1.5356093866076048
-1.4315763085365727
-1.4544392893898022
-1.703754631497923
-1.7774039185638317
-1.6733708404927996
-1.6962338213460288
-1.6054763736060118
-1.67912566067192
-1.575092582600888
-1.5979555634541174
-1.1131133241537305
-1.186762611219639
-1.0827295331486066
-1.1055925140018363
-1.3284772583750788
-1.4021265454409872
-1.2980934673699551
-1.3209564482231846
-1.570271790331306
-1.6439210773972142
-1.539887999326182
-1.5627509801794115
-1.4719935324393945
-1.5456428195053027
-1.4416097414342703
-1.4644727222875
-1.1591966835491139
-1.232845970615022
-1.1288128925439898
-1.1516758733972192
-1.3745606177704621
-1.4482099048363704
-1.3441768267653382
-1.3670398076185677
-1.616355149726689
-1.690004436792597
-1.5859713587215651
-1.6088343395747946
-1.5180768918347773
-1.5917261789006858
-1.4876931008296534
-1.510556081682883
-1.0996808021444187
-1.1733300892103269
-1.069297011139295
-1.0921599919925244
-1.315044736365767
-1.3886940234316751
-1.2846609453606432
-1.3075239262138727
-1.5568392683219938
-1.630488555387902
-1.5264554773168701
-1.5493184581700996
-1.4585610104300821
-1.5322102974959906
-1.4281772194249585
-1.451040200278188
-0.7651694478403972
-0.8388187349063054
-0.7347856568352734
-0.7576486376885029
-0.9805333820617456
-1.054182669127654
-0.9501495910566218
-0.9730125719098514
-1.2223279140179724
-1.2959772010838808
-1.1919441230128487
-1.2148071038660782
-1.124049656126061
-1.1976989431919693
-1.093665865120937
-1.1165288459741667
-0.6316866066737796
-0.705335893739688
-0.6013028156686557
-0.6241657965218853
-0.8470505408951279
-0.9206998279610363
-0.8166667498900042
-0.8395297307432337
-1.0888450728513548
-1.1624943599172632
-1.0584612818462311
-1.0813242626994606
-0.9905668149594433
-1.0642161020253518
-0.9601830239543194
-0.9830460048075491
-0.6777699660691627
-0.7514192531350711
-0.647386175064039
-0.6702491559172684
-0.893133900290511
-0.9667831873564194
-0.8627501092853873
-0.8856130901386168
-1.1349284322467381
-1.2085777193126463
-1.1045446412416142
-1.1274076220948437
-1.0366501743548264
-1.1102994614207347
-1.0062663833497025
-1.029129364202932
-0.6182540846644676
-0.6919033717303759
-0.5878702936593438
-0.6107332745125733
-0.833618018885816
-0.9072673059517244
-0.8032342278806922
-0.8260972087339218
-1.075412550842043
-1.1490618379079514
-1.0450287598369192
-1.0678917406901487
-0.9771342929501313
-1.0507835800160397
-0.9467505019450076
-0.9696134827982371
