-0.8808859265141816
-0.9779778028319054
-0.8029699836202107
-0.7890493834054577
-0.7815026241761303
-0.8785945004938542
-0.7035866812821595
-0.6896660810674063
-0.4350827742472067
-0.5321746505649305
-0.3571668313532357
-0.3432462311384826
-0.7891742642441965
-0.8862661405619204
-0.7112583213502256
-0.6973377211354724
-1.1515002268237164
-1.2485921031414404
-1.0735842839297454
-1.0596636837149922
-1.052116924485665
-1.1492088008033887
-0.974200981591694
-0.960280381376941
-0.7056970745567415
-0.8027889508744652
-0.6277811316627705
-0.6138605314480173
-1.0597885645537313
-1.156880440871455
-0.9818726216597603
-0.9679520214450071
-1.032625633724456
-1.1297175100421797
-0.954709690830485
-0.940789090615732
-0.9332423313864048
-1.0303342077041286
-0.8553263884924338
-0.8414057882776806
-0.5868224814574812
-0.6839143577752048
-0.5089065385635101
-0.4949859383487571
-0.9409139714544709
-1.0380058477721947
-0.8629980285604999
-0.8490774283457467
-1.0085931702047537
-1.1056850465224775
-0.9306772273107827
-0.9167566270960296
-0.9092098678667023
-1.0063017441844262
-0.8312939249727314
-0.8173733247579782
-0.5627900179377788
-0.6598818942555027
-0.4848740750438078
-0.4709534748290547
-0.9168815079347684
-1.0139733842524923
-0.8389655650407974
-0.8250449648260443
-0.8541832191357306
-0.9512750954534543
-0.7762672762417596
-0.7623466760270065
-0.7547999167976793
-0.851891793115403
-0.6768839739037082
-0.6629633736889551
-0.40838006686875533
-0.5054719431864791
-0.3304641239747844
-0.3165435237600313
-0.7624715568657454
-0.8595634331834691
-0.6845556139717743
-0.6706350137570214
-1.124797519445265
-1.221889395762989
-1.0468815765512944
-1.0329609763365413
-1.0254142171072138
-1.1225060934249378
-0.947498274213243
-0.93357767399849
-0.67899436717829
-0.776086243496014
-0.6010784242843192
-0.5871578240695661
-1.0330858571752801
-1.130177733493004
-0.955169914281309
-0.9412493140665561
-1.0059229263460048
-1.1030148026637288
-0.9280069834520339
-0.9140863832372808
-0.9065396240079536
-1.0036315003256775
-0.8286236811139825
-0.8147030808992296
-0.5601197740790298
-0.6572116503967536
-0.4822038311850588
-0.4682832309703057
-0.9142112640760197
-1.0113031403937436
-0.8362953211820486
-0.8223747209672957
-0.9818904628263025
-1.0789823391440263
-0.9039745199323315
-0.8900539197175783
-0.8825071604882512
-0.9795990368059752
-0.8045912175942801
-0.7906706173795272
-0.5360873105593275
-0.6331791868770513
-0.45817136766535643
-0.4442507674506034
-0.8901788005563173
-0.9872706768740412
-0.8122628576623462
-0.7983422574475934
-1.1200571632635166
-1.2171490395812403
-1.0421412203695455
-1.0282206201547925
-1.020673860925465
-1.117765737243189
-0.9427579180314942
-0.9288373178167411
-0.6742540109965414
-0.7713458873142652
-0.5963380681025703
-0.5824174678878173
-1.0283455009935312
-1.1254373773112551
-0.9504295580995603
-0.9365089578848071
-1.390671463573051
-1.4877633398907748
-1.31275552067908
-1.298834920464327
-1.291288161235
-1.3883800375527238
-1.213372218341029
-1.1994516181262758
-0.944868311306076
-1.0419601876238
-0.866952368412105
-0.8530317681973518
-1.2989598013030659
-1.3960516776207896
-1.2210438584090948
-1.2071232581943419
-1.2717968704737905
-1.3688887467915147
-1.1938809275798195
-1.1799603273650667
-1.1724135681357397
-1.2695054444534632
-1.0944976252417686
-1.0805770250270155
-0.8259937182068157
-0.9230855945245395
-0.7480777753128448
-0.7341571750980916
-1.1800852082038056
-1.2771770845215296
-1.1021692653098347
-1.0882486650950816
-1.2477644069540883
-1.3448562832718123
-1.1698484640601172
-1.1559278638453643
-1.1483811046160373
-1.2454729809337608
-1.0704651617220662
-1.056544561507313
-0.8019612546871133
-0.8990531310048372
-0.7240453117931424
-0.7101247115783892
-1.1560527446841034
-1.253144621001827
-1.0781368017901323
-1.064216201575379
-0.6703364401522404
-0.7674283164699639
-0.5924204972582694
-0.5784998970435162
-0.5709531378141889
-0.6680450141319128
-0.4930371949202179
-0.4791165947054648
-0.22453328788526522
-0.321625164202989
-0.14661734499129414
-0.1326967447765411
-0.5786247778822551
-0.6757166541999788
-0.500708834988284
-0.486788234773531
-0.940950740461775
-1.038042616779499
-0.8630347975678039
-0.8491141973530509
-0.8415674381237238
-0.9386593144414475
-0.7636514952297527
-0.7497308950149996
-0.49514758819479987
-0.5922394645125237
-0.4172316453008289
-0.40331104508607574
-0.8492390781917899
-0.9463309545095137
-0.7713231352978188
-0.7574025350830659
-0.8220761473625146
-0.9191680236802384
-0.7441602044685435
-0.7302396042537905
-0.7226928450244634
-0.8197847213421873
-0.6447769021304923
-0.6308563019157394
-0.37627299509553963
-0.4733648714132634
-0.29835705220156855
-0.2844364519868155
-0.7303644850925295
-0.8274563614102535
-0.6524485421985584
-0.6385279419838055
-0.7980436838428123
-0.8951355601605361
-0.720127740948841
-0.7062071407340881
-0.698660381504761
-0.7957522578224849
-0.6207444386107899
-0.6068238383960369
-0.35224053157583723
-0.4493324078935611
-0.2743245886818662
-0.2604039884671131
-0.706332021572827
-0.803423897890551
-0.628416078678856
-0.614495478464103
-0.9100602946729901
-1.0071521709907139
-0.832144351779019
-0.8182237515642661
-0.8106769923349387
-0.9077688686526626
-0.7327610494409676
-0.7188404492262147
-0.46425714240601507
-0.5613490187237389
-0.38634119951204404
-0.37242059929729093
-0.8183486324030049
-0.9154405087207288
-0.740432689509034
-0.7265120892942808
-1.1806745949825248
-1.2777664713002488
-1.1027586520885537
-1.0888380518738006
-1.0812912926444733
-1.1783831689621973
-1.0033753497505027
-0.9894547495357494
-0.7348714427155498
-0.8319633190332736
-0.6569554998215789
-0.6430348996068257
-1.0889629327125396
-1.1860548090302634
-1.0110469898185688
-0.9971263896038155
-1.0618000018832643
-1.1588918782009883
-0.9838840589892933
-0.9699634587745404
-0.9624166995452131
-1.059508575862937
-0.8845007566512422
-0.870580156436489
-0.6159968496162895
-0.7130887259340132
-0.5380809067223185
-0.5241603065075654
-0.9700883396132792
-1.067180215931003
-0.8921723967193083
-0.8782517965045551
-1.037767538363562
-1.1348594146812858
-0.9598515954695912
-0.945930995254838
-0.9383842360255107
-1.0354761123432346
-0.8604682931315397
-0.8465476929167866
-0.5919643860965872
-0.6890562624143111
-0.5140484432026162
-0.5001278429878631
-0.9460558760935768
-1.0431477524113006
-0.8681399331996059
-0.854219332984853
-0.8833575872945388
-0.9804494636122625
-0.8054416444005678
-0.7915210441858148
-0.7839742849564876
-0.8810661612742113
-0.7060583420625166
-0.6921377418477634
-0.4375544350275637
-0.5346463113452875
-0.3596384921335928
-0.34571789191883967
-0.7916459250245538
-0.8887378013422775
-0.7137299821305827
-0.6998093819158298
-1.1539718876040737
-1.2510637639217974
-1.0760559447101026
-1.0621353444953496
-1.0545885852660222
-1.1516804615837462
-0.9766726423720513
-0.9627520421572981
-0.7081687353370983
-0.8052606116548223
-0.6302527924431276
-0.6163321922283744
-1.0622602253340885
-1.1593521016518122
-0.9843442824401174
-0.9704236822253646
-1.0350972945048131
-1.1321891708225371
-0.9571813516108423
-0.9432607513960891
-0.935713992166762
-1.0328058684844856
-0.8577980492727909
-0.843877449058038
-0.5892941422378383
-0.6863860185555619
-0.5113781993438672
-0.4974575991291141
-0.9433856322348281
-1.040477508552552
-0.865469689340857
-0.851549089126104
-1.011064830985111
-1.1081567073028347
-0.9331488880911398
-0.9192282878763867
-0.9116815286470595
-1.0087734049647834
-0.8337655857530885
-0.8198449855383355
-0.5652616787181358
-0.6623535550358597
-0.4873457358241648
-0.47342513560941174
-0.9193531687151257
-1.0164450450328497
-0.8414372258211545
-0.8275166256064017
-1.149231531422325
-1.2463234077400487
-1.0713155885283538
-1.057394988313601
-1.0498482290842734
-1.1469401054019974
-0.9719322861903024
-0.9580116859755494
-0.7034283791553496
-0.8005202554730736
-0.6255124362613786
-0.6115918360466257
-1.0575198691523398
-1.1546117454700635
-0.9796039262583688
-0.9656833260436156
-1.4198458317318594
-1.5169377080495834
-1.3419298888378883
-1.3280092886231354
-1.3204625293938081
-1.4175544057115321
-1.242546586499837
-1.2286259862850841
-0.9740426794648844
-1.0711345557826082
-0.8961267365709134
-0.8822061363561604
-1.3281341694618745
-1.425226045779598
-1.2502182265679034
-1.2362976263531507
-1.300971238632599
-1.3980631149503229
-1.2230552957386278
-1.2091346955238749
-1.201587936294548
-1.2986798126122716
-1.123671993400577
-1.1097513931858238
-0.8551680863656241
-0.952259962683348
-0.7772521434716532
-0.7633315432569
-1.2092595763626142
-1.306351452680338
-1.131343633468643
-1.11742303325389
-1.2769387751128967
-1.3740306514306204
-1.1990228322189256
-1.1851022320041726
-1.1775554727748456
-1.2746473490925694
-1.0996395298808745
-1.0857189296661214
-0.8311356228459217
-0.9282274991636456
-0.7532196799519507
-0.7392990797371976
-1.1852271128429117
-1.2823189891606355
-1.1073111699489406
-1.0933905697341875
-0.6995108083110487
-0.7966026846287723
-0.6215948654170778
-0.6076742652023244
-0.6001275059729971
-0.6972193822907211
-0.5222115630790263
-0.5082909628642732
-0.2537076560440735
-0.3507995323617974
-0.17579171315010253
-0.16187111293534942
-0.6077991460410634
-0.7048910223587872
-0.5298832031470924
-0.5159626029323394
-0.9701251086205833
-1.0672169849383073
-0.8922091657266122
-0.8782885655118593
-0.870741806282532
-0.9678336826002558
-0.7928258633885609
-0.7789052631738079
-0.5243219563536082
-0.6214138326713321
-0.44640601345963726
-0.4324854132448841
-0.8784134463505983
-0.975505322668322
-0.8004975034566272
-0.7865769032418742
-0.8512505155213229
-0.9483423918390469
-0.7733345726273518
-0.7594139724125989
-0.7518672131832718
-0.8489590895009954
-0.6739512702893007
-0.6600306700745477
-0.40544736325434794
-0.5025392395720718
-0.32753142036037686
-0.3136108201456238
-0.7595388532513379
-0.8566307295690618
-0.6816229103573668
-0.6677023101426138
-0.8272180520016205
-0.9243099283193444
-0.7493021091076496
-0.7353815088928964
-0.7278347496635693
-0.8249266259812933
-0.6499188067695982
-0.6359982065548453
-0.3814148997346456
-0.47850677605236946
-0.3034989568406746
-0.2895783566259215
-0.7355063897316354
-0.8325982660493594
-0.6575904468376643
-0.6436698466229115
-0.9100602946729901
-1.0071521709907139
-0.832144351779019
-0.8182237515642661
-0.8106769923349387
-0.9077688686526626
-0.7327610494409676
-0.7188404492262147
-0.46425714240601507
-0.5613490187237389
-0.38634119951204404
-0.37242059929729093
-0.8183486324030049
-0.9154405087207288
-0.740432689509034
-0.7265120892942808
-1.1806745949825248
-1.2777664713002488
-1.1027586520885537
-1.0888380518738006
-1.0812912926444733
-1.1783831689621973
-1.0033753497505027
-0.9894547495357494
-0.7348714427155498
-0.8319633190332736
-0.6569554998215789
-0.6430348996068257
-1.0889629327125396
-1.1860548090302634
-1.0110469898185688
-0.9971263896038155
-1.0618000018832643
-1.1588918782009883
-0.9838840589892933
-0.9699634587745404
-0.9624166995452131
-1.059508575862937
-0.8845007566512422
-0.870580156436489
-0.6159968496162895
-0.7130887259340132
-0.5380809067223185
-0.5241603065075654
-0.9700883396132792
-1.067180215931003
-0.8921723967193083
-0.8782517965045551
-1.037767538363562
-1.1348594146812858
-0.9598515954695912
-0.945930995254838
-0.9383842360255107
-1.0354761123432346
-0.8604682931315397
-0.8465476929167866
-0.5919643860965872
-0.6890562624143111
-0.5140484432026162
-0.5001278429878631
-0.9460558760935768
-1.0431477524113006
-0.8681399331996059
-0.854219332984853
-0.8833575872945388
-0.9804494636122625
-0.8054416444005678
-0.7915210441858148
-0.7839742849564876
-0.8810661612742113
-0.7060583420625166
-0.6921377418477634
-0.4375544350275637
-0.5346463113452875
-0.3596384921335928
-0.34571789191883967
-0.7916459250245538
-0.8887378013422775
-0.7137299821305827
-0.6998093819158298
-1.1539718876040737
-1.2510637639217974
-1.0760559447101026
-1.0621353444953496
-1.0545885852660222
-1.1516804615837462
-0.9766726423720513
-0.9627520421572981
-0.7081687353370983
-0.8052606116548223
-0.6302527924431276
-0.6163321922283744
-1.0622602253340885
-1.1593521016518122
-0.9843442824401174
-0.9704236822253646
-1.0350972945048131
-1.1321891708225371
-0.9571813516108423
-0.9432607513960891
-0.935713992166762
-1.0328058684844856
-0.8577980492727909
-0.843877449058038
-0.5892941422378383
-0.6863860185555619
-0.5113781993438672
-0.4974575991291141
-0.9433856322348281
-1.040477508552552
-0.865469689340857
-0.851549089126104
-1.011064830985111
-1.1081567073028347
-0.9331488880911398
-0.9192282878763867
-0.9116815286470595
-1.0087734049647834
-0.8337655857530885
-0.8198449855383355
-0.5652616787181358
-0.6623535550358597
-0.4873457358241648
-0.47342513560941174
-0.9193531687151257
-1.0164450450328497
-0.8414372258211545
-0.8275166256064017
-1.149231531422325
-1.2463234077400487
-1.0713155885283538
-1.057394988313601
-1.0498482290842734
-1.1469401054019974
-0.9719322861903024
-0.9580116859755494
-0.7034283791553496
-0.8005202554730736
-0.6255124362613786
-0.6115918360466257
-1.0575198691523398
-1.1546117454700635
-0.9796039262583688
-0.9656833260436156
-1.4198458317318594
-1.5169377080495834
-1.3419298888378883
-1.3280092886231354
-1.3204625293938081
-1.4175544057115321
-1.242546586499837
-1.2286259862850841
-0.9740426794648844
-1.0711345557826082
-0.8961267365709134
-0.8822061363561604
-1.3281341694618745
-1.425226045779598
-1.2502182265679034
-1.2362976263531507
-1.300971238632599
-1.3980631149503229
-1.2230552957386278
-1.2091346955238749
-1.201587936294548
-1.2986798126122716
-1.123671993400577
-1.1097513931858238
-0.8551680863656241
-0.952259962683348
-0.7772521434716532
-0.7633315432569
-1.2092595763626142
-1.306351452680338
-1.131343633468643
-1.11742303325389
-1.2769387751128967
-1.3740306514306204
-1.1990228322189256
-1.1851022320041726
-1.1775554727748456
-1.2746473490925694
-1.0996395298808745
-1.0857189296661214
-0.8311356228459217
-0.9282274991636456
-0.7532196799519507
-0.7392990797371976
-1.1852271128429117
-1.2823189891606355
-1.1073111699489406
-1.0933905697341875
-0.6995108083110487
-0.7966026846287723
-0.6215948654170778
-0.6076742652023244
-0.6001275059729971
-0.6972193822907211
-0.5222115630790263
-0.5082909628642732
-0.2537076560440735
-0.3507995323617974
-0.17579171315010253
-0.16187111293534942
-0.6077991460410634
-0.7048910223587872
-0.5298832031470924
-0.5159626029323394
-0.9701251086205833
-1.0672169849383073
-0.8922091657266122
-0.8782885655118593
-0.870741806282532
-0.9678336826002558
-0.7928258633885609
-0.7789052631738079
-0.5243219563536082
-0.6214138326713321
-0.44640601345963726
-0.4324854132448841
-0.8784134463505983
-0.975505322668322
-0.8004975034566272
-0.7865769032418742
-0.8512505155213229
-0.9483423918390469
-0.7733345726273518
-0.7594139724125989
-0.7518672131832718
-0.8489590895009954
-0.6739512702893007
-0.6600306700745477
-0.40544736325434794
-0.5025392395720718
-0.32753142036037686
-0.3136108201456238
-0.7595388532513379
-0.8566307295690618
-0.6816229103573668
-0.6677023101426138
-0.8272180520016205
-0.9243099283193444
-0.7493021091076496
-0.7353815088928964
-0.7278347496635693
-0.8249266259812933
-0.6499188067695982
-0.6359982065548453
-0.3814148997346456
-0.47850677605236946
-0.3034989568406746
-0.2895783566259215
-0.7355063897316354
-0.8325982660493594
-0.6575904468376643
-0.6436698466229115
-1.0668813272293158
-1.1639732035470398
-0.9889653843353448
-0.9750447841205919
-0.9674980248912646
-1.0645899012089883
-0.8895820819972936
-0.8756614817825408
-0.621078174962341
-0.7181700512800646
-0.5431622320683699
-0.5292416318536168
-0.9751696649593309
-1.0722615412770549
-0.8972537220653598
-0.8833331218506069
-1.3374956275388505
-1.4345875038565745
-1.2595796846448795
-1.2456590844301265
-1.2381123252007995
-1.3352042015185235
-1.1601963823068284
-1.1462757820920755
-0.8916924752718756
-0.9887843515895994
-0.8137765323779046
-0.7998559321631514
-1.2457839652688656
-1.3428758415865896
-1.1678680223748945
-1.1539474221601416
-1.2186210344395902
-1.3157129107573142
-1.1407050915456194
-1.1267844913308662
-1.119237732101539
-1.2163296084192627
-1.041321789207568
-1.0274011889928147
-0.7728178821726152
-0.869909758490339
-0.6949019392786442
-0.680981339063891
-1.126909372169605
-1.2240012484873288
-1.0489934292756344
-1.0350728290608813
-1.1945885709198878
-1.2916804472376118
-1.116672628025917
-1.1027520278111638
-1.0952052685818365
-1.1922971448995603
-1.0172893256878657
-1.0033687254731125
-0.7487854186529128
-0.8458772949706366
-0.6708694757589421
-0.6569488755441889
-1.1028769086499026
-1.1999687849676266
-1.024960965755932
-1.0110403655411788
-1.0401786198508647
-1.1372704961685884
-0.9622626769568938
-0.9483420767421407
-0.9407953175128135
-1.0378871938305374
-0.8628793746188426
-0.8489587744040894
-0.5943754675838896
-0.6914673439016137
-0.5164595246899185
-0.5025389244751655
-0.9484669575808797
-1.0455588338986035
-0.8705510146869088
-0.8566304144721556
-1.3107929201603994
-1.4078847964781231
-1.2328769772664285
-1.2189563770516754
-1.2114096178223481
-1.308501494140072
-1.1334936749283773
-1.119573074713624
-0.8649897678934244
-0.9620816442111484
-0.7870738249994533
-0.7731532247847004
-1.2190812578904142
-1.3161731342081384
-1.1411653149964436
-1.1272447147816904
-1.191918327061139
-1.2890102033788629
-1.114002384167168
-1.100081783952415
-1.0925350247230878
-1.1896269010408118
-1.014619081829117
-1.0006984816143638
-0.746115174794164
-0.843207051111888
-0.6681992319001931
-0.65427863168544
-1.100206664791154
-1.197298541108878
-1.022290721897183
-1.0083701216824301
-1.1678858635414366
-1.2649777398591604
-1.0899699206474656
-1.0760493204327124
-1.0685025612033856
-1.1655944375211094
-0.9905866183094145
-0.9766660180946614
-0.7220827112744617
-0.8191745875921855
-0.6441667683804908
-0.6302461681657376
-1.0761742012714517
-1.1732660775891754
-0.9982582583774806
-0.9843376581627274
-1.3060525639786507
-1.4031444402963744
-1.2281366210846796
-1.2142160208699266
-1.2066692616405994
-1.3037611379583234
-1.1287533187466283
-1.1148327185318752
-0.8602494117116756
-0.9573412880293994
-0.7823334688177046
-0.7684128686029514
-1.2143409017086655
-1.3114327780263892
-1.1364249588146946
-1.1225043585999415
-1.5766668642881851
-1.6737587406059091
-1.4987509213942143
-1.4848303211794611
-1.4772835619501339
-1.5743754382678579
-1.399367619056163
-1.3854470188414099
-1.1308637120212102
-1.2279555883389341
-1.0529477691272393
-1.0390271689124861
-1.4849552020182002
-1.582047078335924
-1.4070392591242291
-1.3931186589094762
-1.4577922711889246
-1.5548841475066486
-1.3798763282949538
-1.3659557280802006
-1.3584089688508736
-1.4555008451685976
-1.2804930259569027
-1.2665724257421496
-1.0119891189219499
-1.1090809952396739
-0.934073176027979
-0.9201525758132258
-1.3660806089189397
-1.4631724852366637
-1.2881646660249686
-1.2742440658102157
-1.4337598076692226
-1.5308516839869462
-1.3558438647752515
-1.3419232645604986
-1.3343765053311714
-1.4314683816488951
-1.2564605624372003
-1.2425399622224473
-0.9879566554022475
-1.0850485317199714
-0.9100407125082766
-0.8961201122935236
-1.3420481453992374
-1.4391400217169612
-1.2641322025052664
-1.2502116022905134
-0.8563318408673745
-0.9534237171850981
-0.7784158979734035
-0.7644952977586503
-0.7569485385293233
-0.8540404148470472
-0.6790325956353523
-0.6651119954205992
-0.4105286886003993
-0.5076205649181231
-0.33261274570642835
-0.31869214549167524
-0.7646201785973894
-0.8617120549151133
-0.6867042357034185
-0.6727836354886654
-1.126946141176909
-1.224038017494633
-1.049030198282938
-1.035109598068185
-1.027562838838858
-1.124654715156582
-0.9496468959448868
-0.935726295730134
-0.6811429889099341
-0.778234865227658
-0.6032270460159631
-0.5893064458012099
-1.035234478906924
-1.132326355224648
-0.957318536012953
-0.9433979357982001
-1.0080715480776488
-1.1051634243953727
-0.9301556051836776
-0.9162350049689247
-0.9086882457395975
-1.0057801220573215
-0.8307723028456264
-0.8168517026308735
-0.5622683958106738
-0.6593602721283977
-0.4843524529167027
-0.47043185270194965
-0.9163598858076639
-1.0134517621253876
-0.8384439429136928
-0.8245233426989399
-0.9840390845579465
-1.0811309608756703
-0.9061231416639755
-0.8922025414492225
-0.884655782219895
-0.981747658537619
-0.806739839325924
-0.7928192391111714
-0.5382359322909714
-0.6353278086086953
-0.4603199893970005
-0.44639938918224736
-0.8923274222879615
-0.9894192986056854
-0.8144114793939904
-0.8004908791792374
