-1.1556567263250594
-1.3307122465765617
-1.1494541481073062
-1.058717304146938
-0.9275171261054576
-1.1025726463569596
-0.9213145478877044
-0.8305777039273359
-0.9382566279603985
-1.1133121482119006
-0.9320540497426454
-0.8413172057822772
-0.8576753985344325
-1.0327309187859348
-0.8514728203166795
-0.760735976356311
-1.1712455553639263
-1.3463010756154283
-1.165042977146173
-1.0743061331858048
-0.9431059551443244
-1.1181614753958264
-0.9369033769265711
-0.8461665329662029
-0.9538454569992654
-1.1289009772507674
-0.9476428787815122
-0.8569060348211439
-0.8732642275732994
-1.0483197478248016
-0.8670616493555462
-0.776324805395178
-1.1289758906939822
-1.3040314109454845
-1.122773312476229
-1.0320364685158607
-0.9008362904743804
-1.0758918107258826
-0.8946337122566269
-0.8038968682962587
-0.9115757923293215
-1.0866313125808236
-0.9053732141115682
-0.8146363701511999
-0.8309945629033555
-1.0060500831548576
-0.8247919846856023
-0.734055140725234
-1.3424166568563778
-1.51747217710788
-1.3362140786386245
-1.2454772346782563
-1.114277056636776
-1.2893325768882777
-1.1080744784190226
-1.0173376344586542
-1.125016558491717
-1.300072078743219
-1.1188139802739638
-1.0280771363135952
-1.0444353290657509
-1.219490849317253
-1.0382327508479976
-0.9474959068876293
-1.1351064118750822
-1.3101619321265845
-1.128903833657329
-1.0381669896969608
-0.9069668116554802
-1.0820223319069824
-0.9007642334377272
-0.8100273894773589
-0.9177063135104212
-1.0927618337619234
-0.9115037352926681
-0.8207668913322996
-0.8371250840844553
-1.0121806043359576
-0.8309225058667019
-0.7401856619063337
-1.150695240913949
-1.3257507611654513
-1.1444926626961958
-1.0537558187358276
-0.9225556406943471
-1.097611160945849
-0.9163530624765939
-0.8256162185162255
-0.9332951425492881
-1.10835066280079
-0.927092564331535
-0.8363557203711665
-0.8527139131233221
-1.0277694333748244
-0.846511334905569
-0.7557744909452005
-1.108425576244005
-1.2834810964955072
-1.1022229980262517
-1.0114861540658835
-0.8802859760244032
-1.0553414962759053
-0.8740833978066499
-0.7833465538462815
-0.891025477879344
-1.0660809981308463
-0.884822899661591
-0.7940860557012225
-0.8104442484533783
-0.9854997687048803
-0.8042416702356251
-0.7135048262752566
-1.3218663424064003
-1.4969218626579026
-1.3156637641886473
-1.2249269202282789
-1.0937267421867987
-1.2687822624383007
-1.0875241639690452
-0.996787320008677
-1.1044662440417397
-1.2795217642932415
-1.0982636658239862
-1.007526821863618
-1.0238850146157736
-1.198940534867276
-1.0176824363980204
-0.9269455924376521
-1.310112916653006
-1.4851684369045084
-1.303910338435253
-1.2131734944748849
-1.081973316433404
-1.2570288366849063
-1.075770738215651
-0.9850338942552828
-1.092712818288345
-1.2677683385398473
-1.086510240070592
-0.9957733961102238
-1.0121315888623792
-1.1871871091138815
-1.005929010644626
-0.9151921666842578
-1.325701745691873
-1.5007572659433752
-1.3194991674741192
-1.228762323513751
-1.097562145472271
-1.272617665723773
-1.0913595672545178
-1.0006227232941494
-1.108301647327212
-1.283357167578714
-1.1020990691094588
-1.0113622251490906
-1.027720417901246
-1.202775938152748
-1.021517839683493
-0.9307809957231244
-1.2834320810219293
-1.458487601273431
-1.2772295028041756
-1.1864926588438074
-1.055292480802327
-1.230348001053829
-1.049089902584574
-0.9583530586242054
-1.066031982657268
-1.2410875029087702
-1.059829404439515
-0.9690925604791466
-0.9854507532313022
-1.1605062734828042
-0.9792481750135489
-0.8885113310531805
-1.4968728471843245
-1.6719283674358267
-1.490670268966571
-1.3999334250062028
-1.2687332469647223
-1.4437887672162246
-1.2625306687469693
-1.1717938247866009
-1.2794727488196636
-1.4545282690711656
-1.2732701706019103
-1.1825333266415419
-1.1988915193936975
-1.3739470396452
-1.1926889411759443
-1.101952097215576
-1.1152540034473961
-1.2903095236988982
-1.1090514252296426
-1.0183145812692744
-0.887114403227794
-1.062169923479296
-0.8809118250100408
-0.7901749810496727
-0.8978539050827351
-1.072909425334237
-0.8916513268649818
-0.8009144829046136
-0.8172726756567691
-0.9923281959082713
-0.8110700974390159
-0.7203332534786477
-1.1308428324862627
-1.305898352737765
-1.1246402542685094
-1.0339034103081413
-0.9027032322666609
-1.0777587525181629
-0.8965006540489077
-0.8057638100885394
-0.9134427341216019
-1.0884982543731039
-0.9072401559038487
-0.8165033119434805
-0.8328615046956359
-1.007917024947138
-0.8266589264778827
-0.7359220825175145
-1.0885731678163189
-1.263628688067821
-1.0823705895985654
-0.9916337456381973
-0.860433567596717
-1.035489087848219
-0.8542309893789637
-0.7634941454185954
-0.8711730694516578
-1.04622858970316
-0.8649704912339047
-0.7742336472735365
-0.790591840025692
-0.9656473602771941
-0.7843892618079388
-0.6936524178475706
-1.3020139339787142
-1.4770694542302165
-1.295811355760961
-1.2050745118005928
-1.0738743337591123
-1.2489298540106144
-1.0676717555413593
-0.9769349115809908
-1.0846138356140533
-1.2596693558655552
-1.0784112573963003
-0.9876744134359318
-1.0040326061880875
-1.1790881264395896
-0.9978300279703343
-0.9070931840099659
-1.1323371604322643
-1.3073926806837668
-1.1261345822145112
-1.035397738254143
-0.9041975602126626
-1.0792530804641647
-0.8979949819949093
-0.8072581380345409
-0.9149370620676035
-1.0899925823191057
-0.9087344838498504
-0.8179976398894819
-0.8343558326416376
-1.0094113528931399
-0.8281532544238842
-0.737416410463516
-1.1479259894711311
-1.3229815097226332
-1.141723411253378
-1.0509865672930097
-0.9197863892515293
-1.0948419095030315
-0.913583811033776
-0.8228469670734077
-0.9305258911064703
-1.1055814113579725
-0.9243233128887172
-0.833586468928349
-0.8499446616805043
-1.0250001819320065
-0.843742083462751
-0.7530052395023831
-1.1056563248011873
-1.2807118450526893
-1.099453746583434
-1.0087169026230658
-0.8775167245815853
-1.0525722448330874
-0.871314146363832
-0.7805773024034638
-0.8882562264365264
-1.0633117466880286
-0.8820536482187732
-0.791316804258405
-0.8076749970105606
-0.9827305172620626
-0.8014724187928071
-0.7107355748324391
-1.3190970909635826
-1.4941526112150851
-1.3128945127458296
-1.2221576687854612
-1.0909574907439807
-1.2660130109954828
-1.0847549125262275
-0.9940180685658593
-1.1016969925989217
-1.276752512850424
-1.0954944143811685
-1.0047575704208003
-1.0211157631729557
-1.196171283424458
-1.0149131849552027
-0.9241763409948344
-1.111786845982287
-1.2868423662337893
-1.1055842677645338
-1.0148474238041654
-0.8836472457626853
-1.0587027660141874
-0.8774446675449319
-0.7867078235845637
-0.8943867476176263
-1.0694422678691284
-0.8881841693998729
-0.7974473254395047
-0.8138055181916604
-0.9888610384431625
-0.807602939973907
-0.7168660960135388
-1.1273756750211539
-1.302431195272656
-1.1211730968034008
-1.0304362528430322
-0.899236074801552
-1.074291595053054
-0.8930334965837989
-0.8022966526234304
-0.9099755766564931
-1.085031096907995
-0.9037729984387397
-0.8130361544783715
-0.8293943472305271
-1.004449867482029
-0.8231917690127738
-0.7324549250524056
-1.08510601035121
-1.260161530602712
-1.0789034321334567
-0.9881665881730886
-0.856966410131608
-1.0320219303831102
-0.8507638319138547
-0.7600269879534866
-0.8677059119865491
-1.0427614322380514
-0.8615033337687957
-0.7707664898084275
-0.7871246825605832
-0.9621802028120852
-0.7809221043428298
-0.6901852603824616
-1.2985467765136054
-1.4736022967651077
-1.2923441982958521
-1.201607354335484
-1.0704071762940035
-1.2454626965455056
-1.0642045980762502
-0.973467754115882
-1.0811466781489445
-1.2562021984004466
-1.0749440999311912
-0.984207255970823
-1.0005654487229785
-1.1756209689744808
-0.9943628705052253
-0.9036260265448571
-1.2867933507602112
-1.4618488710117135
-1.2805907725424575
-1.1898539285820895
-1.058653750540609
-1.2337092707921113
-1.0524511723228558
-0.9617143283624875
-1.06939325239555
-1.2444487726470523
-1.0631906741777968
-0.9724538302174286
-0.9888120229695841
-1.1638675432210863
-0.9826094447518309
-0.8918726007914627
-1.302382179799078
-1.47743770005058
-1.2961796015813243
-1.2054427576209563
-1.0742425795794759
-1.249298099830978
-1.0680400013617228
-0.9773031574013543
-1.0849820814344169
-1.2600376016859192
-1.0787795032166636
-0.9880426592562953
-1.004400852008451
-1.179456372259953
-0.9981982737906977
-0.9074614298303294
-1.260112515129134
-1.435168035380636
-1.2539099369113806
-1.1631730929510122
-1.031972914909532
-1.207028435161034
-1.0257703366917785
-0.9350334927314103
-1.042712416764473
-1.217767937015975
-1.0365098385467195
-0.9457729945863514
-0.9621311873385071
-1.137186707590009
-0.9559286091207537
-0.8651917651603854
-1.4735532812915295
-1.6486088015430318
-1.467350703073776
-1.3766138591134076
-1.2454136810719274
-1.4204692013234297
-1.2392111028541741
-1.148474258893806
-1.2561531829268684
-1.4312087031783707
-1.2499506047091151
-1.159213760748747
-1.1755719535009026
-1.3506274737524044
-1.1693693752831493
-1.078632531322781
-1.091934437554601
-1.266989957806103
-1.0857318593368477
-0.9949950153764794
-0.8637948373349991
-1.0388503575865011
-0.8575922591172459
-0.7668554151568774
-0.8745343391899401
-1.0495898594414421
-0.8683317609721869
-0.7775949170118184
-0.7939531097639742
-0.9690086300154762
-0.787750531546221
-0.6970136875858525
-1.1075232665934678
-1.2825787868449698
-1.1013206883757145
-1.0105838444153463
-0.8793836663738658
-1.054439186625368
-0.8731810881561126
-0.7824442441957444
-0.8901231682288069
-1.065178688480309
-0.8839205900110534
-0.7931837460506852
-0.809541938802841
-0.984597459054343
-0.8033393605850875
-0.7126025166247195
-1.065253601923524
-1.2403091221750258
-1.0590510237057704
-0.9683141797454022
-0.8371140017039219
-1.012169521955424
-0.8309114234861684
-0.7401745795258002
-0.8478535035588629
-1.022909023810365
-0.8416509253411097
-0.7509140813807414
-0.767272274132897
-0.9423277943843991
-0.7610696959151438
-0.6703328519547755
-1.278694368085919
-1.4537498883374214
-1.272491789868166
-1.1817549459077976
-1.0505547678663172
-1.2256102881178192
-1.0443521896485641
-0.9536153456881957
-1.0612942697212584
-1.2363497899727602
-1.0550916915035053
-0.9643548475431368
-0.9807130402952924
-1.1557685605467944
-0.9745104620775391
-0.8837736181171708
-1.1323371604322643
-1.3073926806837668
-1.1261345822145112
-1.035397738254143
-0.9041975602126626
-1.0792530804641647
-0.8979949819949093
-0.8072581380345409
-0.9149370620676035
-1.0899925823191057
-0.9087344838498504
-0.8179976398894819
-0.8343558326416376
-1.0094113528931399
-0.8281532544238842
-0.737416410463516
-1.1479259894711311
-1.3229815097226332
-1.141723411253378
-1.0509865672930097
-0.9197863892515293
-1.0948419095030315
-0.913583811033776
-0.8228469670734077
-0.9305258911064703
-1.1055814113579725
-0.9243233128887172
-0.833586468928349
-0.8499446616805043
-1.0250001819320065
-0.843742083462751
-0.7530052395023831
-1.1056563248011873
-1.2807118450526893
-1.099453746583434
-1.0087169026230658
-0.8775167245815853
-1.0525722448330874
-0.871314146363832
-0.7805773024034638
-0.8882562264365264
-1.0633117466880286
-0.8820536482187732
-0.791316804258405
-0.8076749970105606
-0.9827305172620626
-0.8014724187928071
-0.7107355748324391
-1.3190970909635826
-1.4941526112150851
-1.3128945127458296
-1.2221576687854612
-1.0909574907439807
-1.2660130109954828
-1.0847549125262275
-0.9940180685658593
-1.1016969925989217
-1.276752512850424
-1.0954944143811685
-1.0047575704208003
-1.0211157631729557
-1.196171283424458
-1.0149131849552027
-0.9241763409948344
-1.111786845982287
-1.2868423662337893
-1.1055842677645338
-1.0148474238041654
-0.8836472457626853
-1.0587027660141874
-0.8774446675449319
-0.7867078235845637
-0.8943867476176263
-1.0694422678691284
-0.8881841693998729
-0.7974473254395047
-0.8138055181916604
-0.9888610384431625
-0.807602939973907
-0.7168660960135388
-1.1273756750211539
-1.302431195272656
-1.1211730968034008
-1.0304362528430322
-0.899236074801552
-1.074291595053054
-0.8930334965837989
-0.8022966526234304
-0.9099755766564931
-1.085031096907995
-0.9037729984387397
-0.8130361544783715
-0.8293943472305271
-1.004449867482029
-0.8231917690127738
-0.7324549250524056
-1.08510601035121
-1.260161530602712
-1.0789034321334567
-0.9881665881730886
-0.856966410131608
-1.0320219303831102
-0.8507638319138547
-0.7600269879534866
-0.8677059119865491
-1.0427614322380514
-0.8615033337687957
-0.7707664898084275
-0.7871246825605832
-0.9621802028120852
-0.7809221043428298
-0.6901852603824616
-1.2985467765136054
-1.4736022967651077
-1.2923441982958521
-1.201607354335484
-1.0704071762940035
-1.2454626965455056
-1.0642045980762502
-0.973467754115882
-1.0811466781489445
-1.2562021984004466
-1.0749440999311912
-0.984207255970823
-1.0005654487229785
-1.1756209689744808
-0.9943628705052253
-0.9036260265448571
-1.2867933507602112
-1.4618488710117135
-1.2805907725424575
-1.1898539285820895
-1.058653750540609
-1.2337092707921113
-1.0524511723228558
-0.9617143283624875
-1.06939325239555
-1.2444487726470523
-1.0631906741777968
-0.9724538302174286
-0.9888120229695841
-1.1638675432210863
-0.9826094447518309
-0.8918726007914627
-1.302382179799078
-1.47743770005058
-1.2961796015813243
-1.2054427576209563
-1.0742425795794759
-1.249298099830978
-1.0680400013617228
-0.9773031574013543
-1.0849820814344169
-1.2600376016859192
-1.0787795032166636
-0.9880426592562953
-1.004400852008451
-1.179456372259953
-0.9981982737906977
-0.9074614298303294
-1.260112515129134
-1.435168035380636
-1.2539099369113806
-1.1631730929510122
-1.031972914909532
-1.207028435161034
-1.0257703366917785
-0.9350334927314103
-1.042712416764473
-1.217767937015975
-1.0365098385467195
-0.9457729945863514
-0.9621311873385071
-1.137186707590009
-0.9559286091207537
-0.8651917651603854
-1.4735532812915295
-1.6486088015430318
-1.467350703073776
-1.3766138591134076
-1.2454136810719274
-1.4204692013234297
-1.2392111028541741
-1.148474258893806
-1.2561531829268684
-1.4312087031783707
-1.2499506047091151
-1.159213760748747
-1.1755719535009026
-1.3506274737524044
-1.1693693752831493
-1.078632531322781
-1.091934437554601
-1.266989957806103
-1.0857318593368477
-0.9949950153764794
-0.8637948373349991
-1.0388503575865011
-0.8575922591172459
-0.7668554151568774
-0.8745343391899401
-1.0495898594414421
-0.8683317609721869
-0.7775949170118184
-0.7939531097639742
-0.9690086300154762
-0.787750531546221
-0.6970136875858525
-1.1075232665934678
-1.2825787868449698
-1.1013206883757145
-1.0105838444153463
-0.8793836663738658
-1.054439186625368
-0.8731810881561126
-0.7824442441957444
-0.8901231682288069
-1.065178688480309
-0.8839205900110534
-0.7931837460506852
-0.809541938802841
-0.984597459054343
-0.8033393605850875
-0.7126025166247195
-1.065253601923524
-1.2403091221750258
-1.0590510237057704
-0.9683141797454022
-0.8371140017039219
-1.012169521955424
-0.8309114234861684
-0.7401745795258002
-0.8478535035588629
-1.022909023810365
-0.8416509253411097
-0.7509140813807414
-0.767272274132897
-0.9423277943843991
-0.7610696959151438
-0.6703328519547755
-1.278694368085919
-1.4537498883374214
-1.272491789868166
-1.1817549459077976
-1.0505547678663172
-1.2256102881178192
-1.0443521896485641
-0.9536153456881957
-1.0612942697212584
-1.2363497899727602
-1.0550916915035053
-0.9643548475431368
-0.9807130402952924
-1.1557685605467944
-0.9745104620775391
-0.8837736181171708
-1.1339243881753396
-1.3089799084268419
-1.1277218099575863
-1.0369849659972181
-0.9057847879557377
-1.0808403082072398
-0.8995822097379845
-0.808845365777616
-0.9165242898106787
-1.0915798100621807
-0.9103217115929255
-0.8195848676325573
-0.8359430603847128
-1.010998580636215
-0.8297404821669596
-0.7390036382065911
-1.1495132172142064
-1.3245687374657087
-1.1433106389964531
-1.052573795036085
-0.9213736169946045
-1.0964291372461066
-0.915171038776851
-0.8244341948164828
-0.9321131188495455
-1.1071686391010476
-0.9259105406317923
-0.835173696671424
-0.8515318894235795
-1.0265874096750818
-0.8453293112058263
-0.7545924672454581
-1.1072435525442623
-1.2822990727957644
-1.101040974326509
-1.0103041303661409
-0.8791039523246605
-1.0541594725761627
-0.872901374106907
-0.7821645301465389
-0.8898434541796016
-1.0648989744311037
-0.8836408759618484
-0.7929040320014801
-0.8092622247536356
-0.9843177450051377
-0.8030596465358825
-0.7123228025755142
-1.3206843187066577
-1.4957398389581602
-1.3144817404889046
-1.2237448965285362
-1.092544718487056
-1.2676002387385579
-1.0863421402693025
-0.9956052963089344
-1.103284220341997
-1.278339740593499
-1.097081642124244
-1.0063447981638753
-1.022702990916031
-1.197758511167533
-1.0165004126982777
-0.9257635687379094
-1.1133740737253623
-1.2884295939768644
-1.107171495507609
-1.0164346515472409
-0.8852344735057603
-1.0602899937572625
-0.879031895288007
-0.7882950513276388
-0.8959739753607013
-1.0710294956122035
-0.8897713971429483
-0.7990345531825798
-0.8153927459347354
-0.9904482661862376
-0.809190167716982
-0.7184533237566139
-1.128962902764229
-1.3040184230157315
-1.122760324546476
-1.0320234805861077
-0.9008233025446273
-1.0758788227961291
-0.894620724326874
-0.8038838803665056
-0.9115628043995683
-1.0866183246510701
-0.9053602261818151
-0.8146233822214466
-0.8309815749736024
-1.0060370952251045
-0.8247789967558491
-0.7340421527954807
-1.086693238094285
-1.2617487583457871
-1.0804906598765318
-0.9897538159161636
-0.8585536378746832
-1.0336091581261855
-0.8523510596569298
-0.7616142156965616
-0.8692931397296242
-1.0443486599811265
-0.8630905615118711
-0.7723537175515026
-0.7887119103036583
-0.9637674305551605
-0.7825093320859052
-0.6917724881255367
-1.3001340042566805
-1.4751895245081827
-1.2939314260389272
-1.203194582078559
-1.0719944040370788
-1.2470499242885806
-1.0657918258193253
-0.9750549818589571
-1.0827339058920198
-1.2577894261435216
-1.0765313276742663
-0.9857944837138982
-1.0021526764660538
-1.177208196717556
-0.9959500982483005
-0.9052132542879322
-1.2883805785032862
-1.4634360987547885
-1.2821780002855332
-1.1914411563251648
-1.0602409782836841
-1.2352964985351864
-1.0540384000659309
-0.9633015561055627
-1.0709804801386251
-1.2460360003901274
-1.064777901920872
-0.9740410579605039
-0.9903992507126594
-1.1654547709641616
-0.9841966724949059
-0.893459828534538
-1.303969407542153
-1.4790249277936554
-1.2977668293243994
-1.2070299853640314
-1.0758298073225512
-1.250885327574053
-1.069627229104798
-0.9788903851444294
-1.0865693091774922
-1.2616248294289942
-1.080366730959739
-0.9896298869993707
-1.0059880797515262
-1.1810436000030282
-0.999785501533773
-0.9090486575734046
-1.261699742872209
-1.436755263123711
-1.2554971646544557
-1.1647603206940875
-1.033560142652607
-1.2086156629041092
-1.027357564434854
-0.9366207204744855
-1.044299644507548
-1.2193551647590504
-1.038097066289795
-0.9473602223294267
-0.9637184150815823
-1.1387739353330844
-0.957515836863829
-0.8667789929034606
-1.4751405090346046
-1.6501960292861069
-1.468937930816851
-1.378201086856483
-1.2470009088150025
-1.4220564290665048
-1.2407983305972492
-1.150061486636881
-1.2577404106699437
-1.4327959309214457
-1.2515378324521902
-1.160800988491822
-1.1771591812439777
-1.35221470149548
-1.1709566030262244
-1.0802197590658562
-1.0935216652976762
-1.2685771855491783
-1.0873190870799228
-0.9965822431195546
-0.8653820650780741
-1.0404375853295762
-0.859179486860321
-0.7684426428999525
-0.8761215669330152
-1.0511770871845172
-0.869918988715262
-0.7791821447548938
-0.7955403375070492
-0.9705958577585514
-0.7893377592892961
-0.6986009153289279
-1.1091104943365429
-1.2841660145880451
-1.1029079161187896
-1.0121710721584214
-0.880970894116941
-1.056026414368443
-0.8747683158991878
-0.7840314719388195
-0.8917103959718821
-1.066765916223384
-0.8855078177541288
-0.7947709737937606
-0.8111291665459162
-0.9861846867974181
-0.8049265883281629
-0.7141897443677946
-1.066840829666599
-1.241896349918101
-1.0606382514488455
-0.9699014074884774
-0.838701229446997
-1.0137567496984992
-0.8324986512292438
-0.7417618072688755
-0.849440731301938
-1.0244962515534402
-0.8432381530841848
-0.7525013091238166
-0.7688595018759721
-0.9439150221274742
-0.7626569236582189
-0.6719200796978507
-1.2802815958289941
-1.4553371160804967
-1.274079017611241
-1.1833421736508727
-1.0521419956093925
-1.2271975158608943
-1.0459394173916394
-0.9552025734312709
-1.0628814974643335
-1.2379370177158353
-1.0566789192465804
-0.9659420752862119
-0.9823002680383677
-1.1573557882898697
-0.9760976898206144
-0.885360845860246
