-1.2032119425154806
-1.1960106410356774
-1.1825943700477182
-1.1981085356266952
-0.8312972059797393
-0.8240959044999362
-0.8106796335119767
-0.8261937990909539
-0.8357582013647634
-0.8285568998849603
-0.8151406288970009
-0.8306547944759781
-0.9038337505597961
-0.8966324490799931
-0.8832161780920336
-0.8987303436710107
-1.1478282097954173
-1.1406269083156144
-1.127210637327655
-1.1427248029066321
-0.7759134732596761
-0.768712171779873
-0.7552959007919136
-0.7708100663708908
-0.7803744686447003
-0.7731731671648971
-0.7597568961769378
-0.775271061755915
-0.848450017839733
-0.8412487163599298
-0.8278324453719704
-0.8433466109509477
-1.3619882203894877
-1.3547869189096846
-1.3413706479217251
-1.3568848135007023
-0.9900734838537465
-0.9828721823739434
-0.9694559113859841
-0.9849700769649612
-0.9945344792387708
-0.9873331777589677
-0.9739169067710082
-0.9894310723499853
-1.0626100284338034
-1.0554087269540002
-1.041992455966041
-1.057506621545018
-1.3747104114478146
-1.3675091099680114
-1.354092838980052
-1.3696070045590292
-1.002795674912073
-0.99559437343227
-0.9821781024443105
-0.9976922680232877
-1.0072566702970973
-1.0000553688172942
-0.9866390978293348
-1.002153263408312
-1.07533221949213
-1.0681309180123268
-1.0547146470243673
-1.0702288126033446
-1.1739813465972588
-1.1667800451174557
-1.1533637741294964
-1.1688779397084734
-0.8020666100615177
-0.7948653085817144
-0.7814490375937552
-0.7969632031727324
-0.8065276054465418
-0.7993263039667388
-0.7859100329787793
-0.8014241985577565
-0.8746031546415746
-0.8674018531617714
-0.8539855821738119
-0.869499747752789
-1.1185976138771958
-1.111396312397393
-1.0979800414094334
-1.1134942069884104
-0.7466828773414544
-0.7394815758616514
-0.7260653048736919
-0.7415794704526691
-0.7511438727264788
-0.7439425712466756
-0.7305263002587161
-0.7460404658376935
-0.8192194219215114
-0.8120181204417083
-0.7986018494537489
-0.8141160150327261
-1.3327576244712656
-1.3255563229914629
-1.3121400520035031
-1.3276542175824806
-0.9608428879355249
-0.9536415864557217
-0.9402253154677622
-0.9557394810467394
-0.9653038833205491
-0.9581025818407461
-0.9446863108527866
-0.9602004764317638
-1.0333794325155818
-1.0261781310357787
-1.0127618600478192
-1.0282760256267964
-1.3454798155295928
-1.3382785140497895
-1.3248622430618302
-1.3403764086408072
-0.9735650789938514
-0.9663637775140483
-0.9529475065260888
-0.9684616721050661
-0.9780260743788756
-0.9708247728990725
-0.957408501911113
-0.9729226674900903
-1.0461016235739085
-1.038900322094105
-1.0254840511061458
-1.0409982166851228
-1.3985577176652495
-1.3913564161854464
-1.3779401451974869
-1.393454310776464
-1.0266429811295084
-1.0194416796497052
-1.006025408661746
-1.021539574240723
-1.0311039765145324
-1.0239026750347295
-1.01048640404677
-1.026000569625747
-1.0991795257095653
-1.0919782242297622
-1.0785619532418027
-1.0940761188207797
-1.3431739849451865
-1.3359726834653833
-1.3225564124774238
-1.338070578056401
-0.9712592484094451
-0.9640579469296421
-0.9506416759416826
-0.9661558415206598
-0.9757202437944695
-0.9685189423146664
-0.9551026713267069
-0.970616836905684
-1.043795792989502
-1.036594491509699
-1.0231782205217395
-1.0386923861007167
-1.5573339955392567
-1.5501326940594535
-1.5367164230714943
-1.5522305886504715
-1.1854192590035157
-1.1782179575237124
-1.1648016865357533
-1.1803158521147306
-1.1898802543885398
-1.1826789529087367
-1.1692626819207774
-1.1847768474997546
-1.2579558035835725
-1.250754502103769
-1.2373382311158099
-1.2528523966947869
-1.5700561865975835
-1.5628548851177804
-1.549438614129821
-1.5649527797087983
-1.1981414500618421
-1.190940148582039
-1.1775238775940797
-1.193038043173057
-1.2026024454468665
-1.195401143967063
-1.1819848729791038
-1.197499038558081
-1.2706779946418991
-1.2634766931620958
-1.2500604221741365
-1.2655745877531135
-0.9649108714650537
-0.9577095699852506
-0.9442932989972911
-0.9598074645762683
-0.5929961349293124
-0.5857948334495092
-0.5723785624615497
-0.587892728040527
-0.5974571303143366
-0.5902558288345333
-0.5768395578465739
-0.5923537234255513
-0.6655326795093693
-0.6583313780295662
-0.6449151070416067
-0.6604292726205838
-0.9095271387449906
-0.9023258372651873
-0.888909566277228
-0.9044237318562052
-0.5376124022092493
-0.530411100729446
-0.5169948297414867
-0.5325089953204639
-0.5420733975942734
-0.5348720961144703
-0.5214558251265109
-0.536969990705488
-0.6101489467893062
-0.602947645309503
-0.5895313743215436
-0.6050455399005207
-1.123687149339061
-1.1164858478592579
-1.1030695768712984
-1.1185837424502756
-0.7517724128033196
-0.7445711113235165
-0.731154840335557
-0.7466690059145342
-0.7562334081883438
-0.7490321067085407
-0.7356158357205814
-0.7511300012995585
-0.8243089573833765
-0.8171076559035735
-0.803691384915614
-0.8192055504945912
-1.1364093403973874
-1.1292080389175843
-1.115791767929625
-1.131305933508602
-0.7644946038616461
-0.757293302381843
-0.7438770313938836
-0.7593911969728608
-0.7689555992466703
-0.7617542977668672
-0.7483380267789077
-0.7638521923578849
-0.8370311484417031
-0.8298298469618999
-0.8164135759739405
-0.8319277415529177
-1.2190400629274618
-1.2118387614476585
-1.198422490459699
-1.2139366560386762
-0.8471253263917203
-0.8399240249119172
-0.8265077539239577
-0.8420219195029349
-0.8515863217767444
-0.8443850202969413
-0.830968749308982
-0.8464829148879591
-0.9196618709717772
-0.9124605694919742
-0.8990442985040147
-0.9145584640829919
-1.1636563302073986
-1.1564550287275954
-1.143038757739636
-1.1585529233186131
-0.7917415936716573
-0.784540292191854
-0.7711240212038948
-0.7866381867828719
-0.7962025890566815
-0.7890012875768784
-0.7755850165889189
-0.791099182167896
-0.8642781382517141
-0.8570768367719109
-0.8436605657839514
-0.8591747313629288
-1.3778163408014688
-1.3706150393216654
-1.3571987683337063
-1.3727129339126836
-1.0059016042657276
-0.9987003027859246
-0.9852840317979652
-1.0007981973769424
-1.0103625996507517
-1.0031612981709486
-0.9897450271829893
-1.0052591927619665
-1.0784381488457846
-1.0712368473659815
-1.057820576378022
-1.0733347419569992
-1.3905385318597954
-1.3833372303799922
-1.369920959392033
-1.3854351249710104
-1.0186237953240542
-1.011422493844251
-0.9980062228562917
-1.0135203884352688
-1.0230847907090783
-1.0158834892292752
-1.0024672182413157
-1.017981383820293
-1.091160339904111
-1.0839590384243079
-1.0705427674363484
-1.0860569330153256
-1.18980946700924
-1.182608165529437
-1.1691918945414774
-1.1847060601204547
-0.8178947304734987
-0.8106934289936956
-0.7972771580057362
-0.8127913235847134
-0.8223557258585229
-0.8151544243787198
-0.8017381533907603
-0.8172523189697375
-0.8904312750535556
-0.8832299735737524
-0.869813702585793
-0.8853278681647703
-1.1344257342891768
-1.1272244328093737
-1.1138081618214142
-1.1293223274003914
-0.7625109977534356
-0.7553096962736324
-0.7418934252856731
-0.7574075908646503
-0.7669719931384599
-0.7597706916586567
-0.7463544206706972
-0.7618685862496744
-0.8350475423334925
-0.8278462408536893
-0.8144299698657299
-0.8299441354447071
-1.3485857448832468
-1.3413844434034439
-1.3279681724154844
-1.3434823379944618
-0.976671008347506
-0.969469706867703
-0.9560534358797435
-0.9715676014587206
-0.9811320037325303
-0.973930702252727
-0.9605144312647677
-0.9760285968437448
-1.0492075529275628
-1.0420062514477597
-1.0285899804598004
-1.0441041460387777
-1.3613079359415736
-1.3541066344617705
-1.3406903634738112
-1.3562045290527884
-0.9893931994058326
-0.9821918979260295
-0.9687756269380701
-0.9842897925170472
-0.9938541947908567
-0.9866528933110537
-0.9732366223230942
-0.9887507879020713
-1.0619297439858892
-1.0547284425060863
-1.0413121715181268
-1.0568263370971038
-1.4143858380772305
-1.4071845365974274
-1.393768265609468
-1.4092824311884453
-1.0424711015414896
-1.0352698000616862
-1.021853529073727
-1.0373676946527042
-1.0469320969265137
-1.0397307954467105
-1.026314524458751
-1.0418286900377283
-1.1150076461215463
-1.107806344641743
-1.0943900736537837
-1.109904239232761
-1.3590021053571673
-1.3518008038773641
-1.3383845328894048
-1.353898698468382
-0.9870873688214263
-0.9798860673416232
-0.9664697963536638
-0.9819839619326409
-0.9915483642064505
-0.9843470627266474
-0.9709307917386879
-0.986444957317665
-1.059623913401483
-1.05242261192168
-1.0390063409337205
-1.0545205065126977
-1.573162115951238
-1.5659608144714345
-1.5525445434834755
-1.5680587090624523
-1.2012473794154968
-1.1940460779356936
-1.180629806947734
-1.1961439725267113
-1.2057083748005208
-1.1985070733207177
-1.185090802332758
-1.2006049679117354
-1.2737839239955535
-1.2665826225157502
-1.2531663515277909
-1.268680517106768
-1.5858843070095645
-1.5786830055297614
-1.565266734541802
-1.5807809001207793
-1.2139695704738234
-1.20676826899402
-1.1933519980060605
-1.208866163585038
-1.2184305658588475
-1.211229264379044
-1.1978129933910846
-1.2133271589700618
-1.2865061150538801
-1.279304813574077
-1.2658885425861175
-1.2814027081650947
-0.9807389918770346
-0.9735376903972315
-0.9601214194092721
-0.9756355849882493
-0.6088242553412935
-0.6016229538614902
-0.5882066828735307
-0.603720848452508
-0.6132852507263176
-0.6060839492465143
-0.5926676782585549
-0.6081818438375322
-0.6813607999213502
-0.6741594984415471
-0.6607432274535877
-0.6762573930325649
-0.9253552591569717
-0.9181539576771686
-0.9047376866892091
-0.9202518522681862
-0.5534405226212303
-0.5462392211414271
-0.5328229501534677
-0.5483371157324448
-0.5579015180062545
-0.5507002165264513
-0.5372839455384919
-0.552798111117469
-0.6259770672012871
-0.618775765721484
-0.6053594947335245
-0.6208736603125018
-1.139515269751042
-1.1323139682712389
-1.1188976972832794
-1.1344118628622566
-0.7676005332153008
-0.7603992317354977
-0.7469829607475382
-0.7624971263265153
-0.772061528600325
-0.7648602271205218
-0.7514439561325623
-0.7669581217115394
-0.8401370777953575
-0.8329357763155544
-0.8195195053275951
-0.8350336709065722
-1.1522374608093684
-1.1450361593295655
-1.131619888341606
-1.147134053920583
-0.7803227242736274
-0.773121422793824
-0.7597051518058647
-0.7752193173848418
-0.7847837196586515
-0.7775824181788483
-0.7641661471908889
-0.779680312769866
-0.852859268853684
-0.845657967373881
-0.8322416963859215
-0.8477558619648987
-1.1464705830340722
-1.1392692815542689
-1.1258530105663096
-1.1413671761452868
-0.774555846498331
-0.7673545450185278
-0.7539382740305683
-0.7694524396095455
-0.7790168418833551
-0.7718155404035519
-0.7583992694155925
-0.7739134349945697
-0.8470923910783877
-0.8398910895985848
-0.8264748186106253
-0.8419889841896024
-1.091086850314009
-1.0838855488342058
-1.0704692778462466
-1.0859834434252238
-0.7191721137782678
-0.7119708122984646
-0.6985545413105053
-0.7140687068894824
-0.723633109163292
-0.7164318076834889
-0.7030155366955294
-0.7185297022745065
-0.7917086583583247
-0.7845073568785216
-0.7710910858905621
-0.7866052514695393
-1.3052468609080794
-1.298045559428276
-1.284629288440317
-1.300143454019294
-0.9333321243723383
-0.9261308228925351
-0.9127145519045757
-0.928228717483553
-0.9377931197573623
-0.9305918182775592
-0.9171755472895998
-0.932689712868577
-1.005868668952395
-0.998667367472592
-0.9852510964846325
-1.0007652620636096
-1.317969051966406
-1.3107677504866029
-1.2973514794986436
-1.3128656450776208
-0.9460543154306648
-0.9388530139508616
-0.9254367429629022
-0.9409509085418793
-0.9505153108156889
-0.9433140093358858
-0.9298977383479263
-0.9454119039269034
-1.0185908600107216
-1.0113895585309185
-0.997973287542959
-1.0134874531219362
-1.1172399871158505
-1.1100386856360476
-1.096622414648088
-1.1121365802270653
-0.7453252505801092
-0.7381239491003061
-0.7247076781123468
-0.7402218436913239
-0.7497862459651335
-0.7425849444853304
-0.7291686734973709
-0.744682839076348
-0.8178617951601661
-0.810660493680363
-0.7972442226924036
-0.8127583882713808
-1.0618562543957875
-1.0546549529159843
-1.0412386819280248
-1.056752847507002
-0.6899415178600462
-0.6827402163802431
-0.6693239453922837
-0.6848381109712608
-0.6944025132450704
-0.6872012117652673
-0.6737849407773078
-0.6892991063562849
-0.7624780624401032
-0.7552767609602998
-0.7418604899723406
-0.7573746555513177
-1.2760162649898574
-1.2688149635100545
-1.2553986925220948
-1.2709128581010722
-0.9041015284541165
-0.8969002269743135
-0.883483955986354
-0.8989981215653311
-0.9085625238391408
-0.9013612223593376
-0.8879449513713782
-0.9034591169503553
-0.9766380730341735
-0.9694367715543702
-0.956020500566411
-0.9715346661453881
-1.2887384560481843
-1.2815371545683811
-1.2681208835804216
-1.2836350491593989
-0.9168237195124431
-0.90962241803264
-0.8962061470446806
-0.9117203126236577
-0.9212847148974672
-0.9140834134176642
-0.9006671424297047
-0.9161813080086818
-0.9893602640924998
-0.9821589626126969
-0.9687426916247374
-0.9842568572037145
-1.3418163581838412
-1.334615056704038
-1.3211987857160785
-1.3367129512950557
-0.9699016216481001
-0.9627003201682969
-0.9492840491803375
-0.9647982147593147
-0.9743626170331242
-0.9671613155533211
-0.9537450445653616
-0.9692592101443387
-1.0424381662281568
-1.0352368647483536
-1.0218205937603944
-1.0373347593393716
-1.286432625463778
-1.2792313239839748
-1.2658150529960153
-1.2813292185749925
-0.9145178889280369
-0.9073165874482337
-0.8939003164602743
-0.9094144820392515
-0.9189788843130611
-0.9117775828332579
-0.8983613118452984
-0.9138754774242756
-0.9870544335080936
-0.9798531320282906
-0.9664368610403311
-0.9819510266193082
-1.5005926360578485
-1.493391334578045
-1.479975063590086
-1.495489229169063
-1.1286778995221074
-1.1214765980423043
-1.1080603270543448
-1.123574492633322
-1.1331388949071315
-1.1259375934273284
-1.1125213224393689
-1.128035488018346
-1.201214444102164
-1.1940131426223606
-1.1805968716344015
-1.1961110372133787
-1.5133148271161752
-1.506113525636372
-1.4926972546484125
-1.50821142022739
-1.141400090580434
-1.1341987891006304
-1.1207825181126714
-1.1362966836916486
-1.145861085965458
-1.1386597844856545
-1.1252435134976952
-1.1407576790766725
-1.2139366351604906
-1.2067353336806874
-1.1933190626927281
-1.2088332282717054
-0.9081695119836452
-0.900968210503842
-0.8875519395158827
-0.9030661050948599
-0.536254775447904
-0.5290534739681008
-0.5156372029801413
-0.5311513685591185
-0.5407157708329281
-0.5335144693531249
-0.5200981983651655
-0.5356123639441427
-0.6087913200279608
-0.6015900185481576
-0.5881737475601982
-0.6036879131391755
-0.8527857792635822
-0.8455844777837791
-0.8321682067958196
-0.8476823723747967
-0.4808710427278408
-0.4736697412480377
-0.4602534702600782
-0.47576763583905535
-0.485332038112865
-0.47813073663306177
-0.4647144656451024
-0.48022863122407955
-0.5534075873078976
-0.5462062858280945
-0.532790014840135
-0.5483041804191123
-1.0669457898576524
-1.0597444883778493
-1.04632821738989
-1.0618423829688672
-0.6950310533219113
-0.6878297518421083
-0.6744134808541488
-0.6899276464331259
-0.6994920487069355
-0.6922907472271324
-0.6788744762391729
-0.69438864181815
-0.7675675979019682
-0.760366296422165
-0.7469500254342056
-0.7624641910131827
-1.079667980915979
-1.072466679436176
-1.0590504084482164
-1.0745645740271936
-0.7077532443802379
-0.7005519429004347
-0.6871356719124753
-0.7026498374914524
-0.712214239765262
-0.7050129382854589
-0.6915966672974995
-0.7071108328764766
-0.7802897889602946
-0.7730884874804916
-0.7596722164925321
-0.7751863820715093
-1.3211610599236123
-1.3139597584438092
-1.3005434874558497
-1.316057653034827
-0.9492463233878711
-0.9420450219080679
-0.9286287509201084
-0.9441429164990857
-0.9537073187728952
-0.946506017293092
-0.9330897463051325
-0.9486039118841098
-1.021782867967928
-1.0145815664881248
-1.0011652955001653
-1.0166794610791425
-1.265777327203549
-1.2585760257237457
-1.2451597547357864
-1.2606739203147637
-0.893862590667808
-0.8866612891880047
-0.8732450182000455
-0.8887591837790226
-0.8983235860528321
-0.891122284573029
-0.8777060135850696
-0.8932201791640467
-0.9663991352478647
-0.9591978337680617
-0.9457815627801022
-0.9612957283590794
-1.4799373377976195
-1.4727360363178161
-1.459319765329857
-1.474833930908834
-1.1080226012618783
-1.1008212997820752
-1.0874050287941157
-1.102919194373093
-1.1124835966469024
-1.1052822951670993
-1.09186602417914
-1.1073801897581173
-1.1805591458419353
-1.173357844362132
-1.1599415733741727
-1.1754557389531501
-1.492659528855946
-1.485458227376143
-1.4720419563881837
-1.4875561219671611
-1.1207447923202047
-1.1135434908404016
-1.1001272198524423
-1.1156413854314196
-1.125205787705229
-1.118004486225426
-1.1045882152374664
-1.1201023808164436
-1.1932813369002617
-1.1860800354204586
-1.1726637644324993
-1.1881779300114765
-1.2919304640053906
-1.284729162525587
-1.271312891537628
-1.286827057116605
-0.9200157274696494
-0.9128144259898462
-0.8993981550018869
-0.9149123205808641
-0.9244767228546736
-0.9172754213748704
-0.9038591503869109
-0.9193733159658881
-0.9925522720497063
-0.9853509705699031
-0.9719346995819438
-0.987448865160921
-1.2365467312853275
-1.2293454298055242
-1.2159291588175651
-1.231443324396542
-0.8646319947495863
-0.857430693269783
-0.8440144222818237
-0.859528587860801
-0.8690929901346104
-0.8618916886548073
-0.8484754176668478
-0.8639895832458251
-0.9371685393296432
-0.92996723784984
-0.9165509668618805
-0.9320651324408578
-1.4507067418793975
-1.4435054403995944
-1.430089169411635
-1.445603334990612
-1.0787920053436566
-1.0715907038638537
-1.0581744328758942
-1.0736885984548714
-1.083253000728681
-1.0760516992488778
-1.0626354282609183
-1.0781495938398955
-1.1513285499237136
-1.1441272484439102
-1.130710977455951
-1.146225143034928
-1.4634289329377244
-1.4562276314579212
-1.442811360469962
-1.4583255260489392
-1.091514196401983
-1.08431289492218
-1.0708966239342206
-1.0864107895131976
-1.0959751917870073
-1.0887738903072042
-1.0753576193192447
-1.090871784898222
-1.16405074098204
-1.1568494395022368
-1.1434331685142776
-1.1589473340932546
-1.516506835073381
-1.509305533593578
-1.4958892626056186
-1.511403428184596
-1.14459209853764
-1.137390797057837
-1.1239745260698777
-1.139488691648855
-1.1490530939226642
-1.141851792442861
-1.1284355214549016
-1.1439496870338786
-1.217128643117697
-1.2099273416378935
-1.1965110706499347
-1.212025236228912
-1.461123102353318
-1.4539218008735149
-1.4405055298855556
-1.456019695464533
-1.0892083658175769
-1.0820070643377737
-1.0685907933498142
-1.0841049589287914
-1.0936693612026012
-1.086468059722798
-1.0730517887348385
-1.0885659543138158
-1.1617449103976336
-1.1545436089178307
-1.1411273379298712
-1.1566415035088482
-1.6752831129473884
-1.6680818114675853
-1.6546655404796258
-1.670179706058603
-1.3033683764116473
-1.296167074931844
-1.2827508039438846
-1.2982649695228619
-1.3078293717966714
-1.3006280703168682
-1.2872117993289087
-1.302725964907886
-1.3759049209917042
-1.368703619511901
-1.3552873485239416
-1.3708015141029186
-1.6880053040057152
-1.680804002525912
-1.6673877315379528
-1.6829018971169298
-1.3160905674699739
-1.3088892659901707
-1.2954729950022112
-1.3109871605811885
-1.3205515628549982
-1.3133502613751948
-1.2999339903872353
-1.3154481559662126
-1.3886271120500309
-1.3814258105702277
-1.3680095395822682
-1.3835237051612455
-1.0828599888731856
-1.0756586873933824
-1.062242416405423
-1.0777565819844
-0.7109452523374441
-0.7037439508576411
-0.6903276798696816
-0.7058418454486588
-0.7154062477224683
-0.7082049462426652
-0.6947886752547057
-0.7103028408336829
-0.7834817969175011
-0.776280495437698
-0.7628642244497384
-0.7783783900287157
-1.0274762561531223
-1.0202749546733192
-1.0068586836853597
-1.022372849264337
-0.6555615196173811
-0.6483602181375778
-0.6349439471496184
-0.6504581127285957
-0.6600225150024052
-0.652821213522602
-0.6394049425346425
-0.6549191081136198
-0.7280980641974378
-0.7208967627176348
-0.7074804917296753
-0.7229946573086525
-1.2416362667471927
-1.2344349652673896
-1.22101869427943
-1.2365328598584073
-0.8697215302114515
-0.8625202287316485
-0.849103957743689
-0.8646181233226661
-0.8741825255964756
-0.8669812241166726
-0.853564953128713
-0.8690791187076902
-0.9422580747915085
-0.9350567733117051
-0.9216405023237458
-0.937154667902723
-1.2543584578055194
-1.2471571563257162
-1.2337408853377567
-1.249255050916734
-0.8824437212697779
-0.8752424197899747
-0.8618261488020152
-0.8773403143809925
-0.8869047166548022
-0.8797034151749988
-0.8662871441870397
-0.8818013097660168
-0.9549802658498348
-0.9477789643700316
-0.9343626933820722
-0.9498768589610495
