-0.9982683741340466
-1.2846079967323178
-1.1796230022322298
-1.1904219085708723
-0.1339883942375915
-0.42032801683586246
-0.3153430223357748
-0.32614192867441705
-0.864631553722026
-1.1509711763202972
-1.0459861818202094
-1.0567850881588516
-0.8802780505545138
-1.166617673152785
-1.0616326786526973
-1.0724315849913395
-0.73131561218928
-1.017655234787551
-0.9126702402874634
-0.9234691466261056
0.13296436770717512
-0.1533752548910958
-0.048390260391008265
-0.05918916672965044
-0.5976787917772594
-0.8840184143755303
-0.7790334198754428
-0.7898323262140851
-0.6133252886097472
-0.8996649112080181
-0.7946799167079306
-0.8054788230465727
-0.9144788993311771
-1.2008185219294483
-1.0958335274293602
-1.1066324337680025
-0.050198919434722065
-0.33653854203299294
-0.23155354753290538
-0.24235245387154752
-0.7808420789191566
-1.0671817015174274
-0.9621967070173398
-0.9729956133559821
-0.7964885757516442
-1.0828281983499153
-0.9778432038498277
-0.9886421101884699
-0.840950655574686
-1.127290278172957
-1.0223052836728694
-1.0331041900115117
0.023329324321769034
-0.26301029827650185
-0.1580253037764143
-0.1688242101150565
-0.7073138351626654
-0.9936534577609364
-0.8886684632608489
-0.8994673695994909
-0.7229603319951532
-1.009299954593424
-0.9043149600933366
-0.9151138664319788
-1.1122239429784238
-1.3985635655766946
-1.2935785710766072
-1.304377477415249
-0.2479439630819685
-0.5342835856802394
-0.4292985911801519
-0.440097497518794
-0.9785871225664029
-1.2649267451646742
-1.1599417506645864
-1.1707406570032286
-0.9942336193988908
-1.2805732419971618
-1.175588247497074
-1.1863871538357165
-0.845271181033657
-1.1316108036319281
-1.0266258091318403
-1.0374247154704825
0.019008798862798125
-0.2673308237354728
-0.16234582923538524
-0.17314473557402738
-0.7116343606216363
-0.9979739832199073
-0.8929889887198198
-0.9037878950584619
-0.7272808574541242
-1.0136204800523951
-0.9086354855523076
-0.9194343918909497
-1.028434468175554
-1.3147740907738252
-1.2097890962737377
-1.2205880026123797
-0.16415448827909895
-0.45049411087737
-0.3455091163772824
-0.3563080227159245
-0.8947976477635334
-1.1811372703618046
-1.0761522758617168
-1.0869511822003588
-0.9104441445960212
-1.1967837671942925
-1.0917987726942044
-1.1025976790328467
-0.9549062244190629
-1.241245847017334
-1.1362608525172462
-1.1470597588558884
-0.09062624452260794
-0.37696586712087893
-0.27198087262079124
-0.28277977895943346
-0.8212694040070424
-1.1076090266053134
-1.0026240321052258
-1.013422938443868
-0.8369159008395303
-1.1232555234378012
-1.0182705289377136
-1.0290694352763559
-1.2243840243592992
-1.5107236469575704
-1.4057386524574826
-1.4165375587961246
-0.36010404446284433
-0.6464436670611151
-0.5414586725610275
-0.5522575788996698
-1.0907472039472788
-1.3770868265455496
-1.272101832045462
-1.282900738384104
-1.1063937007797666
-1.3927333233780375
-1.2877483288779499
-1.2985472352165919
-0.9574312624145327
-1.2437708850128038
-1.138785890512716
-1.1495847968513582
-0.09315128251807764
-0.37949090511634853
-0.274505910616261
-0.2853048169549031
-0.8237944420025122
-1.1101340646007831
-1.0051490701006955
-1.0159479764393378
-0.8394409388349999
-1.125780561433271
-1.0207955669331834
-1.0315944732718256
-1.14059454955643
-1.426934172154701
-1.3219491776546133
-1.3327480839932555
-0.2763145696599748
-0.5626541922582456
-0.4576691977581581
-0.4684681040968003
-1.0069577291444092
-1.2932973517426802
-1.1883123572425924
-1.1991112635812347
-1.022604225976897
-1.308943848575168
-1.2039588540750805
-1.2147577604137227
-1.0670663057999383
-1.3534059283982096
-1.248420933898122
-1.259219840236764
-0.2027863259034837
-0.48912594850175467
-0.3841409540016671
-0.39493986034030926
-0.9334294853879183
-1.219769107986189
-1.1147841134861016
-1.1255830198247436
-0.9490759822204061
-1.2354156048186768
-1.1304306103185893
-1.1412295166572313
-0.878729383375649
-1.16506900597392
-1.0600840114738324
-1.0708829178124746
-0.01444940347919395
-0.3007890260774649
-0.1958040315773773
-0.2066029379160194
-0.7450925629636285
-1.0314321855618993
-0.9264471910618117
-0.937246097400454
-0.7607390597961161
-1.047078682394387
-0.9420936878942995
-0.9528925942329417
-0.6117766214308824
-0.8981162440291531
-0.7931312495290658
-0.8039301558677079
0.25250335846557265
-0.03383626413269822
0.0711487303673893
0.060349824028747175
-0.4781398010188618
-0.7644794236171326
-0.6594944291170451
-0.6702933354556874
-0.49378629785134964
-0.7801259204496205
-0.6751409259495329
-0.6859398322881751
-0.7949399085727795
-1.0812795311710504
-0.9762945366709629
-0.9870934430096051
0.06934007132367555
-0.2169995512745954
-0.11201455677450779
-0.12281346311314997
-0.6613030881607589
-0.9476427107590297
-0.8426577162589423
-0.8534566225975844
-0.6769495849932466
-0.9632892075915175
-0.8583042130914299
-0.8691031194300721
-0.7214116648162884
-1.0077512874145593
-0.9027662929144719
-0.913565199253114
0.14286831508016665
-0.14347130751810427
-0.03848631301801673
-0.04928521935665893
-0.5877748444042677
-0.8741144670025387
-0.7691294725024512
-0.7799283788410935
-0.6034213412367556
-0.8897609638350266
-0.784775969334939
-0.7955748756735812
-1.0963543161754148
-1.3826939387736858
-1.277708944273598
-1.2885078506122405
-0.23207433627895982
-0.5184139588772307
-0.41342896437714316
-0.4242278707157853
-0.9627174957633943
-1.2490571183616654
-1.1440721238615776
-1.1548710302002199
-0.978363992595882
-1.2647036151941533
-1.1597186206940653
-1.1705175270327077
-0.8294015542306482
-1.1157411768289192
-1.0107561823288316
-1.0215550886674738
0.03487842566580677
-0.2514611969324641
-0.14647620243237655
-0.15727510877101875
-0.6957647338186277
-0.9821043564168986
-0.8771193619168112
-0.8879182682554532
-0.7114112306511154
-0.9977508532493863
-0.8927658587492988
-0.903564765087941
-1.0125648413725452
-1.2989044639708165
-1.1939194694707287
-1.204718375809371
-0.14828486147609035
-0.43462448407436133
-0.32963948957427364
-0.3404383959129158
-0.8789280209605248
-1.1652676435587959
-1.0602826490587083
-1.07108155539735
-0.8945745177930126
-1.1809141403912835
-1.0759291458911957
-1.086728052229838
-0.9390365976160543
-1.2253762202143252
-1.1203912257142374
-1.1311901320528797
-0.07475661771959927
-0.36109624031787013
-0.2561112458177826
-0.2669101521564248
-0.8053997772040338
-1.0917393998023046
-0.9867544053022171
-0.9975533116408593
-0.8210462740365215
-1.1073858966347923
-1.002400902134705
-1.013199808473347
-1.210309885019792
-1.4966495076180628
-1.3916645131179755
-1.4024634194566172
-0.3460299051233368
-0.6323695277216077
-0.5273845332215202
-0.5381834395601623
-1.0766730646077711
-1.3630126872060422
-1.2580276927059548
-1.2688265990445968
-1.092319561440259
-1.37865918403853
-1.2736741895384427
-1.2844730958770847
-0.9433571230750253
-1.2296967456732966
-1.1247117511732085
-1.135510657511851
-0.0790771431785702
-0.365416765776841
-0.2604317712767536
-0.2712306776153957
-0.8097203026630047
-1.0960599252612755
-0.9910749307611881
-1.0018738370998304
-0.8253667994954924
-1.1117064220937634
-1.0067214275936758
-1.017520333932318
-1.1265204102169226
-1.4128600328151935
-1.3078750383151059
-1.318673944653748
-0.2622404303204673
-0.5485800529187383
-0.44359505841865066
-0.4543939647572929
-0.9928835898049019
-1.279223212403173
-1.1742382179030852
-1.1850371242417275
-1.0085300866373896
-1.294869709235661
-1.1898847147355731
-1.2006836210742153
-1.0529921664604314
-1.339331789058702
-1.2343467945586146
-1.2451457008972568
-0.1887121865639763
-0.47505180916224726
-0.37006681466215957
-0.3808657210008018
-0.9193553460484107
-1.2056949686466816
-1.100709974146594
-1.1115088804852362
-0.9350018428808985
-1.2213414654791694
-1.1163564709790819
-1.127155377317724
-1.3224699664006678
-1.6088095889989387
-1.5038245944988509
-1.5146235008374933
-0.45818998650421255
-0.7445296091024834
-0.639544614602396
-0.650343520941038
-1.1888331459886472
-1.4751727685869178
-1.3701877740868302
-1.3809866804254727
-1.204479642821135
-1.4908192654194055
-1.385834270919318
-1.39663317725796
-1.055517204455901
-1.341856827054172
-1.2368718325540844
-1.2476707388927266
-0.19123722455944597
-0.4775768471577168
-0.37259185265762934
-0.38339075899627145
-0.9218803840438805
-1.2082200066421516
-1.103235012142064
-1.1140339184807062
-0.9375268808763682
-1.2238665034746392
-1.1188815089745516
-1.1296804153131936
-1.2386804915977982
-1.5250201141960693
-1.4200351196959815
-1.4308340260346237
-0.37440051170134314
-0.660740134299614
-0.5557551397995264
-0.5665540461381686
-1.1050436711857776
-1.3913832937840487
-1.2863982992839609
-1.297197205622603
-1.1206901680182655
-1.4070297906165363
-1.3020447961164485
-1.3128437024550907
-1.165152247841307
-1.451491870439578
-1.3465068759394903
-1.3573057822781325
-0.300872267944852
-0.587211890543123
-0.48222689604303537
-0.4930258023816776
-1.0315154274292866
-1.3178550500275572
-1.2128700555274698
-1.2236689618661118
-1.0471619242617742
-1.333501546860045
-1.2285165523599573
-1.2393154586985995
-0.9768153254170173
-1.2631549480152882
-1.1581699535152008
-1.1689688598538426
-0.11253534552056227
-0.3988749681188332
-0.2938899736187456
-0.30468887995738775
-0.8431785050049967
-1.1295181276032678
-1.0245331331031802
-1.0353320394418222
-0.8588250018374844
-1.1451646244357554
-1.0401796299356678
-1.05097853627431
-0.7098625634722507
-0.9962021860705215
-0.891217191570434
-0.9020160979090762
0.15441741642420434
-0.13192220617406655
-0.02693721167397897
-0.037736118012621174
-0.57622574306023
-0.862565365658501
-0.7575803711584135
-0.7683792774970556
-0.5918722398927179
-0.8782118624909887
-0.7732268679909012
-0.7840257743295432
-0.8930258506141477
-1.1793654732124186
-1.074380478712331
-1.0851793850509732
-0.028745870717692763
-0.3150854933159637
-0.21010049881587614
-0.22089940515451828
-0.7593890302021272
-1.0457286528003982
-0.9407436583003105
-0.9515425646389527
-0.7750355270346151
-1.0613751496328858
-0.9563901551327983
-0.9671890614714406
-0.8194976068576566
-1.1058372294559278
-1.0008522349558402
-1.0116511412944822
0.044782373038798284
-0.24155724955947258
-0.13657225505938503
-0.14737116139802722
-0.6858607864456361
-0.972200409043907
-0.8672154145438196
-0.8780143208824618
-0.7015072832781238
-0.9878469058763948
-0.8828619113763073
-0.8936608177149493
-1.0963543161754148
-1.3826939387736858
-1.277708944273598
-1.2885078506122405
-0.23207433627895982
-0.5184139588772307
-0.41342896437714316
-0.4242278707157853
-0.9627174957633943
-1.2490571183616654
-1.1440721238615776
-1.1548710302002199
-0.978363992595882
-1.2647036151941533
-1.1597186206940653
-1.1705175270327077
-0.8294015542306482
-1.1157411768289192
-1.0107561823288316
-1.0215550886674738
0.03487842566580677
-0.2514611969324641
-0.14647620243237655
-0.15727510877101875
-0.6957647338186277
-0.9821043564168986
-0.8771193619168112
-0.8879182682554532
-0.7114112306511154
-0.9977508532493863
-0.8927658587492988
-0.903564765087941
-1.0125648413725452
-1.2989044639708165
-1.1939194694707287
-1.204718375809371
-0.14828486147609035
-0.43462448407436133
-0.32963948957427364
-0.3404383959129158
-0.8789280209605248
-1.1652676435587959
-1.0602826490587083
-1.07108155539735
-0.8945745177930126
-1.1809141403912835
-1.0759291458911957
-1.086728052229838
-0.9390365976160543
-1.2253762202143252
-1.1203912257142374
-1.1311901320528797
-0.07475661771959927
-0.36109624031787013
-0.2561112458177826
-0.2669101521564248
-0.8053997772040338
-1.0917393998023046
-0.9867544053022171
-0.9975533116408593
-0.8210462740365215
-1.1073858966347923
-1.002400902134705
-1.013199808473347
-1.210309885019792
-1.4966495076180628
-1.3916645131179755
-1.4024634194566172
-0.3460299051233368
-0.6323695277216077
-0.5273845332215202
-0.5381834395601623
-1.0766730646077711
-1.3630126872060422
-1.2580276927059548
-1.2688265990445968
-1.092319561440259
-1.37865918403853
-1.2736741895384427
-1.2844730958770847
-0.9433571230750253
-1.2296967456732966
-1.1247117511732085
-1.135510657511851
-0.0790771431785702
-0.365416765776841
-0.2604317712767536
-0.2712306776153957
-0.8097203026630047
-1.0960599252612755
-0.9910749307611881
-1.0018738370998304
-0.8253667994954924
-1.1117064220937634
-1.0067214275936758
-1.017520333932318
-1.1265204102169226
-1.4128600328151935
-1.3078750383151059
-1.318673944653748
-0.2622404303204673
-0.5485800529187383
-0.44359505841865066
-0.4543939647572929
-0.9928835898049019
-1.279223212403173
-1.1742382179030852
-1.1850371242417275
-1.0085300866373896
-1.294869709235661
-1.1898847147355731
-1.2006836210742153
-1.0529921664604314
-1.339331789058702
-1.2343467945586146
-1.2451457008972568
-0.1887121865639763
-0.47505180916224726
-0.37006681466215957
-0.3808657210008018
-0.9193553460484107
-1.2056949686466816
-1.100709974146594
-1.1115088804852362
-0.9350018428808985
-1.2213414654791694
-1.1163564709790819
-1.127155377317724
-1.3224699664006678
-1.6088095889989387
-1.5038245944988509
-1.5146235008374933
-0.45818998650421255
-0.7445296091024834
-0.639544614602396
-0.650343520941038
-1.1888331459886472
-1.4751727685869178
-1.3701877740868302
-1.3809866804254727
-1.204479642821135
-1.4908192654194055
-1.385834270919318
-1.39663317725796
-1.055517204455901
-1.341856827054172
-1.2368718325540844
-1.2476707388927266
-0.19123722455944597
-0.4775768471577168
-0.37259185265762934
-0.38339075899627145
-0.9218803840438805
-1.2082200066421516
-1.103235012142064
-1.1140339184807062
-0.9375268808763682
-1.2238665034746392
-1.1188815089745516
-1.1296804153131936
-1.2386804915977982
-1.5250201141960693
-1.4200351196959815
-1.4308340260346237
-0.37440051170134314
-0.660740134299614
-0.5557551397995264
-0.5665540461381686
-1.1050436711857776
-1.3913832937840487
-1.2863982992839609
-1.297197205622603
-1.1206901680182655
-1.4070297906165363
-1.3020447961164485
-1.3128437024550907
-1.165152247841307
-1.451491870439578
-1.3465068759394903
-1.3573057822781325
-0.300872267944852
-0.587211890543123
-0.48222689604303537
-0.4930258023816776
-1.0315154274292866
-1.3178550500275572
-1.2128700555274698
-1.2236689618661118
-1.0471619242617742
-1.333501546860045
-1.2285165523599573
-1.2393154586985995
-0.9768153254170173
-1.2631549480152882
-1.1581699535152008
-1.1689688598538426
-0.11253534552056227
-0.3988749681188332
-0.2938899736187456
-0.30468887995738775
-0.8431785050049967
-1.1295181276032678
-1.0245331331031802
-1.0353320394418222
-0.8588250018374844
-1.1451646244357554
-1.0401796299356678
-1.05097853627431
-0.7098625634722507
-0.9962021860705215
-0.891217191570434
-0.9020160979090762
0.15441741642420434
-0.13192220617406655
-0.02693721167397897
-0.037736118012621174
-0.57622574306023
-0.862565365658501
-0.7575803711584135
-0.7683792774970556
-0.5918722398927179
-0.8782118624909887
-0.7732268679909012
-0.7840257743295432
-0.8930258506141477
-1.1793654732124186
-1.074380478712331
-1.0851793850509732
-0.028745870717692763
-0.3150854933159637
-0.21010049881587614
-0.22089940515451828
-0.7593890302021272
-1.0457286528003982
-0.9407436583003105
-0.9515425646389527
-0.7750355270346151
-1.0613751496328858
-0.9563901551327983
-0.9671890614714406
-0.8194976068576566
-1.1058372294559278
-1.0008522349558402
-1.0116511412944822
0.044782373038798284
-0.24155724955947258
-0.13657225505938503
-0.14737116139802722
-0.6858607864456361
-0.972200409043907
-0.8672154145438196
-0.8780143208824618
-0.7015072832781238
-0.9878469058763948
-0.8828619113763073
-0.8936608177149493
-1.0847929808104284
-1.3711326034086997
-1.2661476089086117
-1.276946515247254
-0.2205130009139734
-0.5068526235122442
-0.40186762901215667
-0.4126665353507989
-0.951156160398408
-1.237495782996679
-1.1325107884965913
-1.1433096948352337
-0.9668026572308956
-1.2531422798291665
-1.1481572853290791
-1.158956191667721
-0.8178402188656619
-1.1041798414639326
-0.9991948469638453
-1.0099937533024874
0.046439761030793184
-0.2398998615674777
-0.13491486706739014
-0.1457137734060323
-0.6842033984536414
-0.9705430210519121
-0.8655580265518247
-0.8763569328904669
-0.699849895286129
-0.9861895178843999
-0.8812045233843124
-0.8920034297229547
-1.001003506007559
-1.2873431286058301
-1.1823581341057425
-1.1931570404443845
-0.13672352611110394
-0.42306314870937484
-0.3180781542092872
-0.32887706054792937
-0.8673666855955384
-1.1537063081938093
-1.0487213136937217
-1.059520220032364
-0.8830131824280262
-1.1693528050262971
-1.0643678105262095
-1.0751667168648518
-0.9274752622510679
-1.2138148848493389
-1.1088298903492513
-1.1196287966878935
-0.06319528235461284
-0.3495349049528837
-0.2445499104527962
-0.2553488167914384
-0.7938384418390474
-1.0801780644373182
-0.9751930699372308
-0.985991976275873
-0.809484938671535
-1.0958245612698059
-0.9908395667697184
-1.0016384731083605
-1.1987485496548056
-1.4850881722530764
-1.380103177752989
-1.390902084091631
-0.3344685697583504
-0.6208081923566214
-0.5158231978565337
-0.526622104195176
-1.065111729242785
-1.351451351841056
-1.2464663573409684
-1.2572652636796104
-1.0807582260752726
-1.367097848673544
-1.2621128541734559
-1.2729117605120983
-0.9317957877100388
-1.21813541030831
-1.1131504158082222
-1.1239493221468644
-0.06751580781358378
-0.35385543041185463
-0.24887043591176716
-0.25966934225040933
-0.7981589672980184
-1.0844985898962891
-0.9795135953962018
-0.9903125017348439
-0.813805464130506
-1.1001450867287768
-0.9951600922286894
-1.0059589985673316
-1.114959074851936
-1.4012986974502073
-1.2963137029501195
-1.3071126092887617
-0.2506790949554809
-0.5370187175537519
-0.4320337230536643
-0.4428326293923064
-0.9813222544399155
-1.2676618770381864
-1.162676882538099
-1.173475788876741
-0.9969687512724031
-1.2833083738706743
-1.1783233793705865
-1.1891222857092287
-1.041430831095445
-1.3277704536937158
-1.222785459193628
-1.2335843655322702
-0.1771508511989899
-0.46349047379726077
-0.3585054792971732
-0.3693043856358153
-0.9077940106834244
-1.1941336332816952
-1.0891486387816078
-1.09994754512025
-0.9234405075159121
-1.209780130114183
-1.1047951356140955
-1.1155940419527375
-1.310908631035681
-1.597248253633952
-1.4922632591338645
-1.5030621654725065
-0.4466286511392262
-0.732968273737497
-0.6279832792374094
-0.6387821855760516
-1.1772718106236606
-1.4636114332219314
-1.358626438721844
-1.3694253450604859
-1.1929183074561485
-1.4792579300544193
-1.3742729355543317
-1.3850718418929737
-1.0439558690909145
-1.3302954916891856
-1.2253104971890982
-1.2361094035277402
-0.1796758891944595
-0.4660155117927304
-0.36103051729264285
-0.37182942363128496
-0.910319048678894
-1.1966586712771652
-1.0916736767770774
-1.1024725831157196
-0.9259655455113818
-1.2123051681096528
-1.1073201736095653
-1.1181190799482075
-1.2271191562328119
-1.5134587788310827
-1.408473784330995
-1.4192726906696373
-0.36283917633635665
-0.6491787989346276
-0.54419380443454
-0.5549927107731822
-1.0934823358207912
-1.379821958419062
-1.2748369639189745
-1.2856358702576167
-1.1091288326532789
-1.39546845525155
-1.2904834607514624
-1.3012823670901044
-1.1535909124763206
-1.4399305350745915
-1.334945540574504
-1.3457444469131459
-0.28931093257986557
-0.5756505551781365
-0.47066556067804893
-0.4814644670166911
-1.0199540920643002
-1.3062937146625708
-1.2013087201624832
-1.2121076265011255
-1.035600588896788
-1.3219402114950587
-1.2169552169949711
-1.2277541233336133
-0.9652539900520308
-1.251593612650302
-1.1466086181502142
-1.1574075244888564
-0.10097401015557585
-0.3873136327538467
-0.28232863825375915
-0.29312754459240137
-0.8316171696400104
-1.1179567922382814
-1.0129717977381936
-1.0237707040768358
-0.8472636664724981
-1.133603289070769
-1.0286182945706814
-1.0394172009093237
-0.6983012281072642
-0.9846408507055351
-0.8796558562054476
-0.8904547625440898
0.1659787517891908
-0.12036087080908012
-0.015375876308992568
-0.02617478264763471
-0.5646644076952436
-0.8510040302935146
-0.7460190357934271
-0.7568179421320693
-0.5803109045277315
-0.8666505271260024
-0.761665532625915
-0.772464438964557
-0.8814645152491615
-1.1678041378474324
-1.0628191433473448
-1.0736180496859868
-0.017184535352706348
-0.30352415795097726
-0.19853916345088968
-0.20933806978953187
-0.747827694837141
-1.0341673174354118
-0.9291823229353241
-0.9399812292739663
-0.7634741916696285
-1.0498138142678994
-0.9448288197678119
-0.9556277261064541
-0.8079362714926702
-1.0942758940909412
-0.9892908995908538
-1.0000898059294958
0.05634370840378471
-0.22999591419448617
-0.12501091969439862
-0.1358098260330408
-0.6742994510806497
-0.9606390736789207
-0.8556540791788332
-0.8664529855174753
-0.6899459479131376
-0.9762855705114084
-0.8713005760113208
-0.882099482349963
