-1.2212281088497428
-1.3045415182004327
-1.2355461445737848
-1.2290502948060145
-0.8692644557014532
-0.9525778650521431
-0.8835824914254954
-0.8770866416577249
-0.799914704072587
-0.883228113423277
-0.8142327397966291
-0.8077368900288587
-1.0707078643016605
-1.1540212736523505
-1.0850259000257028
-1.0785300502579325
-1.0111795072201935
-1.0944929165708837
-1.0254975429442355
-1.0190016931764652
-0.6592158540719036
-0.742529263422594
-0.6735338897959459
-0.6670380400281756
-0.5898661024430377
-0.6731795117937277
-0.6041841381670797
-0.5976882883993094
-0.860659262672111
-0.9439726720228013
-0.8749772983961532
-0.8684814486283827
-1.0811200763379412
-1.1644334856886314
-1.0954381120619834
-1.088942262294213
-0.7291564231896516
-0.8124698325403417
-0.7434744589136938
-0.7369786091459233
-0.6598066715607854
-0.7431200809114754
-0.6741247072848277
-0.6676288575170571
-0.9305998317898589
-1.013913241140549
-0.9449178675139009
-0.9384220177461307
-1.0782039581672447
-1.1615173675179349
-1.092521993891287
-1.0860261441235166
-0.7262403050189548
-0.809553714369645
-0.740558340742997
-0.7340624909752265
-0.6568905533900886
-0.7402039627407788
-0.6712085891141308
-0.6647127393463603
-0.9276837136191621
-1.0109971229698522
-0.9420017493432041
-0.9355058995754338
-1.3054878554224563
-1.3888012647731465
-1.3198058911464985
-1.313310041378728
-0.9535242022741661
-1.0368376116248563
-0.9678422379982083
-0.961346388230438
-0.8841744506453002
-0.9674878599959902
-0.8984924863693424
-0.8919966366015719
-1.1549676108743738
-1.2382810202250638
-1.169285646598416
-1.1627897968306455
-1.0954392537929067
-1.178752663143597
-1.109757289516949
-1.1032614397491785
-0.7434756006446169
-0.8267890099953071
-0.7577936363686592
-0.7512977866008889
-0.674125849015751
-0.757439258366441
-0.6884438847397929
-0.6819480349720227
-0.9449190092448245
-1.0282324185955145
-0.9592370449688667
-0.9527411952010962
-1.1653798229106547
-1.2486932322613449
-1.179697858634697
-1.1732020088669264
-0.8134161697623649
-0.8967295791130548
-0.8277342054864069
-0.8212383557186366
-0.7440664181334986
-0.8273798274841887
-0.7583844538575408
-0.7518886040897703
-1.0148595783625722
-1.0981729877132622
-1.0291776140866145
-1.022681764318844
-1.162463704739958
-1.2457771140906482
-1.176781740464
-1.1702858906962297
-0.810500051591668
-0.893813460942358
-0.8248180873157099
-0.8183222375479398
-0.7411502999628018
-0.8244637093134919
-0.755468335686844
-0.7489724859190735
-1.0119434601918753
-1.0952568695425655
-1.0262614959159175
-1.019765646148147
-1.5648763242823978
-1.648189733633088
-1.57919436000644
-1.5726985102386697
-1.212912671134108
-1.2962260804847983
-1.22723070685815
-1.2207348570903798
-1.143562919505242
-1.2268763288559321
-1.157880955229284
-1.1513851054615136
-1.4143560797343153
-1.4976694890850055
-1.4286741154583575
-1.4221782656905873
-1.3548277226528485
-1.4381411320035387
-1.3691457583768905
-1.3626499086091202
-1.0028640695045588
-1.086177478855249
-1.017182105228601
-1.0106862554608307
-0.9335143178756927
-1.0168277272263828
-0.9478323535997347
-0.9413365038319644
-1.204307478104766
-1.2876208874554562
-1.2186255138288082
-1.212129664061038
-1.4247682917705962
-1.5080817011212864
-1.4390863274946384
-1.432590477726868
-1.0728046386223065
-1.1561180479729967
-1.0871226743463485
-1.0806268245785784
-1.0034548869934403
-1.0867682963441305
-1.0177729227174823
-1.011277072949712
-1.2742480472225137
-1.357561456573204
-1.288566082946556
-1.2820702331787857
-1.4218521735998997
-1.5051655829505899
-1.436170209323942
-1.4296743595561716
-1.0698885204516098
-1.1532019298023
-1.084206556175652
-1.0777107064078817
-1.0005387688227436
-1.0838521781734338
-1.0148568045467856
-1.0083609547790153
-1.2713319290518172
-1.3546453384025074
-1.2856499647758592
-1.279154115008089
-1.2212407923723172
-1.3045542017230076
-1.2355588280963596
-1.2290629783285894
-0.8692771392240273
-0.9525905485747176
-0.8835951749480695
-0.8770993251802992
-0.7999273875951614
-0.8832407969458513
-0.8142454233192034
-0.8077495735514331
-1.070720547824235
-1.1540339571749252
-1.0850385835482772
-1.0785427337805067
-1.011192190742768
-1.0945056000934579
-1.0255102264668103
-1.0190143766990396
-0.6592285375944781
-0.7425419469451683
-0.6735465733185203
-0.66705072355075
-0.5898787859656119
-0.6731921953163021
-0.604196821689654
-0.5977009719218839
-0.8606719461946855
-0.9439853555453757
-0.8749899819187277
-0.8684941321509574
-1.0811327598605156
-1.164446169211206
-1.095450795584558
-1.0889549458167878
-0.7291691067122258
-0.812482516062916
-0.743487142436268
-0.7369912926684977
-0.6598193550833598
-0.7431327644340499
-0.6741373908074018
-0.6676415410396315
-0.9306125153124332
-1.0139259246631234
-0.9449305510364754
-0.9384347012687051
-1.078216641689819
-1.1615300510405093
-1.0925346774138611
-1.0860388276460906
-0.7262529885415292
-0.8095663978922192
-0.7405710242655711
-0.7340751744978009
-0.656903236912663
-0.7402166462633533
-0.6712212726367052
-0.6647254228689347
-0.9276963971417365
-1.0110098064924264
-0.9420144328657787
-0.9355185830980082
-1.14942929756511
-1.2327427069158001
-1.1637473332891521
-1.1572514835213819
-0.7974656444168202
-0.8807790537675103
-0.8117836801408622
-0.8052878303730919
-0.728115892787954
-0.8114293021386442
-0.7424339285119961
-0.7359380787442258
-0.9989090530170276
-1.0822224623677177
-1.01322708874107
-1.0067312389732996
-0.9393806959355606
-1.0226941052862506
-0.9536987316596028
-0.9472028818918323
-0.5874170427872708
-0.6707304521379609
-0.6017350785113129
-0.5952392287435425
-0.5180672911584048
-0.6013807005090949
-0.5323853268824469
-0.5258894771146766
-0.7888604513874782
-0.8721738607381684
-0.8031784871115204
-0.7966826373437501
-1.0093212650533085
-1.0926346744039985
-1.0236393007773505
-1.0171434510095805
-0.6573576119050186
-0.7406710212557087
-0.6716756476290607
-0.6651797978612904
-0.5880078602761525
-0.6713212696268426
-0.6023258960001945
-0.5958300462324242
-0.858801020505226
-0.9421144298559161
-0.8731190562292681
-0.8666232064614978
-1.0064051468826118
-1.089718556233302
-1.0207231826066538
-1.0142273328388836
-0.6544414937343218
-0.7377549030850119
-0.6687595294583639
-0.6622636796905935
-0.5850917421054556
-0.6684051514561459
-0.5994097778294977
-0.5929139280617274
-0.8558849023345292
-0.9391983116852193
-0.8702029380585713
-0.863707088290801
-1.2336890441378232
-1.3170024534885132
-1.2480070798618654
-1.241511230094095
-0.8817253909895334
-0.9650388003402235
-0.8960434267135754
-0.8895475769458051
-0.8123756393606673
-0.8956890487113573
-0.8266936750847093
-0.820197825316939
-1.0831687995897408
-1.1664822089404312
-1.097486835313783
-1.0909909855460127
-1.023640442508274
-1.1069538518589639
-1.0379584782323161
-1.0314626284645456
-0.671676789359984
-0.7549901987106742
-0.6859948250840261
-0.6794989753162558
-0.602327037731118
-0.6856404470818082
-0.61664507345516
-0.6101492236873897
-0.8731201979601915
-0.9564336073108817
-0.8874382336842335
-0.8809423839164632
-1.0935810116260216
-1.1768944209767118
-1.1078990473500638
-1.1014031975822935
-0.7416173584777318
-0.8249307678284219
-0.7559353942017738
-0.7494395444340035
-0.6722676068488657
-0.7555810161995558
-0.6865856425729078
-0.6800897928051374
-0.9430607670779393
-1.0263741764286296
-0.9573788028019813
-0.950882953034211
-1.090664893455325
-1.1739783028060151
-1.1049829291793671
-1.0984870794115968
-0.7387012403070349
-0.8220146496577252
-0.7530192760310771
-0.7465234262633067
-0.6693514886781688
-0.752664898028859
-0.683669524402211
-0.6771736746344407
-0.9401446489072425
-1.0234580582579327
-0.9544626846312845
-0.9479668348635142
-1.493077512997765
-1.576390922348455
-1.507395548721807
-1.5008996989540366
-1.1411138598494752
-1.2244272692001652
-1.1554318955735172
-1.148936045805747
-1.0717641082206089
-1.1550775175712993
-1.086082143944651
-1.0795862941768808
-1.3425572684496827
-1.4258706778003727
-1.356875304173725
-1.3503794544059544
-1.2830289113682156
-1.3663423207189056
-1.2973469470922576
-1.2908510973244873
-0.9310652582199257
-1.0143786675706161
-0.945383293943968
-0.9388874441761974
-0.8617155065910597
-0.9450289159417499
-0.8760335423151018
-0.8695376925473315
-1.1325086668201334
-1.2158220761708234
-1.1468267025441756
-1.1403308527764051
-1.3529694804859633
-1.4362828898366533
-1.3672875162100053
-1.360791666442235
-1.0010058273376736
-1.0843192366883638
-1.0153238630617156
-1.0088280132939453
-0.9316560757088074
-1.0149694850594977
-0.9459741114328495
-0.9394782616650792
-1.2024492359378811
-1.285762645288571
-1.2167672716619233
-1.2102714218941528
-1.3500533623152666
-1.433366771665957
-1.3643713980393088
-1.3578755482715383
-0.9980897091669769
-1.081403118517667
-1.0124077448910191
-1.0059118951232486
-0.9287399575381106
-1.012053366888801
-0.9430579932621529
-0.9365621434943824
-1.1995331177671844
-1.2828465271178744
-1.2138511534912264
-1.2073553037234561
-1.1494419810876844
-1.2327553904383743
-1.1637600168117264
-1.157264167043956
-0.7974783279393944
-0.8807917372900846
-0.8117963636634367
-0.8053005138956663
-0.7281285763105283
-0.8114419856612185
-0.7424466120345705
-0.7359507622668001
-0.998921736539602
-1.0822351458902923
-1.0132397722636441
-1.0067439224958739
-0.939393379458135
-1.022706788808825
-0.9537114151821771
-0.9472155654144068
-0.5874297263098452
-0.6707431356605352
-0.6017477620338871
-0.595251912266117
-0.518079974680979
-0.6013933840316693
-0.5323980104050212
-0.5259021606372508
-0.7888731349100526
-0.8721865442607428
-0.8031911706340947
-0.7966953208663244
-1.0093339485758828
-1.0926473579265727
-1.0236519842999248
-1.0171561345321547
-0.6573702954275928
-0.7406837047782832
-0.6716883311516351
-0.6651924813838647
-0.5880205437987267
-0.6713339531494169
-0.6023385795227689
-0.5958427297549985
-0.8588137040278003
-0.9421271133784905
-0.8731317397518424
-0.8666358899840721
-1.0064178304051858
-1.0897312397558763
-1.020735866129228
-1.0142400163614578
-0.6544541772568961
-0.7377675866075862
-0.6687722129809381
-0.6622763632131679
-0.58510442562803
-0.6684178349787201
-0.5994224613520721
-0.5929266115843018
-0.8558975858571035
-0.9392109952077937
-0.8702156215811457
-0.8637197718133753
-1.14942929756511
-1.2327427069158001
-1.1637473332891521
-1.1572514835213819
-0.7974656444168202
-0.8807790537675103
-0.8117836801408622
-0.8052878303730919
-0.728115892787954
-0.8114293021386442
-0.7424339285119961
-0.7359380787442258
-0.9989090530170276
-1.0822224623677177
-1.01322708874107
-1.0067312389732996
-0.9393806959355606
-1.0226941052862506
-0.9536987316596028
-0.9472028818918323
-0.5874170427872708
-0.6707304521379609
-0.6017350785113129
-0.5952392287435425
-0.5180672911584048
-0.6013807005090949
-0.5323853268824469
-0.5258894771146766
-0.7888604513874782
-0.8721738607381684
-0.8031784871115204
-0.7966826373437501
-1.0093212650533085
-1.0926346744039985
-1.0236393007773505
-1.0171434510095805
-0.6573576119050186
-0.7406710212557087
-0.6716756476290607
-0.6651797978612904
-0.5880078602761525
-0.6713212696268426
-0.6023258960001945
-0.5958300462324242
-0.858801020505226
-0.9421144298559161
-0.8731190562292681
-0.8666232064614978
-1.0064051468826118
-1.089718556233302
-1.0207231826066538
-1.0142273328388836
-0.6544414937343218
-0.7377549030850119
-0.6687595294583639
-0.6622636796905935
-0.5850917421054556
-0.6684051514561459
-0.5994097778294977
-0.5929139280617274
-0.8558849023345292
-0.9391983116852193
-0.8702029380585713
-0.863707088290801
-1.2336890441378232
-1.3170024534885132
-1.2480070798618654
-1.241511230094095
-0.8817253909895334
-0.9650388003402235
-0.8960434267135754
-0.8895475769458051
-0.8123756393606673
-0.8956890487113573
-0.8266936750847093
-0.820197825316939
-1.0831687995897408
-1.1664822089404312
-1.097486835313783
-1.0909909855460127
-1.023640442508274
-1.1069538518589639
-1.0379584782323161
-1.0314626284645456
-0.671676789359984
-0.7549901987106742
-0.6859948250840261
-0.6794989753162558
-0.602327037731118
-0.6856404470818082
-0.61664507345516
-0.6101492236873897
-0.8731201979601915
-0.9564336073108817
-0.8874382336842335
-0.8809423839164632
-1.0935810116260216
-1.1768944209767118
-1.1078990473500638
-1.1014031975822935
-0.7416173584777318
-0.8249307678284219
-0.7559353942017738
-0.7494395444340035
-0.6722676068488657
-0.7555810161995558
-0.6865856425729078
-0.6800897928051374
-0.9430607670779393
-1.0263741764286296
-0.9573788028019813
-0.950882953034211
-1.090664893455325
-1.1739783028060151
-1.1049829291793671
-1.0984870794115968
-0.7387012403070349
-0.8220146496577252
-0.7530192760310771
-0.7465234262633067
-0.6693514886781688
-0.752664898028859
-0.683669524402211
-0.6771736746344407
-0.9401446489072425
-1.0234580582579327
-0.9544626846312845
-0.9479668348635142
-1.493077512997765
-1.576390922348455
-1.507395548721807
-1.5008996989540366
-1.1411138598494752
-1.2244272692001652
-1.1554318955735172
-1.148936045805747
-1.0717641082206089
-1.1550775175712993
-1.086082143944651
-1.0795862941768808
-1.3425572684496827
-1.4258706778003727
-1.356875304173725
-1.3503794544059544
-1.2830289113682156
-1.3663423207189056
-1.2973469470922576
-1.2908510973244873
-0.9310652582199257
-1.0143786675706161
-0.945383293943968
-0.9388874441761974
-0.8617155065910597
-0.9450289159417499
-0.8760335423151018
-0.8695376925473315
-1.1325086668201334
-1.2158220761708234
-1.1468267025441756
-1.1403308527764051
-1.3529694804859633
-1.4362828898366533
-1.3672875162100053
-1.360791666442235
-1.0010058273376736
-1.0843192366883638
-1.0153238630617156
-1.0088280132939453
-0.9316560757088074
-1.0149694850594977
-0.9459741114328495
-0.9394782616650792
-1.2024492359378811
-1.285762645288571
-1.2167672716619233
-1.2102714218941528
-1.3500533623152666
-1.433366771665957
-1.3643713980393088
-1.3578755482715383
-0.9980897091669769
-1.081403118517667
-1.0124077448910191
-1.0059118951232486
-0.9287399575381106
-1.012053366888801
-0.9430579932621529
-0.9365621434943824
-1.1995331177671844
-1.2828465271178744
-1.2138511534912264
-1.2073553037234561
-1.1494419810876844
-1.2327553904383743
-1.1637600168117264
-1.157264167043956
-0.7974783279393944
-0.8807917372900846
-0.8117963636634367
-0.8053005138956663
-0.7281285763105283
-0.8114419856612185
-0.7424466120345705
-0.7359507622668001
-0.998921736539602
-1.0822351458902923
-1.0132397722636441
-1.0067439224958739
-0.939393379458135
-1.022706788808825
-0.9537114151821771
-0.9472155654144068
-0.5874297263098452
-0.6707431356605352
-0.6017477620338871
-0.595251912266117
-0.518079974680979
-0.6013933840316693
-0.5323980104050212
-0.5259021606372508
-0.7888731349100526
-0.8721865442607428
-0.8031911706340947
-0.7966953208663244
-1.0093339485758828
-1.0926473579265727
-1.0236519842999248
-1.0171561345321547
-0.6573702954275928
-0.7406837047782832
-0.6716883311516351
-0.6651924813838647
-0.5880205437987267
-0.6713339531494169
-0.6023385795227689
-0.5958427297549985
-0.8588137040278003
-0.9421271133784905
-0.8731317397518424
-0.8666358899840721
-1.0064178304051858
-1.0897312397558763
-1.020735866129228
-1.0142400163614578
-0.6544541772568961
-0.7377675866075862
-0.6687722129809381
-0.6622763632131679
-0.58510442562803
-0.6684178349787201
-0.5994224613520721
-0.5929266115843018
-0.8558975858571035
-0.9392109952077937
-0.8702156215811457
-0.8637197718133753
-1.3928866636976522
-1.4762000730483424
-1.4072046994216945
-1.4007088496539242
-1.0409230105493628
-1.1242364199000527
-1.0552410462734048
-1.0487451965056345
-0.9715732589204966
-1.0548866682711866
-0.9858912946445388
-0.9793954448767683
-1.24236641914957
-1.3256798285002602
-1.2566844548736122
-1.250188605105842
-1.182838062068103
-1.266151471418793
-1.197156097792145
-1.1906602480243746
-0.8308744089198133
-0.9141878182705032
-0.8451924446438553
-0.838696594876085
-0.7615246572909472
-0.8448380666416374
-0.7758426930149893
-0.769346843247219
-1.0323178175200207
-1.1156312268707107
-1.046635853244063
-1.0401400034762924
-1.2527786311858506
-1.3360920405365408
-1.2670966669098929
-1.2606008171421226
-0.900814978037561
-0.9841283873882515
-0.9151330137616033
-0.9086371639938329
-0.8314652264086949
-0.9147786357593851
-0.845783262132737
-0.8392874123649667
-1.1022583866377684
-1.1855717959884586
-1.1165764223618106
-1.1100805725940404
-1.2498625130151542
-1.3331759223658444
-1.2641805487391962
-1.2576846989714259
-0.8978988598668644
-0.9812122692175544
-0.9122168955909062
-0.9057210458231361
-0.8285491082379981
-0.9118625175886884
-0.8428671439620403
-0.8363712941942699
-1.0993422684670717
-1.1826556778177617
-1.1136603041911137
-1.1071644544233434
-1.4771464102703658
-1.560459819621056
-1.491464445994408
-1.4849685962266375
-1.1251827571220758
-1.208496166472766
-1.139500792846118
-1.1330049430783478
-1.05583300549321
-1.1391464148439001
-1.0701510412172521
-1.0636551914494816
-1.3266261657222833
-1.4099395750729735
-1.3409442014463253
-1.334448351678555
-1.2670978086408164
-1.3504112179915067
-1.2814158443648587
-1.2749199945970882
-0.9151341554925265
-0.9984475648432168
-0.9294521912165686
-0.9229563414487983
-0.8457844038636605
-0.9290978132143506
-0.8601024395877025
-0.8536065898199322
-1.1165775640927342
-1.1998909734434242
-1.1308955998167762
-1.124399750049006
-1.3370383777585642
-1.4203517871092544
-1.3513564134826064
-1.3448605637148359
-0.9850747246102745
-1.0683881339609644
-0.9993927603343165
-0.9928969105665462
-0.9157249729814082
-0.9990383823320985
-0.9300430087054503
-0.9235471589376799
-1.186518133210482
-1.269831542561172
-1.200836168934524
-1.1943403191667537
-1.3341222595878675
-1.4174356689385574
-1.3484402953119095
-1.3419444455441392
-0.9821586064395776
-1.065472015790268
-0.9964766421636199
-0.9899807923958496
-0.9128088548107115
-0.9961222641614017
-0.9271268905347535
-0.9206310407669832
-1.1836020150397852
-1.2669154243904752
-1.1979200507638275
-1.191424200996057
-1.7365348791303075
-1.8198482884809977
-1.7508529148543497
-1.7443570650865792
-1.3845712259820175
-1.4678846353327077
-1.3988892617060598
-1.3923934119382895
-1.3152214743531516
-1.3985348837038416
-1.3295395100771936
-1.3230436603094233
-1.5860146345822252
-1.6693280439329152
-1.6003326703062672
-1.593836820538497
-1.5264862775007582
-1.6097996868514484
-1.5408043132248004
-1.5343084634570299
-1.1745226243524682
-1.2578360337031587
-1.1888406600765105
-1.1823448103087402
-1.1051728727236023
-1.1884862820742923
-1.1194909084476443
-1.112995058679874
-1.375966032952676
-1.459279442303366
-1.390284068676718
-1.3837882189089477
-1.5964268466185059
-1.679740255969196
-1.610744882342548
-1.6042490325747776
-1.244463193470216
-1.3277766028209061
-1.2587812291942582
-1.2522853794264879
-1.17511344184135
-1.25842685119204
-1.189431477565392
-1.1829356277976217
-1.4459066020704237
-1.5292200114211136
-1.4602246377944657
-1.4537287880266954
-1.5935107284478092
-1.6768241377984994
-1.6078287641718512
-1.6013329144040809
-1.2415470752995197
-1.3248604846502097
-1.2558651110235617
-1.2493692612557914
-1.1721973236706533
-1.2555107330213435
-1.1865153593946953
-1.1800195096269253
-1.442990483899727
-1.526303893250417
-1.4573085196237692
-1.4508126698559987
-1.3928993472202267
-1.476212756570917
-1.4072173829442691
-1.4007215331764988
-1.0409356940719372
-1.1242491034226274
-1.0552537297959792
-1.0487578800282087
-0.9715859424430711
-1.054899351793761
-0.9859039781671132
-0.979408128399343
-1.2423791026721445
-1.3256925120228347
-1.2566971383961865
-1.2502012886284162
-1.1828507455906774
-1.2661641549413678
-1.1971687813147198
-1.1906729315469495
-0.8308870924423877
-0.9142005017930781
-0.8452051281664298
-0.8387092783986594
-0.7615373408135215
-0.8448507501642117
-0.7758553765375636
-0.7693595267697932
-1.0323305010425954
-1.1156439103932854
-1.0466485367666374
-1.040152686998867
-1.252791314708425
-1.3361047240591155
-1.2671093504324675
-1.2606135006646972
-0.9008276615601354
-0.9841410709108257
-0.9151456972841775
-0.9086498475164071
-0.8314779099312694
-0.9147913192819594
-0.8457959456553115
-0.8393000958875412
-1.102271070160343
-1.185584479511033
-1.116589105884385
-1.1100932561166148
-1.2498751965377286
-1.3331886058884186
-1.2641932322617706
-1.2576973824940003
-0.8979115433894387
-0.981224952740129
-0.9122295791134808
-0.9057337293457104
-0.8285617917605725
-0.9118752011112626
-0.8428798274846147
-0.8363839777168443
-1.0993549519896462
-1.1826683613403366
-1.1136729877136886
-1.1071771379459183
