-0.9001120344608382
-0.9163850730398011
-0.824793289663333
-0.7340446633790558
-0.9836856496417474
-0.9999586882207102
-0.9083669048442421
-0.817618278559965
-0.8811244463819966
-0.8973974849609595
-0.8058057015844912
-0.7150570753002142
-1.0094520131550078
-1.0257250517339707
-0.9341332683575023
-0.8433846420732254
-1.0930621663133357
-1.1093352048922989
-1.0177434215158305
-0.9269947952315536
-1.176635781494245
-1.1929088200732076
-1.1013170366967393
-1.0105684104124626
-1.074074578234494
-1.090347616813457
-0.9987558334369889
-0.9080072071527118
-1.202402145007505
-1.2186751835864684
-1.12708340021
-1.036334773925723
-1.071026264359312
-1.087299302938275
-0.9957075195618067
-0.9049588932775298
-1.1545998795402213
-1.1708729181191841
-1.0792811347427158
-0.9885325084584388
-1.0520386762804703
-1.0683117148594334
-0.9767199314829651
-0.8859713051986879
-1.1803662430534814
-1.1966392816324445
-1.1050474982559764
-1.0142988719716992
-0.9886133627652841
-1.0048864013442471
-0.913294617967779
-0.8225459916835018
-1.0721869779461932
-1.0884600165251563
-0.9968682331486882
-0.9061196068644111
-0.9696257746864425
-0.9858988132654055
-0.8943070298889372
-0.8035584036046602
-1.0979533414594538
-1.1142263800384167
-1.0226345966619486
-0.9318859703776714
-0.6747457059031777
-0.6910187444821406
-0.5994269611056725
-0.5086783348213951
-0.758319321084087
-0.7745923596630497
-0.6830005762865816
-0.5922519500023046
-0.655758117824336
-0.672031156403299
-0.5804393730268309
-0.48969074674255353
-0.7840856845973473
-0.8003587231763102
-0.7087669397998421
-0.6180183135155649
-0.8676958377556753
-0.883968876334638
-0.7923770929581699
-0.7016284666738929
-0.9512694529365844
-0.9675424915155475
-0.8759507081390792
-0.785202081854802
-0.8487082496768337
-0.8649812882557965
-0.7733895048793283
-0.6826408785950513
-0.9770358164498448
-0.9933088550288076
-0.9017170716523395
-0.8109684453680625
-0.8456599358016516
-0.8619329743806146
-0.7703411910041462
-0.6795925647198691
-0.9292335509825607
-0.9455065895615237
-0.8539148061850554
-0.7631661799007783
-0.8266723477228101
-0.8429453863017727
-0.7513536029253046
-0.6606049766410275
-0.954999914495821
-0.9712729530747839
-0.8796811696983158
-0.7889325434140386
-0.7632470342076237
-0.7795200727865866
-0.6879282894101185
-0.5971796631258414
-0.846820649388533
-0.8630936879674957
-0.7715019045910277
-0.6807532783067506
-0.744259446128782
-0.760532484707745
-0.6689407013312769
-0.5781920750469998
-0.8725870129017933
-0.8888600514807562
-0.7972682681042879
-0.7065196418200109
-0.9317571852267041
-0.948030223805667
-0.8564384404291988
-0.7656898141449219
-1.0153308004076134
-1.0316038389865763
-0.9400120556101079
-0.849263429325831
-0.9127695971478624
-0.9290426357268254
-0.8374508523503572
-0.74670222606608
-1.0410971639208737
-1.0573702024998364
-0.9657784191233684
-0.8750297928390912
-1.124707317079202
-1.1409803556581648
-1.0493885722816965
-0.9586399459974193
-1.2082809322601105
-1.2245539708390738
-1.1329621874626055
-1.0422135611783285
-1.10571972900036
-1.1219927675793229
-1.0304009842028548
-0.9396523579185777
-1.234047295773371
-1.250320334352334
-1.1587285509758656
-1.0679799246915886
-1.1026714151251782
-1.1189444537041409
-1.0273526703276727
-0.9366040440433956
-1.1862450303060872
-1.2025180688850499
-1.1109262855085817
-1.0201776592243048
-1.0836838270463363
-1.0999568656252992
-1.0083650822488308
-0.917616455964554
-1.212011393819347
-1.2282844323983104
-1.1366926490218419
-1.0459440227375651
-1.0202585135311502
-1.036531552110113
-0.944939768733645
-0.8541911424493679
-1.1038321287120594
-1.1201051672910223
-1.028513383914554
-0.937764757630277
-1.0012709254523087
-1.0175439640312713
-0.9259521806548032
-0.8352035543705261
-1.1295984922253197
-1.1458715308042826
-1.0542797474278143
-0.9635311211435372
-0.589665284886188
-0.6059383234651509
-0.5143465400886826
-0.4235979138044056
-0.6732389000670974
-0.68951193864606
-0.5979201552695922
-0.5071715289853148
-0.5706776968073463
-0.5869507353863093
-0.49535895200984104
-0.4046103257255639
-0.6990052635803575
-0.7152783021593204
-0.6236865187828523
-0.5329378924985753
-0.7826154167386857
-0.7988884553176485
-0.7072966719411805
-0.6165480456569034
-0.8661890319195948
-0.8824620704985577
-0.7908702871220896
-0.7001216608378122
-0.7636278286598439
-0.7799008672388069
-0.6883090838623389
-0.5975604575780615
-0.8919553954328553
-0.9082284340118181
-0.8166366506353501
-0.7258880243510729
-0.760579514784662
-0.7768525533636248
-0.6852607699871567
-0.5945121437028795
-0.8441531299655711
-0.8604261685445339
-0.7688343851680659
-0.6780857588837887
-0.7415919267058201
-0.7578649652847832
-0.6662731819083151
-0.5755245556240377
-0.8699194934788316
-0.8861925320577944
-0.7946007486813262
-0.7038521223970491
-0.6781666131906341
-0.6944396517695971
-0.6028478683931288
-0.5120992421088518
-0.7617402283715432
-0.778013266950506
-0.6864214835740382
-0.595672857289761
-0.6591790251117925
-0.6754520636907555
-0.5838602803142872
-0.4931116540300102
-0.7875065918848035
-0.8037796304637664
-0.7121878470872983
-0.6214392208030212
-0.9271575559667097
-0.9434305945456726
-0.8518388111692042
-0.7610901848849274
-1.010731171147619
-1.0270042097265817
-0.9354124263501137
-0.8446638000658365
-0.9081699678878681
-0.924443006466831
-0.8328512230903626
-0.7421025968060858
-1.0364975346608791
-1.0527705732398422
-0.9611787898633738
-0.870430163579097
-1.1201076878192073
-1.1363807263981702
-1.0447889430217019
-0.9540403167374248
-1.2036813030001166
-1.2199543415790794
-1.128362558202611
-1.0376139319183342
-1.1011200997403656
-1.1173931383193285
-1.0258013549428604
-0.9350527286585832
-1.2294476665133767
-1.2457207050923398
-1.1541289217158714
-1.0633802954315945
-1.0980717858651836
-1.1143448244441463
-1.0227530410676782
-0.9320044147834011
-1.1816454010460928
-1.1979184396250557
-1.1063266562485874
-1.0155780299643105
-1.0790841977863417
-1.0953572363653048
-1.0037654529888367
-0.9130168267045595
-1.2074117645593532
-1.2236848031383158
-1.1320930197618477
-1.0413443934775706
-1.0156588842711556
-1.0319319228501187
-0.9403401394736502
-0.8495915131893734
-1.0992324994520648
-1.1155055380310277
-1.0239137546545598
-0.9331651283702825
-0.9966712961923141
-1.012944334771277
-0.9213525513948088
-0.8306039251105318
-1.1249988629653251
-1.1412719015442883
-1.04968011816782
-0.958931491883543
-0.7017912274090493
-0.7180642659880121
-0.626472482611544
-0.5357238563272665
-0.7853648425899584
-0.8016378811689212
-0.7100460977924532
-0.619297471508176
-0.6828036393302077
-0.6990766779091705
-0.6074848945327024
-0.516736268248425
-0.8111312061032188
-0.8274042446821817
-0.7358124613057135
-0.6450638350214365
-0.8947413592615467
-0.9110143978405095
-0.8194226144640415
-0.7286739881797644
-0.978314974442456
-0.994588013021419
-0.9029962296449506
-0.8122476033606735
-0.8757537711827051
-0.892026809761668
-0.8004350263851999
-0.7096864001009228
-1.0040813379557163
-1.0203543765346792
-0.9287625931582111
-0.8380139668739339
-0.872705457307523
-0.8889784958864858
-0.7973867125100178
-0.7066380862257406
-0.9562790724884322
-0.972552111067395
-0.8809603276909269
-0.7902117014066498
-0.8537178692286814
-0.8699909078076442
-0.7783991244311762
-0.687650498146899
-0.9820454360016926
-0.9983184745806554
-0.9067266912041874
-0.8159780649199102
-0.7902925557134952
-0.8065655942924581
-0.7149738109159901
-0.624225184631713
-0.8738661708944044
-0.8901392094733673
-0.7985474260968992
-0.7077987998126221
-0.7713049676346536
-0.7875780062136165
-0.6959862228371485
-0.6052375965528713
-0.8996325344076648
-0.9159055729866277
-0.8243137896101597
-0.7335651633258823
-0.9588027067325756
-0.9750757453115386
-0.8834839619350703
-0.7927353356507931
-1.0423763219134847
-1.0586493604924478
-0.9670575771159794
-0.8763089508317023
-0.9398151186537339
-0.956088157232697
-0.8644963738562287
-0.7737477475719515
-1.0681426854267453
-1.0844157240057082
-0.9928239406292398
-0.9020753143449627
-1.151752838585073
-1.1680258771640362
-1.076434093787568
-0.9856854675032909
-1.235326453765982
-1.2515994923449452
-1.1600077089684768
-1.0692590826842001
-1.1327652505062316
-1.1490382890851945
-1.0574465057087261
-0.9666978794244493
-1.2610928172792424
-1.2773658558582055
-1.1857740724817372
-1.0950254461974602
-1.1297169366310493
-1.1459899752100122
-1.0543981918335443
-0.9636495655492671
-1.2132905518119586
-1.2295635903909214
-1.137971807014453
-1.0472231807301762
-1.1107293485522078
-1.1270023871311707
-1.0354106037547024
-0.9446619774704256
-1.2390569153252189
-1.2553299539041818
-1.1637381705277137
-1.0729895442434367
-1.0473040350370217
-1.0635770736159846
-0.9719852902395163
-0.8812366639552394
-1.1308776502179307
-1.1471506887968939
-1.0555589054204255
-0.9648102791361486
-1.02831644695818
-1.044589485537143
-0.9529977021606747
-0.8622490758763978
-1.1566440137311913
-1.1729170523101542
-1.0813252689336859
-0.9905766426494087
-0.6167108063920596
-0.6329838449710223
-0.5413920615945541
-0.45064343531027706
-0.7002844215729687
-0.7165574601519314
-0.6249656767754634
-0.5342170504911863
-0.5977232183132178
-0.6139962568921807
-0.5224044735157125
-0.4316558472314354
-0.7260507850862291
-0.7423238236651919
-0.6507320402887238
-0.5599834140044465
-0.8096609382445572
-0.8259339768235201
-0.734342193447052
-0.6435935671627746
-0.8932345534254664
-0.9095075920044292
-0.8179158086279611
-0.727167182343684
-0.7906733501657156
-0.8069463887446785
-0.7153546053682104
-0.624605979083933
-0.9190009169387265
-0.9352739555176893
-0.8436821721412215
-0.7529335458569442
-0.7876250362905335
-0.8038980748694963
-0.7123062914930283
-0.6215576652087509
-0.8711986514714426
-0.8874716900504055
-0.7958799066739374
-0.7051312803896602
-0.7686374482116919
-0.7849104867906547
-0.6933187034141867
-0.6025700771299093
-0.8969650149847028
-0.9132380535636656
-0.8216462701871978
-0.7308976439029204
-0.7052121346965057
-0.7214851732754686
-0.6298933898990003
-0.5391447636147233
-0.7887857498774149
-0.8050587884563776
-0.7134670050799097
-0.6227183787956325
-0.6862245466176641
-0.702497585196627
-0.6109058018201587
-0.5201571755358817
-0.8145521133906751
-0.8308251519696379
-0.7392333685931699
-0.6484847423088927
-0.8594260413995461
-0.875699079978509
-0.7841072966020408
-0.6933586703177639
-0.9429996565804556
-0.9592726951594183
-0.8676809117829501
-0.776932285498673
-0.8404384533207045
-0.8567114918996676
-0.7651197085231992
-0.6743710822389223
-0.9687660200937157
-0.9850390586726786
-0.8934472752962104
-0.8026986490119334
-1.0523761732520438
-1.068649211831007
-0.9770574284545385
-0.8863088021702613
-1.135949788432953
-1.152222827011916
-1.0606310436354476
-0.9698824173511708
-1.033388585173202
-1.049661623752165
-0.9580698403756969
-0.8673212140914198
-1.1617161519462131
-1.1779891905251765
-1.0863974071487081
-0.9956487808644309
-1.03034027129802
-1.0466133098769828
-0.9550215265005148
-0.8642729002162376
-1.1139138864789293
-1.1301869250578922
-1.0385951416814239
-0.947846515397147
-1.0113526832191784
-1.0276257217981413
-0.9360339384216732
-0.845285312137396
-1.1396802499921896
-1.1559532885711523
-1.0643615051946844
-0.9736128789104072
-0.9479273697039922
-0.9642004082829552
-0.8726086249064868
-0.7818599986222099
-1.0315009848849015
-1.0477740234638644
-0.9561822400873962
-0.8654336138031191
-0.9289397816251506
-0.9452128202041136
-0.8536210368276452
-0.7628724105433683
-1.0572673483981618
-1.0735403869771247
-0.9819486036006564
-0.8911999773163795
-0.6340597128418858
-0.6503327514208486
-0.5587409680443806
-0.467992341760103
-0.717633328022795
-0.7339063666017578
-0.6423145832252897
-0.5515659569410125
-0.6150721247630442
-0.631345163342007
-0.539753379965539
-0.4490047536812616
-0.7433996915360552
-0.7596727301150181
-0.6680809467385501
-0.577332320454273
-0.8270098446943833
-0.8432828832733461
-0.751691099896878
-0.6609424736126008
-0.9105834598752924
-0.9268564984542554
-0.8352647150777872
-0.7445160887935101
-0.8080222566155417
-0.8242952951945045
-0.7327035118180364
-0.6419548855337592
-0.9363498233885529
-0.9526228619675157
-0.8610310785910475
-0.7702824523067704
-0.8049739427403595
-0.8212469813193224
-0.7296551979428543
-0.6389065716585771
-0.8885475579212688
-0.9048205965002315
-0.8132288131237634
-0.7224801868394863
-0.7859863546615179
-0.8022593932404808
-0.7106676098640127
-0.6199189835797355
-0.914313921434529
-0.930586960013492
-0.8389951766370238
-0.7482465503527467
-0.7225610411463317
-0.7388340797252947
-0.6472422963488266
-0.5564936700645494
-0.806134656327241
-0.8224076949062038
-0.7308159115297357
-0.6400672852454586
-0.7035734530674901
-0.7198464916464531
-0.628254708269985
-0.5375060819857078
-0.8319010198405012
-0.8481740584194642
-0.7565822750429961
-0.6658336487587188
-0.8910711921654122
-0.9073442307443751
-0.8157524473679068
-0.7250038210836297
-0.9746448073463213
-0.9909178459252843
-0.899326062548816
-0.8085774362645388
-0.8720836040865705
-0.8883566426655335
-0.7967648592890652
-0.7060162330047881
-1.0004111708595818
-1.0166842094385447
-0.9250924260620763
-0.8343437997777993
-1.0840213240179097
-1.1002943625968726
-1.0087025792204045
-0.9179539529361274
-1.1675949391988185
-1.1838679777777819
-1.0922761944013135
-1.0015275681170366
-1.065033735939068
-1.081306774518031
-0.9897149911415627
-0.8989663648572858
-1.193361302712079
-1.209634341291042
-1.1180425579145736
-1.0272939316302967
-1.0619854220638858
-1.078258460642849
-0.9866666772663808
-0.8959180509821036
-1.145559037244795
-1.161832075823758
-1.0702402924472898
-0.9794916661630128
-1.0429978339850443
-1.0592708725640072
-0.967679089187539
-0.876930462903262
-1.1713254007580554
-1.1875984393370185
-1.0960066559605501
-1.0052580296762732
-0.9795725204698582
-0.9958455590488211
-0.9042537756723529
-0.8135051493880759
-1.0631461356507674
-1.0794191742297303
-0.987827390853262
-0.897078764568985
-0.9605849323910165
-0.9768579709699795
-0.8852661875935113
-0.7945175613092343
-1.0889124991640278
-1.1051855377429907
-1.0135937543665223
-0.9228451280822453
-0.548979291824896
-0.5652523304038588
-0.47366054702739063
-0.38291192074311353
-0.6325529070058052
-0.648825945584768
-0.5572341622082999
-0.4664855359240228
-0.5299917037460543
-0.5462647423250172
-0.4546729589485491
-0.36392433266427193
-0.6583192705190656
-0.6745923090980284
-0.5830005257215604
-0.4922518994372831
-0.7419294236773938
-0.7582024622563566
-0.6666106788798885
-0.5758620525956111
-0.8255030388583029
-0.8417760774372657
-0.7501842940607977
-0.6594356677765205
-0.7229418355985522
-0.739214874177515
-0.6476230908010469
-0.5568744645167695
-0.8512694023715631
-0.8675424409505259
-0.775950657574058
-0.6852020312897806
-0.71989352172337
-0.7361665603023329
-0.6445747769258647
-0.5538261506415874
-0.8034671369042792
-0.819740175483242
-0.728148392106774
-0.6373997658224968
-0.7009059336445284
-0.7171789722234913
-0.6255871888470231
-0.5348385625627458
-0.8292335004175393
-0.8455065389965022
-0.7539147556200343
-0.6631661293357569
-0.6374806201293421
-0.6537536587083052
-0.5621618753318368
-0.47141324904755977
-0.7210542353102515
-0.737327273889214
-0.6457354905127463
-0.5549868642284691
-0.6184930320505005
-0.6347660706294636
-0.5431742872529952
-0.45242566096871817
-0.7468205988235116
-0.7630936374024745
-0.6715018540260064
-0.5807532277417292
-0.9694227625923276
-0.9856958011712905
-0.8941040177948224
-0.8033553915105452
-1.0529963777732367
-1.0692694163521999
-0.9776776329757316
-0.8869290066914545
-0.9504351745134861
-0.9667082130924489
-0.8751164297159806
-0.7843678034317036
-1.078762741286497
-1.09503577986546
-1.003443996488992
-0.9126953702047148
-1.1623728944448255
-1.1786459330237882
-1.08705414964732
-0.996305523363043
-1.2459465096257345
-1.2622195482046974
-1.170627764828229
-1.0798791385439521
-1.1433853063659838
-1.1596583449449467
-1.0680665615684783
-0.9773179352842012
-1.2717128731389948
-1.2879859117179577
-1.1963941283414894
-1.1056455020572125
-1.1403369924908016
-1.1566100310697645
-1.0650182476932961
-0.9742696214090193
-1.2239106076717108
-1.2401836462506737
-1.1485918628742053
-1.0578432365899284
-1.1213494044119598
-1.137622442990923
-1.0460306596144546
-0.9552820333301777
-1.2496769711849711
-1.2659500097639338
-1.1743582263874655
-1.0836096001031885
-1.0579240908967738
-1.0741971294757364
-0.9826053460992684
-0.8918567198149913
-1.141497706077683
-1.1577707446566459
-1.0661789612801775
-0.9754303349959005
-1.038936502817932
-1.055209541396895
-0.9636177580204268
-0.8728691317361498
-1.167264069590943
-1.183537108169906
-1.091945324793438
-1.001196698509161
-0.7440564340346671
-0.76032947261363
-0.6687376892371619
-0.5779890629528848
-0.8276300492155765
-0.8439030877945392
-0.7523113044180711
-0.661562678133794
-0.7250688459558255
-0.7413418845347884
-0.6497501011583203
-0.5590014748740432
-0.8533964127288367
-0.8696694513077996
-0.7780776679313315
-0.6873290416470543
-0.9370065658871647
-0.9532796044661275
-0.8616878210896595
-0.7709391948053823
-1.0205801810680741
-1.0368532196470368
-0.9452614362705688
-0.8545128099862914
-0.9180189778083231
-0.9342920163872859
-0.8427002330108179
-0.7519516067265407
-1.0463465445813342
-1.0626195831602971
-0.971027799783829
-0.8802791734995519
-0.9149706639331411
-0.931243702512104
-0.8396519191356356
-0.7489032928513585
-0.9985442791140503
-1.014817317693013
-0.9232255343165451
-0.8324769080322679
-0.8959830758542995
-0.9122561144332622
-0.820664331056794
-0.729915704772517
-1.0243106426273105
-1.0405836812062736
-0.9489918978298052
-0.858243271545528
-0.8325577623391133
-0.8488308009180761
-0.7572390175416079
-0.6664903912573308
-0.9161313775200224
-0.9324044160989852
-0.8408126327225172
-0.75006400643824
-0.8135701742602717
-0.8298432128392345
-0.7382514294627663
-0.6475028031784892
-0.9418977410332828
-0.9581707796122456
-0.8665789962357775
-0.7758303699515003
-1.0010679133581937
-1.0173409519371566
-0.9257491685606882
-0.8350005422764113
-1.0846415285391027
-1.1009145671180656
-1.0093227837415977
-0.9185741574573204
-0.982080325279352
-0.998353363858315
-0.9067615804818466
-0.8160129541975695
-1.1104078920523632
-1.1266809306313261
-1.0350891472548578
-0.9443405209705806
-1.194018045210691
-1.2102910837896539
-1.1186993004131858
-1.0279506741289088
-1.2775916603916002
-1.293864698970563
-1.2022729155940948
-1.1115242893098176
-1.1750304571318493
-1.1913034957108122
-1.0997117123343438
-1.0089630860500671
-1.3033580239048603
-1.3196310624838232
-1.228039279107355
-1.1372906528230782
-1.1719821432566673
-1.1882551818356304
-1.0966633984591623
-1.0059147721748851
-1.2555557584375765
-1.2718287970165394
-1.180237013640071
-1.0894883873557941
-1.1529945551778258
-1.1692675937567887
-1.0776758103803203
-0.9869271840960434
-1.2813221219508366
-1.2975951605297997
-1.2060033771533314
-1.1152547508690547
-1.0895692416626397
-1.1058422802416026
-1.0142504968651345
-0.9235018705808573
-1.1731428568435487
-1.1894158954225118
-1.0978241120460437
-1.0070754857617665
-1.070581653583798
-1.0868546921627606
-0.9952629087862926
-0.9045142825020155
-1.1989092203568092
-1.2151822589357721
-1.1235904755593038
-1.0328418492750266
-0.6589760130176774
-0.6752490515966403
-0.5836572682201724
-0.49290864193589506
-0.7425496281985868
-0.7588226667775496
-0.6672308834010816
-0.5764822571168042
-0.6399884249388358
-0.6562614635177987
-0.5646696801413306
-0.4739210538570534
-0.768315991711847
-0.7845890302908098
-0.6929972469143417
-0.6022486206300646
-0.8519261448701752
-0.8681991834491379
-0.7766074000726699
-0.6858587737883928
-0.9354997600510843
-0.9517727986300472
-0.860181015253579
-0.7694323889693019
-0.8329385567913336
-0.8492115953702963
-0.7576198119938283
-0.6668711857095512
-0.9612661235643447
-0.9775391621433075
-0.8859473787668395
-0.7951987524825623
-0.8298902429161514
-0.8461632814951142
-0.7545714981186461
-0.663822871834369
-0.9134638580970605
-0.9297368966760234
-0.8381451132995553
-0.7473964870152782
-0.8109026548373098
-0.8271756934162726
-0.7355839100398046
-0.6448352837555272
-0.939230221610321
-0.9555032601892838
-0.8639114768128157
-0.7731628505285386
-0.7474773413221235
-0.7637503799010863
-0.6721585965246182
-0.5814099702403414
-0.8310509565030328
-0.8473239950819956
-0.7557322117055276
-0.6649835854212505
-0.7284897532432819
-0.7447627918222449
-0.6531710084457766
-0.5624223821614998
-0.8568173200162933
-0.8730903585952559
-0.7814985752187877
-0.6907499489345106
