-0.9422977196268385
-1.1043498268344618
-0.8967937844218968
-1.0049196565386973
-0.6108146066598781
-0.7728667138675013
-0.5653106714549363
-0.673436543571737
-0.20281046797012586
-0.3648625751777491
-0.15730653276518397
-0.26543240488198466
-0.708703960396234
-0.8707560676038572
-0.6632000251912921
-0.7713258973080929
-1.0827980098876577
-1.2448501170952804
-1.0372940746827153
-1.1454199467995163
-0.7513148969206969
-0.9133670041283201
-0.705810961715755
-0.8139368338325557
-0.3433107582309446
-0.5053628654385677
-0.2978068230260026
-0.4059326951428034
-0.8492042506570525
-1.0112563578646758
-0.8037003154521108
-0.9118261875689113
-0.9286505710089463
-1.0907026782165699
-0.8831466358040047
-0.9912725079208051
-0.5971674580419859
-0.7592195652496091
-0.5516635228370441
-0.6597893949538448
-0.18916331935223374
-0.35121542655985694
-0.14365938414729182
-0.2517852562640925
-0.6950568117783418
-0.857108918985965
-0.6495528765733999
-0.7576787486902006
-0.7315310461237854
-0.8935831533314086
-0.6860271109188434
-0.7941529830356442
-0.400047933156825
-0.5621000403644482
-0.354543997951883
-0.46266987006868365
0.007956205532927323
-0.15409590167469583
0.05346014073786926
-0.054665731378931416
-0.4979372868931808
-0.659989394100804
-0.4524333516882387
-0.5605592238050394
-1.2782622166812112
-1.4403143238888345
-1.2327582814762692
-1.3408841535930698
-0.9467791037142508
-1.108831210921874
-0.9012751685093089
-1.0094010406261096
-0.5387749650244984
-0.7008270722321216
-0.4932710298195566
-0.6013969019363573
-1.0446684574506064
-1.2067205646582297
-0.9991645222456644
-1.1072903943624652
-1.4187625069420302
-1.580814614149653
-1.3732585717370882
-1.4813844438538888
-1.0872793939750698
-1.2493315011826929
-1.0417754587701276
-1.1499013308869281
-0.6792752552853172
-0.8413273624929405
-0.6337713200803752
-0.7418971921971759
-1.1851687477114254
-1.3472208549190485
-1.1396648125064834
-1.2477906846232838
-1.264615068063319
-1.4266671752709423
-1.219111132858377
-1.3272370049751778
-0.9331319550963586
-1.095184062303982
-0.8876280198914166
-0.9957538920082173
-0.5251278164066064
-0.6871799236142295
-0.4796238812016645
-0.5877497533184652
-1.0310213088327143
-1.1930734160403378
-0.9855173736277724
-1.093643245744573
-1.067495543178158
-1.2295476503857814
-1.021991607973216
-1.130117480090017
-0.7360124302111976
-0.8980645374188208
-0.6905084950062557
-0.7986343671230561
-0.32800829152144534
-0.4900603987290685
-0.2825043563165034
-0.390630228433304
-0.8339017839475532
-0.9959538911551764
-0.7883978487426113
-0.896523720859412
-1.5015229704969328
-1.663575077704556
-1.4560190352919908
-1.5641449074087916
-1.1700398575299724
-1.332091964737596
-1.1245359223250304
-1.2326617944418312
-0.7620357188402201
-0.9240878260478433
-0.7165317836352784
-0.8246576557520789
-1.267929211266328
-1.4299813184739516
-1.222425276061386
-1.3305511481781869
-1.6420232607577516
-1.804075367965375
-1.5965193255528098
-1.7046451976696102
-1.3105401477907916
-1.4725922549984145
-1.2650362125858494
-1.3731620847026502
-0.902536009101039
-1.0645881163086621
-0.8570320738960969
-0.9651579460128976
-1.4084295015271473
-1.5704816087347702
-1.362925566322205
-1.4710514384390059
-1.4878758218790407
-1.6499279290866642
-1.4423718866740987
-1.5504977587908995
-1.1563927089120802
-1.3184448161197038
-1.1108887737071382
-1.219014645823939
-0.7483885702223281
-0.9104406774299513
-0.7028846350173861
-0.8110105071341868
-1.254282062648436
-1.4163341698560594
-1.2087781274434943
-1.3169039995602947
-1.2907562969938797
-1.452808404201503
-1.2452523617889377
-1.3533782339057383
-0.9592731840269192
-1.1213252912345426
-0.9137692488219772
-1.021895120938778
-0.5512690453371669
-0.7133211525447901
-0.5057651101322249
-0.6138909822490258
-1.0571625377632747
-1.2192146449708983
-1.011658602558333
-1.1197844746751335
-1.0725823478607686
-1.2346344550683919
-1.0270784126558263
-1.135204284772627
-0.7410992348938078
-0.903151342101431
-0.6955952996888659
-0.8037211718056666
-0.33309509620405564
-0.4951472034116788
-0.28759116099911364
-0.3957170331159143
-0.8389885886301635
-1.0010406958377867
-0.7934846534252216
-0.9016105255420223
-1.2130826381215871
-1.3751347453292104
-1.1675787029166451
-1.2757045750334457
-0.8815995251546266
-1.0436516323622498
-0.8360955899496846
-0.9442214620664853
-0.47359538646487426
-0.6356474936724974
-0.42809145125993225
-0.5362173233767329
-0.9794888788909822
-1.1415409860986054
-0.9339849436860403
-1.042110815802841
-1.0589351992428762
-1.2209873064504992
-1.0134312640379342
-1.1215571361547347
-0.7274520862759156
-0.8895041934835389
-0.6819481510709736
-0.7900740231877744
-0.3194479475861635
-0.48150005479378666
-0.2739440123812215
-0.3820698844980222
-0.8253414400122714
-0.9873935472198947
-0.7798375048073295
-0.8879633769241301
-0.8618156743577149
-1.023867781565338
-0.816311739152773
-0.9244376112695737
-0.5303325613907546
-0.6923846685983777
-0.48482862618581274
-0.5929544983026135
-0.12232842270100237
-0.28438052990862556
-0.07682448749606043
-0.18495035961286108
-0.6282219151271103
-0.7902740223347335
-0.5827179799221684
-0.6908438520389689
-0.8701316646395145
-1.0321837718471378
-0.8246277294345726
-0.9327536015513734
-0.5386485516725539
-0.7007006588801773
-0.493144616467612
-0.6012704885844128
-0.13064441298280177
-0.29269652019042497
-0.08514047777785981
-0.1932663498946605
-0.6365379054089098
-0.798590012616533
-0.5910339702039679
-0.6991598423207687
-1.0106319549003333
-1.1726840621079568
-0.9651280196953914
-1.0732538918121919
-0.6791488419333727
-0.8412009491409959
-0.6336449067284309
-0.7417707788452315
-0.2711447032436204
-0.43319681045124353
-0.22564076803867847
-0.3337666401554792
-0.7770381956697285
-0.9390903028773517
-0.7315342604647866
-0.8396601325815871
-0.8564845160216223
-1.0185366232292457
-0.8109805808166805
-0.9191064529334813
-0.5250014030546619
-0.6870535102622851
-0.4794974678497199
-0.5876233399665207
-0.11699726436490959
-0.2790493715725328
-0.07149332915996769
-0.1796192012767684
-0.6228907567910176
-0.7849428639986408
-0.5773868215860757
-0.6855126937028764
-0.6593649911364614
-0.8214170983440846
-0.6138610559315194
-0.72198692804832
-0.3278818781695009
-0.48993398537712396
-0.28237794296455887
-0.39050381508135956
0.08012226052025148
-0.0819298466873717
0.12562619572519343
0.01750032360839274
-0.42577123190585653
-0.5878233391134798
-0.3802672967009145
-0.48839316881771516
-1.206096161693887
-1.3681482689015103
-1.1605922264889452
-1.2687180986057458
-0.8746130487269266
-1.0366651559345497
-0.8291091135219848
-0.9372349856387854
-0.4666089100371744
-0.6286610172447975
-0.4211049748322324
-0.5292308469490331
-0.9725024024632822
-1.1345545096709055
-0.9269984672583403
-1.035124339375141
-1.346596451954706
-1.508648559162329
-1.301092516749764
-1.4092183888665646
-1.0151133389877454
-1.1771654461953687
-0.9696094037828034
-1.077735275899604
-0.6071092002979931
-0.7691613075056162
-0.5616052650930512
-0.6697311372098518
-1.1130026927241012
-1.2750547999317243
-1.0674987575191588
-1.1756246296359598
-1.192449013075995
-1.3545011202836184
-1.146945077871053
-1.2550709499878536
-0.8609659001090344
-1.0230180073166577
-0.8154619649040925
-0.9235878370208932
-0.4529617614192823
-0.6150138686269054
-0.40745782621434035
-0.515583698331141
-0.9588552538453902
-1.1209073610530136
-0.9133513186404482
-1.0214771907572489
-0.9953294881908338
-1.1573815953984572
-0.9498255529858921
-1.0579514251026927
-0.6638463752238734
-0.8258984824314966
-0.6183424400189315
-0.7264683121357323
-0.25584223653412114
-0.41789434374174433
-0.21033830132917916
-0.3184641734459799
-0.761735728960229
-0.9237878361678522
-0.7162317937552871
-0.8243576658720878
-1.4293569155096086
-1.5914090227172322
-1.3838529803046666
-1.4919788524214674
-1.0978738025426482
-1.2599259097502717
-1.0523698673377064
-1.160495739454507
-0.6898696638528959
-0.8519217710605193
-0.6443657286479539
-0.7524916007647547
-1.195763156279004
-1.3578152634866274
-1.1502592210740623
-1.258385093190863
-1.5698572057704279
-1.7319093129780507
-1.5243532705654856
-1.6324791426822864
-1.2383740928034674
-1.4004262000110903
-1.1928701575985252
-1.300996029715326
-0.8303699541137148
-0.992422061321338
-0.7848660189087728
-0.8929918910255735
-1.336263446539823
-1.498315553747446
-1.2907595113348809
-1.3988853834516817
-1.415709766891717
-1.57776187409934
-1.370205831686775
-1.4783317038035757
-1.084226653924756
-1.2462787611323796
-1.038722718719814
-1.146848590836615
-0.6762225152350038
-0.8382746224426271
-0.630718580030062
-0.7388444521468626
-1.182116007661112
-1.3441681148687352
-1.1366120724561701
-1.2447379445729707
-1.218590242006556
-1.3806423492141788
-1.173086306801614
-1.281212178918414
-0.887107129039595
-1.0491592362472182
-0.841603193834653
-0.9497290659514538
-0.4791029903498429
-0.6411550975574659
-0.4335990551449009
-0.5417249272617014
-0.9849964827759509
-1.147048589983574
-0.9394925475710089
-1.0476184196878093
-1.0004162928734441
-1.1624684000810674
-0.9549123576685022
-1.063038229785303
-0.6689331799064836
-0.8309852871141068
-0.6234292447015417
-0.7315551168183424
-0.26092904121673144
-0.4229811484243546
-0.2154251060117895
-0.3235509781285902
-0.7668225336428393
-0.9288746408504625
-0.7213185984378974
-0.829444470554698
-1.140916583134263
-1.3029686903418862
-1.0954126479293211
-1.2035385200461215
-0.8094334701673024
-0.9714855773749256
-0.7639295349623604
-0.8720554070791612
-0.40142933147755017
-0.5634814386851732
-0.3559253962726082
-0.46405126838940886
-0.907322823903658
-1.0693749311112812
-0.861818888698716
-0.9699447608155167
-0.986769144255552
-1.1488212514631753
-0.9412652090506101
-1.0493910811674108
-0.6552860312885915
-0.8173381384962147
-0.6097820960836496
-0.7179079682004502
-0.24728189259883931
-0.40933399980646257
-0.20177795739389737
-0.309903829510698
-0.7531753850249471
-0.9152274922325705
-0.7076714498200052
-0.8157973219368059
-0.7896496193703907
-0.9517017265780139
-0.744145684165449
-0.8522715562822495
-0.45816650640343054
-0.6202186136110537
-0.41266257119848854
-0.5207884433152893
-0.05016236771367821
-0.2122144749213014
-0.004658432508736277
-0.11278430462553697
-0.5560558601397861
-0.7181079673474093
-0.5105519249348442
-0.6186777970516449
-0.9582269997256642
-1.1202791069332876
-0.9127230645207223
-1.020848936637523
-0.6267438867587037
-0.7887959939663269
-0.5812399515537617
-0.6893658236705626
-0.21873974806895144
-0.3807918552765746
-0.17323581286400952
-0.2813616849808102
-0.7246332404950594
-0.8866853477026826
-0.6791293052901175
-0.7872551774069182
-1.0987272899864828
-1.2607793971941061
-1.053223354781541
-1.1613492268983419
-0.7672441770195225
-0.9292962842271457
-0.7217402418145806
-0.8298661139313813
-0.35924003832977014
-0.5212921455373932
-0.31373610312482825
-0.4218619752416289
-0.8651335307558782
-1.0271856379635014
-0.8196295955509362
-0.927755467667737
-0.944579851107772
-1.1066319583153954
-0.8990759159028303
-1.007201788019631
-0.6130967381408117
-0.7751488453484348
-0.5675928029358697
-0.6757186750526704
-0.20509259945105932
-0.3671447066586825
-0.1595886642461174
-0.2677145363629181
-0.7109860918771672
-0.8730381990847906
-0.6654821566722255
-0.773608028789026
-0.747460326222611
-0.9095124334302341
-0.701956391017669
-0.8100822631344698
-0.41597721325565057
-0.5780293204632738
-0.3704732780507085
-0.4785991501675092
-0.007973074565898226
-0.1700251817735214
0.0375308606390437
-0.07059501147775696
-0.5138665669920062
-0.6759186741996294
-0.46836263178706417
-0.576488503903865
-1.294191496780037
-1.45624360398766
-1.248687561575095
-1.3568134336918953
-0.9627083838130763
-1.1247604910206994
-0.9172044486081344
-1.0253303207249351
-0.5547042451233241
-0.7167563523309471
-0.5092003099183822
-0.6173261820351829
-1.060597737549432
-1.222649844757055
-1.0150938023444902
-1.1232196744612908
-1.4346917870408558
-1.5967438942484788
-1.3891878518359138
-1.4973137239527146
-1.1032086740738951
-1.2652607812815186
-1.057704738868953
-1.165830610985754
-0.6952045353841427
-0.8572566425917659
-0.6497006001792008
-0.7578264722960014
-1.201098027810251
-1.3631501350178743
-1.155594092605309
-1.2637199647221096
-1.2805443481621448
-1.4425964553697679
-1.2350404129572028
-1.3431662850740034
-0.9490612351951841
-1.1111133424028075
-0.9035572999902423
-1.011683172107043
-0.541057096505432
-0.7031092037130551
-0.4955531613004901
-0.6036790334172907
-1.0469505889315398
-1.2090026961391631
-1.001446653726598
-1.1095725258433986
-1.0834248232769836
-1.245476930484607
-1.0379208880720416
-1.1460467601888424
-0.751941710310023
-0.9139938175176462
-0.7064377751050811
-0.8145636472218818
-0.34393757162027083
-0.5059896788278941
-0.2984336364153289
-0.40655950853212963
-0.8498310640463786
-1.0118831712540017
-0.804327128841437
-0.9124530009582374
-1.5174522505957586
-1.6795043578033815
-1.4719483153908164
-1.5800741875076172
-1.1859691376287982
-1.348021244836421
-1.140465202423856
-1.2485910745406568
-0.7779649989390458
-0.940017106146669
-0.7324610637341037
-0.8405869358509045
-1.2838584913651538
-1.4459105985727767
-1.2383545561602116
-1.3464804282770124
-1.6579525408565772
-1.8200046480642007
-1.6124486056516356
-1.720574477768436
-1.3264694278896167
-1.4885215350972403
-1.2809654926846747
-1.3890913648014755
-0.9184652891998645
-1.0805173964074875
-0.8729613539949226
-0.9810872261117233
-1.4243587816259728
-1.5864108888335957
-1.3788548464210308
-1.4869807185378312
-1.5038051019778664
-1.6658572091854897
-1.4583011667729242
-1.566427038889725
-1.172321989010906
-1.3343740962185293
-1.1268180538059638
-1.2349439259227646
-0.7643178503211536
-0.9263699575287768
-0.7188139151162116
-0.8269397872330123
-1.2702113427472617
-1.432263449954885
-1.2247074075423197
-1.3328332796591202
-1.3066855770927053
-1.4687376843003284
-1.2611816418877633
-1.369307514004564
-0.9752024641257446
-1.1372545713333682
-0.9296985289208028
-1.0378244010376034
-0.5671983254359926
-0.7292504326436156
-0.5216943902310506
-0.6298202623478512
-1.0730918178621003
-1.235143925069724
-1.0275878826571585
-1.1357137547739593
-1.0885116279595939
-1.250563735167217
-1.0430076927546519
-1.1511335648714527
-0.7570285149926334
-0.9190806222002565
-0.7115245797876916
-0.819650451904492
-0.3490243763028812
-0.5110764835105043
-0.3035204410979392
-0.4116463132147398
-0.854917868728989
-1.0169699759366122
-0.8094139335240471
-0.9175398056408478
-1.2290119182204127
-1.3910640254280362
-1.1835079830154707
-1.2916338551322715
-0.8975288052534521
-1.0595809124610753
-0.8520248700485101
-0.9601507421653108
-0.4895246665636998
-0.651576773771323
-0.4440207313587578
-0.5521466034755584
-0.9954181589898076
-1.1574702661974312
-0.9499142237848658
-1.0580400959016665
-1.0748644793417017
-1.2369165865493248
-1.0293605441367597
-1.1374864162535603
-0.7433813663747412
-0.9054334735823645
-0.6978774311697993
-0.8060033032865999
-0.33537722768498907
-0.49742933489261215
-0.2898732924800471
-0.39799916459684775
-0.8412707201110968
-1.00332282731872
-0.7957667849061549
-0.9038926570229556
-0.8777449544565405
-1.0397970616641639
-0.8322410192515987
-0.9403668913683993
-0.5462618414895801
-0.7083139486972033
-0.5007579062846382
-0.608883778401439
-0.1382577027998279
-0.3003098100074511
-0.09275376759488599
-0.20087963971168665
-0.6441511952259358
-0.806203302433559
-0.5986472600209939
-0.7067731321377946
-1.029184171211146
-1.1912362784187691
-0.9836802360062042
-1.0918061081230048
-0.6977010582441857
-0.8597531654518087
-0.6521971230392438
-0.7603229951560444
-0.2896969195544333
-0.4517490267620564
-0.24419298434949135
-0.352318856466292
-0.7955904119805414
-0.9576425191881643
-0.7500864767755995
-0.8582123488924
-1.169684461471965
-1.3317365686795881
-1.1241805262670228
-1.2323063983838236
-0.8382013485050043
-1.0002534557126275
-0.7926974133000624
-0.9008232854168631
-0.43019720981525195
-0.5922493170228751
-0.38469327461030994
-0.4928191467271107
-0.9360907022413599
-1.0981428094489831
-0.8905867670364181
-0.9987126391532187
-1.015537022593254
-1.1775891298008772
-0.9700330873883121
-1.0781589595051126
-0.6840539096262935
-0.8461060168339167
-0.6385499744213516
-0.7466758465381521
-0.2760497709365411
-0.4381018781441643
-0.23054583573159923
-0.3386717078483999
-0.7819432633626492
-0.9439953705702724
-0.7364393281577073
-0.8445652002745078
-0.8184174977080928
-0.9804696049157159
-0.7729135625031508
-0.8810394346199516
-0.4869343847411323
-0.6489864919487556
-0.4414304495361903
-0.5495563216529911
-0.07893024605138006
-0.24098235325900325
-0.03342631084643812
-0.1415521829632388
-0.5848237384774879
-0.7468758456851111
-0.5393198032725459
-0.6474456753893468
-1.3651486682655187
-1.5272007754731418
-1.3196447330605767
-1.427770605177377
-1.033665555298558
-1.1957176625061814
-0.9881616200936162
-1.096287492210417
-0.6256614166088059
-0.7877135238164291
-0.580157481403864
-0.6882833535206647
-1.131554909034914
-1.293607016242537
-1.086050973829972
-1.1941768459467725
-1.5056489585263375
-1.6677010657339608
-1.4601450233213955
-1.5682708954381963
-1.174165845559377
-1.3362179527670004
-1.128661910354435
-1.2367877824712359
-0.7661617068696246
-0.9282138140772479
-0.7206577716646827
-0.8287836437814833
-1.2720551992957327
-1.434107306503356
-1.2265512640907907
-1.3346771362075915
-1.3515015196476265
-1.5135536268552499
-1.3059975844426845
-1.4141234565594851
-1.020018406680666
-1.1820705138882892
-0.974514471475724
-1.082640343592525
-0.6120142679909137
-0.7740663751985369
-0.566510332785972
-0.6746362049027727
-1.1179077604170218
-1.2799598676246449
-1.0724038252120798
-1.1805296973288804
-1.1543819947624656
-1.316434101970089
-1.1088780595575234
-1.2170039316743242
-0.822898881795505
-0.9849509890031282
-0.7773949465905631
-0.8855208187073635
-0.41489474310575275
-0.576946850313376
-0.36939080790081075
-0.4775166800176115
-0.9207882355318606
-1.0828403427394837
-0.8752843003269187
-0.9834101724437194
-1.5884094220812404
-1.7504615292888637
-1.5429054868762981
-1.651031358993099
-1.25692630911428
-1.4189784163219032
-1.2114223739093377
-1.3195482460261385
-0.8489221704245276
-1.0109742776321506
-0.8034182352195857
-0.9115441073363864
-1.3548156628506356
-1.516867770058259
-1.3093117276456934
-1.4174375997624942
-1.7289097123420594
-1.8909618195496825
-1.683405777137117
-1.7915316492539182
-1.3974265993750985
-1.559478706582722
-1.351922664170157
-1.4600485362869573
-0.9894224606853464
-1.1514745678929696
-0.9439185254804043
-1.052044397597205
-1.4953159531114546
-1.6573680603190775
-1.4498120179065126
-1.557937890023313
-1.5747622734633482
-1.7368143806709715
-1.5292583382584064
-1.6373842103752068
-1.2432791604963878
-1.405331267704011
-1.1977752252914455
-1.3059010974082463
-0.8352750218066355
-0.9973271290142587
-0.7897710866016935
-0.8978969587184942
-1.3411685142327439
-1.5032206214403667
-1.2956645790278016
-1.403790451144602
-1.377642748578187
-1.5396948557858106
-1.332138813373245
-1.4402646854900458
-1.0461596356112266
-1.2082117428188501
-1.0006557004062846
-1.1087815725230854
-0.6381554969214743
-0.8002076041290975
-0.5926515617165324
-0.7007774338333331
-1.1440489893475823
-1.3061010965552058
-1.0985450541426403
-1.206670926259441
-1.1594687994450759
-1.3215209066526994
-1.1139648642401339
-1.2220907363569347
-0.8279856864781152
-0.9900377936857384
-0.7824817512731733
-0.890607623389974
-0.4199815477883629
-0.5820336549959861
-0.374477612583421
-0.48260348470022163
-0.9258750402144709
-1.087927147422094
-0.880371105009529
-0.9884969771263297
-1.2999690897058944
-1.462021196913518
-1.2544651545009524
-1.3625910266177532
-0.968485976738934
-1.1305380839465573
-0.922982041533992
-1.0311079136507928
-0.5604818380491816
-0.7225339452568048
-0.5149779028442396
-0.6231037749610403
-1.0663753304752897
-1.228427437682913
-1.0208713952703476
-1.1289972673871485
-1.1458216508271837
-1.3078737580348065
-1.1003177156222417
-1.2084435877390425
-0.814338537860223
-0.9763906450678463
-0.768834602655281
-0.8769604747720818
-0.4063343991704709
-0.5683865063780941
-0.3608304639655289
-0.4689563360823295
-0.9122278915965787
-1.074279998804202
-0.8667239563916368
-0.9748498285084375
-0.9487021259420223
-1.1107542331496456
-0.9031981907370804
-1.011324062853881
-0.6172190129750619
-0.7792711201826851
-0.57171507777012
-0.6798409498869208
-0.20921487428530974
-0.37126698149293297
-0.1637109390803678
-0.27183681119716846
-0.7151083667114175
-0.8771604739190407
-0.6696044315064756
-0.7777303036232763
