-0.9967566265082187
-1.0921659302072362
-1.0562761168452786
-0.9359462022047029
-0.621990440305237
-0.7173997440042545
-0.6815099306422969
-0.5611800160017212
-0.7002592468646824
-0.7956685505637001
-0.7597787372017425
-0.6394488225611668
-0.8178569287631603
-0.913266232462178
-0.8773764191002204
-0.7570465044596446
-1.2618522614055296
-1.3572615651045472
-1.3213717517425896
-1.201041837102014
-0.8870860752025478
-0.9824953789015652
-0.9466055655396076
-0.8262756508990319
-0.9653548817619935
-1.0607641854610108
-1.0248743720990532
-0.9045444574584774
-1.0829525636604713
-1.178361867359489
-1.1424720539975313
-1.0221421393569554
-1.1655341768351617
-1.2609434805341795
-1.2250536671722219
-1.104723752531646
-0.79076799063218
-0.8861772943311975
-0.8502874809692398
-0.7299575663286642
-0.8690367971916256
-0.9644461008906432
-0.9285562875286856
-0.8082263728881098
-0.9866344790901035
-1.082043782789121
-1.0461539694271633
-0.9258240547865877
-0.9438497598994015
-1.0392590635984191
-1.0033692502364613
-0.8830393355958855
-0.5690835736964195
-0.6644928773954372
-0.6286030640334797
-0.5082731493929039
-0.6473523802558652
-0.7427616839548826
-0.7068718705929251
-0.5865419559523494
-0.7649500621543429
-0.8603593658533607
-0.824469552491403
-0.7041396378508273
-0.9489194864554413
-1.0443287901544591
-1.0084389767925015
-0.8881090621519259
-0.5741533002524594
-0.669562603951477
-0.6336727905895193
-0.5133428759489436
-0.6524221068119049
-0.7478314105109226
-0.7119415971489649
-0.5916116825083892
-0.770019788710383
-0.8654290924094009
-0.8295392790474431
-0.7092093644068672
-1.2140151213527524
-1.30942442505177
-1.2735346116898123
-1.1532046970492367
-0.8392489351497704
-0.9346582388487881
-0.8987684254868306
-0.7784385108462548
-0.9175177417092161
-1.0129270454082335
-0.9770372320462761
-0.8567073174057004
-1.0351154236076938
-1.1305247273067116
-1.094634913944754
-0.9743049993041782
-1.1176970367823842
-1.2131063404814022
-1.1772165271194444
-1.0568866124788687
-0.7429308505794023
-0.8383401542784202
-0.8024503409164626
-0.682120426275887
-0.8211996571388482
-0.9166089608378658
-0.8807191474759083
-0.7603892328353326
-0.9387973390373261
-1.0342066427363437
-0.9983168293743861
-0.8779869147338104
-0.8960126198466241
-0.9914219235456417
-0.9555321101836841
-0.8352021955431085
-0.521246433643642
-0.6166557373426595
-0.580765923980702
-0.4604360093401263
-0.5995152402030877
-0.6949245439021051
-0.6590347305401476
-0.5387048158995719
-0.7171129221015656
-0.8125222258005832
-0.7766324124386258
-0.65630249779805
-1.1863116340267248
-1.2817209377257424
-1.2458311243637847
-1.125501209723209
-0.8115454478237428
-0.9069547515227605
-0.8710649381608029
-0.7507350235202271
-0.8898142543831885
-0.9852235580822062
-0.9493337447202485
-0.8290038300796728
-1.0074119362816665
-1.102821239980684
-1.0669314266187262
-0.9466015119781506
-1.4514072689240358
-1.5468165726230532
-1.510926759261096
-1.39059684462052
-1.0766410827210537
-1.1720503864200713
-1.1361605730581137
-1.015830658417538
-1.1549098892804992
-1.250319192979517
-1.2144293796175594
-1.0940994649769835
-1.2725075711789773
-1.3679168748779948
-1.3320270615160372
-1.2116971468754616
-1.3550891843536677
-1.4504984880526854
-1.4146086746907278
-1.294278760050152
-0.9803229981506857
-1.0757323018497036
-1.0398424884877457
-0.9195125738471702
-1.0585918047101315
-1.154001108409149
-1.1181112950471914
-0.9977813804066158
-1.1761894866086093
-1.2715987903076271
-1.2357089769456695
-1.1153790623050936
-1.1334047674179075
-1.2288140711169253
-1.1929242577549675
-1.0725943431143918
-0.7586385812149253
-0.8540478849139432
-0.8181580715519856
-0.6978281569114099
-0.8369073877743709
-0.9323166914733888
-0.8964268781114311
-0.7760969634708554
-0.9545050696728491
-1.0499143733718668
-1.0140245600099091
-0.8936946453693334
-0.9148095828536107
-1.0102188865526283
-0.9743290731906705
-0.8539991585500949
-0.5400433966506288
-0.6354527003496464
-0.5995628869876888
-0.4792329723471131
-0.6183122032100743
-0.7137215069090919
-0.6778316935471342
-0.5575017789065586
-0.7359098851085523
-0.83131918880757
-0.7954293754456124
-0.6750994608050367
-1.1799052177509217
-1.2753145214499393
-1.2394247080879817
-1.1190947934474058
-0.8051390315479398
-0.9005483352469572
-0.8646585218849996
-0.7443286072444238
-0.8834078381073854
-0.9788171418064029
-0.9429273284444453
-0.8225974138038695
-1.0010055200058632
-1.0964148237048807
-1.0605250103429231
-0.9401950957023474
-1.0835871331805536
-1.1789964368795713
-1.1431066235176137
-1.022776708877038
-0.7088209469775719
-0.8042302506765894
-0.768340437314632
-0.6480105226740561
-0.7870897535370173
-0.8824990572360352
-0.8466092438740774
-0.7262793292335018
-0.9046874354354955
-1.000096739134513
-0.9642069257725553
-0.8438770111319797
-0.8619027162447934
-0.9573120199438112
-0.9214222065818533
-0.8010922919412775
-0.4871365300418114
-0.582545833740829
-0.5466560203788714
-0.42632610573829566
-0.565405336601257
-0.6608146403002745
-0.624924826938317
-0.5045949122977412
-0.6830030184997349
-0.7784123221987526
-0.7425225088367949
-0.6221925941962193
-1.023687372741077
-1.1190966764400945
-1.0832068630781369
-0.9628769484375611
-0.6489211865380953
-0.7443304902371128
-0.7084406768751552
-0.5881107622345795
-0.7271899930975407
-0.8225992967965582
-0.7867094834346006
-0.6663795687940248
-0.8447876749960185
-0.9401969786950363
-0.9043071653330785
-0.7839772506925027
-1.288783007638388
-1.3841923113374055
-1.3483024979754479
-1.2279725833348722
-0.914016821435406
-1.0094261251344234
-0.9735363117724659
-0.8532063971318902
-0.9922856279948514
-1.0876949316938693
-1.0518051183319115
-0.9314752036913357
-1.1098833098933296
-1.205292613592347
-1.1694028002303893
-1.0490728855898137
-1.1924649230680202
-1.2878742267670378
-1.2519844134050797
-1.1316544987645043
-0.8176987368650382
-0.9131080405640557
-0.8772182272020981
-0.7568883125615223
-0.8959675434244839
-0.9913768471235014
-0.9554870337615438
-0.8351571191209679
-1.0135652253229617
-1.1089745290219792
-1.0730847156600216
-0.9527548010194459
-0.9707805061322596
-1.0661898098312774
-1.0302999964693198
-0.9099700818287441
-0.5960143199292778
-0.6914236236282955
-0.6555338102663378
-0.5352038956257622
-0.6742831264887234
-0.7696924301877409
-0.7338026168257834
-0.6134727021852077
-0.7918808083872012
-0.8872901120862189
-0.8514002987242613
-0.7310703840836855
-0.9758502326882996
-1.0712595363873174
-1.0353697230253598
-0.9150398083847839
-0.6010840464853175
-0.6964933501843352
-0.6606035368223777
-0.540273622181802
-0.6793528530447632
-0.774762156743781
-0.7388723433818232
-0.6185424287412475
-0.7969505349432411
-0.8923598386422588
-0.8564700252803011
-0.7361401106397255
-1.2409458675856107
-1.3363551712846282
-1.3004653579226706
-1.180135443282095
-0.8661796813826286
-0.9615889850816463
-0.9256991717196886
-0.8053692570791129
-0.9444484879420743
-1.039857791641092
-1.0039679782791342
-0.8836380636385585
-1.0620461698405521
-1.15745547353957
-1.1215656601776123
-1.0012357455370364
-1.1446277830152427
-1.2400370867142603
-1.2041472733523026
-1.083817358711727
-0.7698615968122607
-0.8652709005112786
-0.8293810871493208
-0.7090511725087452
-0.8481304033717065
-0.9435397070707242
-0.9076498937087666
-0.7873199790681908
-0.9657280852701843
-1.061137388969202
-1.0252475756072443
-0.9049176609666687
-0.9229433660794822
-1.0183526697785001
-0.9824628564165425
-0.8621329417759668
-0.5481771798765003
-0.6435864835755178
-0.6076966702135602
-0.48736675557298453
-0.6264459864359458
-0.7218552901349634
-0.6859654767730059
-0.5656355621324302
-0.7440436683344238
-0.8394529720334417
-0.803563158671484
-0.6832332440309083
-1.2132423802595829
-1.3086516839586007
-1.272761870596643
-1.1524319559560672
-0.8384761940566011
-0.9338854977556188
-0.8979956843936612
-0.7776657697530854
-0.9167450006160468
-1.0121543043150643
-0.9762644909531066
-0.855934576312531
-1.0343426825145245
-1.1297519862135421
-1.0938621728515845
-0.9735322582110087
-1.4783380151568941
-1.5737473188559115
-1.537857505493954
-1.4175275908533782
-1.103571828953912
-1.1989811326529296
-1.163091319290972
-1.0427614046503964
-1.1818406355133575
-1.2772499392123753
-1.2413601258504174
-1.1210302112098418
-1.2994383174118356
-1.3948476211108531
-1.3589578077488955
-1.2386278931083199
-1.382019930586526
-1.4774292342855437
-1.441539420923586
-1.3212095062830105
-1.0072537443835443
-1.1026630480825619
-1.0667732347206043
-0.9464433200800285
-1.0855225509429898
-1.1809318546420073
-1.1450420412800497
-1.024712126639474
-1.2031202328414674
-1.2985295365404854
-1.2626397231785276
-1.142309808537952
-1.1603355136507658
-1.2557448173497834
-1.2198550039878258
-1.0995250893472501
-0.7855693274477837
-0.8809786311468014
-0.8450888177848438
-0.7247589031442682
-0.8638381340072292
-0.959247437706247
-0.9233576243442894
-0.8030277097037136
-0.9814358159057073
-1.0768451196047248
-1.0409553062427672
-0.9206253916021917
-0.941740329086469
-1.0371496327854866
-1.001259819423529
-0.8809299047829531
-0.5669741428834869
-0.6623834465825046
-0.6264936332205471
-0.5061637185799713
-0.6452429494429326
-0.7406522531419502
-0.7047624397799925
-0.5844325251394168
-0.7628406313414104
-0.8582499350404283
-0.8223601216784707
-0.702030207037895
-1.20683596398378
-1.3022452676827976
-1.2663554543208397
-1.146025539680264
-0.8320697777807979
-0.9274790814798155
-0.8915892681178579
-0.7712593534772821
-0.9103385843402436
-1.0057478880392612
-0.9698580746773036
-0.8495281600367278
-1.0279362662387215
-1.123345569937739
-1.0874557565757814
-0.9671258419352057
-1.110517879413412
-1.2059271831124296
-1.1700373697504718
-1.0497074551098964
-0.7357516932104301
-0.8311609969094477
-0.79527118354749
-0.6749412689069143
-0.8140204997698759
-0.9094298034688933
-0.8735399901069357
-0.75321007546636
-0.9316181816683536
-1.0270274853673713
-0.9911376720054136
-0.8708077573648378
-0.8888334624776516
-0.9842427661766692
-0.9483529528147115
-0.8280230381741358
-0.5140672762746696
-0.6094765799736873
-0.5735867666117296
-0.45325685197115406
-0.5923360828341152
-0.6877453865331328
-0.6518555731711753
-0.5315256585305995
-0.7099337647325932
-0.8053430684316109
-0.7694532550696532
-0.6491233404290774
-1.023687372741077
-1.1190966764400945
-1.0832068630781369
-0.9628769484375611
-0.6489211865380953
-0.7443304902371128
-0.7084406768751552
-0.5881107622345795
-0.7271899930975407
-0.8225992967965582
-0.7867094834346006
-0.6663795687940248
-0.8447876749960185
-0.9401969786950363
-0.9043071653330785
-0.7839772506925027
-1.288783007638388
-1.3841923113374055
-1.3483024979754479
-1.2279725833348722
-0.914016821435406
-1.0094261251344234
-0.9735363117724659
-0.8532063971318902
-0.9922856279948514
-1.0876949316938693
-1.0518051183319115
-0.9314752036913357
-1.1098833098933296
-1.205292613592347
-1.1694028002303893
-1.0490728855898137
-1.1924649230680202
-1.2878742267670378
-1.2519844134050797
-1.1316544987645043
-0.8176987368650382
-0.9131080405640557
-0.8772182272020981
-0.7568883125615223
-0.8959675434244839
-0.9913768471235014
-0.9554870337615438
-0.8351571191209679
-1.0135652253229617
-1.1089745290219792
-1.0730847156600216
-0.9527548010194459
-0.9707805061322596
-1.0661898098312774
-1.0302999964693198
-0.9099700818287441
-0.5960143199292778
-0.6914236236282955
-0.6555338102663378
-0.5352038956257622
-0.6742831264887234
-0.7696924301877409
-0.7338026168257834
-0.6134727021852077
-0.7918808083872012
-0.8872901120862189
-0.8514002987242613
-0.7310703840836855
-0.9758502326882996
-1.0712595363873174
-1.0353697230253598
-0.9150398083847839
-0.6010840464853175
-0.6964933501843352
-0.6606035368223777
-0.540273622181802
-0.6793528530447632
-0.774762156743781
-0.7388723433818232
-0.6185424287412475
-0.7969505349432411
-0.8923598386422588
-0.8564700252803011
-0.7361401106397255
-1.2409458675856107
-1.3363551712846282
-1.3004653579226706
-1.180135443282095
-0.8661796813826286
-0.9615889850816463
-0.9256991717196886
-0.8053692570791129
-0.9444484879420743
-1.039857791641092
-1.0039679782791342
-0.8836380636385585
-1.0620461698405521
-1.15745547353957
-1.1215656601776123
-1.0012357455370364
-1.1446277830152427
-1.2400370867142603
-1.2041472733523026
-1.083817358711727
-0.7698615968122607
-0.8652709005112786
-0.8293810871493208
-0.7090511725087452
-0.8481304033717065
-0.9435397070707242
-0.9076498937087666
-0.7873199790681908
-0.9657280852701843
-1.061137388969202
-1.0252475756072443
-0.9049176609666687
-0.9229433660794822
-1.0183526697785001
-0.9824628564165425
-0.8621329417759668
-0.5481771798765003
-0.6435864835755178
-0.6076966702135602
-0.48736675557298453
-0.6264459864359458
-0.7218552901349634
-0.6859654767730059
-0.5656355621324302
-0.7440436683344238
-0.8394529720334417
-0.803563158671484
-0.6832332440309083
-1.2132423802595829
-1.3086516839586007
-1.272761870596643
-1.1524319559560672
-0.8384761940566011
-0.9338854977556188
-0.8979956843936612
-0.7776657697530854
-0.9167450006160468
-1.0121543043150643
-0.9762644909531066
-0.855934576312531
-1.0343426825145245
-1.1297519862135421
-1.0938621728515845
-0.9735322582110087
-1.4783380151568941
-1.5737473188559115
-1.537857505493954
-1.4175275908533782
-1.103571828953912
-1.1989811326529296
-1.163091319290972
-1.0427614046503964
-1.1818406355133575
-1.2772499392123753
-1.2413601258504174
-1.1210302112098418
-1.2994383174118356
-1.3948476211108531
-1.3589578077488955
-1.2386278931083199
-1.382019930586526
-1.4774292342855437
-1.441539420923586
-1.3212095062830105
-1.0072537443835443
-1.1026630480825619
-1.0667732347206043
-0.9464433200800285
-1.0855225509429898
-1.1809318546420073
-1.1450420412800497
-1.024712126639474
-1.2031202328414674
-1.2985295365404854
-1.2626397231785276
-1.142309808537952
-1.1603355136507658
-1.2557448173497834
-1.2198550039878258
-1.0995250893472501
-0.7855693274477837
-0.8809786311468014
-0.8450888177848438
-0.7247589031442682
-0.8638381340072292
-0.959247437706247
-0.9233576243442894
-0.8030277097037136
-0.9814358159057073
-1.0768451196047248
-1.0409553062427672
-0.9206253916021917
-0.941740329086469
-1.0371496327854866
-1.001259819423529
-0.8809299047829531
-0.5669741428834869
-0.6623834465825046
-0.6264936332205471
-0.5061637185799713
-0.6452429494429326
-0.7406522531419502
-0.7047624397799925
-0.5844325251394168
-0.7628406313414104
-0.8582499350404283
-0.8223601216784707
-0.702030207037895
-1.20683596398378
-1.3022452676827976
-1.2663554543208397
-1.146025539680264
-0.8320697777807979
-0.9274790814798155
-0.8915892681178579
-0.7712593534772821
-0.9103385843402436
-1.0057478880392612
-0.9698580746773036
-0.8495281600367278
-1.0279362662387215
-1.123345569937739
-1.0874557565757814
-0.9671258419352057
-1.110517879413412
-1.2059271831124296
-1.1700373697504718
-1.0497074551098964
-0.7357516932104301
-0.8311609969094477
-0.79527118354749
-0.6749412689069143
-0.8140204997698759
-0.9094298034688933
-0.8735399901069357
-0.75321007546636
-0.9316181816683536
-1.0270274853673713
-0.9911376720054136
-0.8708077573648378
-0.8888334624776516
-0.9842427661766692
-0.9483529528147115
-0.8280230381741358
-0.5140672762746696
-0.6094765799736873
-0.5735867666117296
-0.45325685197115406
-0.5923360828341152
-0.6877453865331328
-0.6518555731711753
-0.5315256585305995
-0.7099337647325932
-0.8053430684316109
-0.7694532550696532
-0.6491233404290774
-1.127447852513962
-1.2228571562129795
-1.1869673428510217
-1.066637428210446
-0.7526816663109802
-0.8480909700099979
-0.8122011566480399
-0.6918712420074642
-0.8309504728704256
-0.9263597765694432
-0.8904699632074856
-0.77014004856691
-0.9485481547689034
-1.0439574584679212
-1.0080676451059636
-0.887737730465388
-1.392543487411273
-1.4879527911102906
-1.4520629777483327
-1.331733063107757
-1.017777301208291
-1.1131866049073087
-1.0772967915453509
-0.9569668769047751
-1.0960461077677364
-1.1914554114667544
-1.1555655981047968
-1.035235683464221
-1.2136437896662147
-1.3090530933652322
-1.2731632800032746
-1.152833365362699
-1.296225402840905
-1.3916347065399226
-1.355744893177965
-1.2354149785373894
-0.9214592166379231
-1.0168685203369405
-0.980978706974983
-0.8606487923344073
-0.9997280231973685
-1.0951373268963862
-1.0592475135344286
-0.9389175988938528
-1.1173257050958467
-1.212735008794864
-1.1768451954329064
-1.056515280792331
-1.074540985905145
-1.1699502896041625
-1.1340604762422049
-1.013730561601629
-0.6997747997021628
-0.7951841034011806
-0.7592942900392228
-0.638964375398647
-0.7780436062616084
-0.873452909960626
-0.8375630965986683
-0.7172331819580926
-0.8956412881600861
-0.9910505918591039
-0.9551607784971462
-0.8348308638565706
-1.0796107124611845
-1.1750200161602022
-1.1391302027982446
-1.0188002881576688
-0.7048445262582027
-0.8002538299572204
-0.7643640165952627
-0.644034101954687
-0.7831133328176484
-0.8785226365166661
-0.8426328231547084
-0.7223029085141327
-0.9007110147161264
-0.996120318415144
-0.9602305050531864
-0.8399005904126106
-1.3447063473584955
-1.4401156510575133
-1.4042258376955556
-1.28389592305498
-0.9699401611555138
-1.0653494648545314
-1.0294596514925738
-0.909129736851998
-1.0482089677149593
-1.143618271413977
-1.1077284580520192
-0.9873985434114435
-1.1658066496134374
-1.261215953312455
-1.2253261399504973
-1.1049962253099217
-1.2483882627881278
-1.3437975664871453
-1.3079077531251877
-1.187577838484612
-0.873622076585146
-0.9690313802841634
-0.933141566922206
-0.8128116522816302
-0.9518908831445914
-1.047300186843609
-1.0114103734816515
-0.8910804588410758
-1.0694885650430692
-1.164897868742087
-1.1290080553801294
-1.0086781407395538
-1.0267038458523674
-1.122113149551385
-1.0862233361894273
-0.9658934215488517
-0.6519376596493853
-0.7473469633484029
-0.7114571499864453
-0.5911272353458696
-0.7302064662088309
-0.8256157699078487
-0.7897259565458911
-0.6693960419053154
-0.8478041481073091
-0.9432134518063268
-0.9073236384443691
-0.7869937238037934
-1.317002860032468
-1.4124121637314855
-1.3765223503695279
-1.2561924357289522
-0.942236673829486
-1.0376459775285036
-1.0017561641665458
-0.8814262495259704
-1.0205054803889317
-1.1159147840879493
-1.0800249707259917
-0.959695056085416
-1.1381031622874096
-1.2335124659864272
-1.1976226526244695
-1.077292737983894
-1.582098494929779
-1.6775077986287963
-1.641617985266839
-1.5212880706262633
-1.207332308726797
-1.3027416124258149
-1.2668517990638568
-1.1465218844232812
-1.2856011152862423
-1.3810104189852603
-1.3451206056233025
-1.2247906909827269
-1.4031987971847206
-1.4986081008837382
-1.462718287521781
-1.342388372881205
-1.4857804103594112
-1.5811897140584286
-1.5452999006964712
-1.4249699860558953
-1.1110142241564291
-1.2064235278554467
-1.170533714493489
-1.0502037998529135
-1.1892830307158746
-1.2846923344148922
-1.2488025210529345
-1.1284726064123591
-1.3068807126143527
-1.4022900163133702
-1.3664002029514126
-1.246070288310837
-1.2640959934236506
-1.3595052971226684
-1.3236154837607108
-1.203285569120135
-0.8893298072206687
-0.9847391109196866
-0.9488492975577287
-0.8285193829171532
-0.9675986137801144
-1.063007917479132
-1.0271181041171742
-0.9067881894765987
-1.0851962956785925
-1.1806055993776101
-1.1447157860156523
-1.0243858713750766
-1.0455008088593538
-1.1409101125583714
-1.1050202991964138
-0.984690384555838
-0.6707346226563721
-0.7661439263553897
-0.730254112993432
-0.6099241983528563
-0.7490034292158175
-0.8444127329148354
-0.8085229195528775
-0.6881930049123021
-0.8666011111142957
-0.9620104148133133
-0.9261206014513556
-0.8057906868107799
-1.3105964437566648
-1.4060057474556826
-1.3701159340937248
-1.249786019453149
-0.9358302575536829
-1.0312395612527008
-0.995349747890743
-0.8750198332501674
-1.0140990641131287
-1.109508367812146
-1.0736185544501884
-0.9532886398096128
-1.1316967460116067
-1.2271060497106243
-1.1912162363486667
-1.0708863217080908
-1.2142783591862971
-1.3096876628853147
-1.2737978495233568
-1.1534679348827812
-0.8395121729833154
-0.9349214766823329
-0.899031663320375
-0.7787017486797992
-0.9177809795427607
-1.0131902832417783
-0.9773004698798207
-0.8569705552392449
-1.0353786614412386
-1.1307879651402561
-1.0948981517782985
-0.9745682371377231
-0.9925939422505369
-1.0880032459495543
-1.0521134325875967
-0.9317835179470211
-0.6178277560475547
-0.7132370597465724
-0.6773472463846146
-0.557017331744039
-0.6960965626070001
-0.7915058663060179
-0.7556160529440601
-0.6352861383034846
-0.8136942445054784
-0.9091035482044959
-0.8732137348425383
-0.7528838202019625
