-0.8134826828035776
-1.1272141457722487
-1.0231810677012168
-0.9335738262037898
-0.5296088542838533
-0.8433403172525246
-0.7393072391814924
-0.6496999976840655
-0.39909063399511746
-0.7128220969637887
-0.6087890188927566
-0.5191817773953297
-0.43586636622138314
-0.7495978291900544
-0.6455647511190223
-0.5559575096215954
-1.1017315701103578
-1.415463033079029
-1.3114299550079966
-1.22182271351057
-0.8178577415906335
-1.1315892045593046
-1.0275561264882724
-0.9379488849908458
-0.6873395213018978
-1.0010709842705687
-0.8970379061995368
-0.80743066470211
-0.7241152535281635
-1.0378467164968346
-0.9338136384258025
-0.8442063969283757
-1.009383196577561
-1.3231146595462324
-1.2190815814752003
-1.1294743399777731
-0.725509368057837
-1.0392408310265082
-0.9352077529554762
-0.8456005114580493
-0.5949911477691012
-0.9087226107377724
-0.8046895326667404
-0.7150822911693135
-0.6317668799953668
-0.9454983429640381
-0.841465264893006
-0.7518580233955791
-0.8333582354838259
-1.147089698452497
-1.043056620381465
-0.9534493788840382
-0.5494844069641018
-0.863215869932773
-0.759182791861741
-0.669575550364314
-0.41896618667536584
-0.7326976496440372
-0.628664571573005
-0.5390573300755781
-0.45574191890163157
-0.7694733818703029
-0.6654403037992708
-0.5758330623018438
-0.7580923101108877
-1.071823773079559
-0.9677906950085271
-0.8781834535110999
-0.4742184815911636
-0.7879499445598348
-0.6839168664888027
-0.5943096249913757
-0.3437002613024277
-0.657431724271099
-0.553398646200067
-0.46379140470264
-0.3804759935286934
-0.6942074564973645
-0.5901743784263325
-0.5005671369289056
-1.0463411974176682
-1.3600726603863393
-1.2560395823153072
-1.1664323408178803
-0.7624673688979439
-1.0761988318666151
-0.9721657537955831
-0.8825585122981563
-0.6319491486092081
-0.9456806115778794
-0.8416475335068473
-0.7520402920094204
-0.6687248808354737
-0.9824563438041449
-0.8784232657331128
-0.7888160242356859
-0.9539928238848715
-1.2677242868535428
-1.1636912087825106
-1.0740839672850837
-0.6701189953651472
-0.9838504583338185
-0.8798173802627863
-0.7902101387653595
-0.5396007750764115
-0.8533322380450826
-0.7492991599740506
-0.6596919184766237
-0.5763765073026771
-0.8901079702713484
-0.7860748922003162
-0.6964676507028893
-0.7779678627911363
-1.0916993257598075
-0.9876662476887755
-0.8980590061913487
-0.494094034271412
-0.8078254972400833
-0.7037924191690511
-0.6141851776716243
-0.36357581398267624
-0.6773072769513474
-0.5732741988803154
-0.48366695738288845
-0.4003515462089419
-0.714083009177613
-0.610049931106581
-0.5204426896091541
-1.032967428351321
-1.3466988913199924
-1.2426658132489603
-1.1530585717515336
-0.7490935998315971
-1.0628250628002682
-0.9587919847292361
-0.8691847432318092
-0.6185753795428611
-0.9323068425115323
-0.8282737644405003
-0.7386665229430733
-0.6553511117691267
-0.9690825747377979
-0.8650494966667659
-0.775442255169339
-1.3212163156581014
-1.6349477786267725
-1.5309147005557406
-1.4413074590583137
-1.0373424871383772
-1.3510739501070486
-1.2470408720360162
-1.1574336305385895
-0.9068242668496415
-1.2205557298183127
-1.1165226517472808
-1.0269154102498539
-0.9435999990759072
-1.2573314620445784
-1.1532983839735462
-1.0636911424761195
-1.2288679421253048
-1.5425994050939762
-1.438566327022944
-1.3489590855255171
-0.9449941136055805
-1.2587255765742518
-1.1546924985032196
-1.065085257005793
-0.8144758933168449
-1.1282073562855162
-1.024174278214484
-0.9345670367170572
-0.8512516255431105
-1.1649830885117816
-1.0609500104407497
-0.9713427689433228
-1.0528429810315696
-1.366574444000241
-1.2625413659292086
-1.172934124431782
-0.7689691525118455
-1.0827006154805168
-0.9786675374094846
-0.8890602959120577
-0.6384509322231097
-0.9521823951917808
-0.8481493171207487
-0.7585420756233218
-0.6752266644493753
-0.9889581274180465
-0.8849250493470142
-0.7953178078495874
-0.7185966322561367
-1.032328095224808
-0.9282950171537758
-0.8386877756563488
-0.4347228037364123
-0.7484542667050835
-0.6444211886340515
-0.5548139471366246
-0.3042045834476765
-0.6179360464163478
-0.5139029683453157
-0.42429572684788874
-0.340980315673942
-0.6547117786426133
-0.5506787005715812
-0.4610714590741543
-1.0068455195629165
-1.320576982531588
-1.216543904460556
-1.1269366629631292
-0.7229716910431927
-1.0367031540118634
-0.9326700759408317
-0.8430628344434048
-0.5924534707544569
-0.9061849337231281
-0.802151855652096
-0.7125446141546691
-0.6292292029807224
-0.9429606659493937
-0.8389275878783615
-0.7493203463809346
-0.91449714603012
-1.2282286089987913
-1.1241955309277594
-1.0345882894303327
-0.630623317510396
-0.9443547804790672
-0.840321702408035
-0.7507144609106081
-0.5001050972216602
-0.8138365601903315
-0.7098034821192993
-0.6201962406218724
-0.5368808294479258
-0.8506122924165971
-0.746579214345565
-0.656971972848138
-0.738472184936385
-1.0522036479050563
-0.9481705698340241
-0.8585633283365974
-0.45459835641666074
-0.7683298193853321
-0.6642967413142999
-0.574689499816873
-0.32408013612792486
-0.6378115990965962
-0.5337785210255641
-0.4441712795281372
-0.36085586835419053
-0.6745873313228619
-0.5705542532518297
-0.48094701175440274
-0.9615592990155042
-1.2752907619841753
-1.171257683913143
-1.0816504424157163
-0.6776854704957802
-0.9914169334644511
-0.8873838553934191
-0.7977766138959923
-0.5471672502070444
-0.8608987131757155
-0.7568656351046834
-0.6672583936072565
-0.5839429824333099
-0.8976744454019812
-0.7936413673309491
-0.7040341258335222
-1.2498081863222843
-1.5635396492909557
-1.4595065712199236
-1.3698993297224964
-0.9659343578025602
-1.2796658207712313
-1.1756327427001991
-1.0860255012027724
-0.8354161375138246
-1.1491476004824956
-1.0451145224114637
-0.9555072809140368
-0.8721918697400901
-1.1859233327087613
-1.0818902546377291
-0.9922830131403023
-1.1574598127894877
-1.4711912757581593
-1.367158197687127
-1.2775509561897
-0.8735859842697636
-1.187317447238435
-1.0832843691674028
-0.9936771276699761
-0.743067763981028
-1.056799226949699
-0.9527661488786671
-0.8631589073812403
-0.7798434962072937
-1.0935749591759647
-0.9895418811049326
-0.8999346396075059
-0.9814348516957526
-1.295166314664424
-1.1911332365933918
-1.1015259950959648
-0.6975610231760286
-1.0112924861446997
-0.9072594080736677
-0.8176521665762407
-0.5670428028872927
-0.880774265855964
-0.7767411877849318
-0.6871339462875049
-0.6038185351135583
-0.9175499980822297
-0.8135169200111975
-0.7239096785137706
-0.9061689263228145
-1.219900389291486
-1.1158673112204538
-1.0262600697230269
-0.6222950978030903
-0.9360265607717615
-0.8319934827007295
-0.7423862412033025
-0.49177687751435456
-0.8055083404830259
-0.7014752624119938
-0.6118680209145668
-0.5285526097406202
-0.8422840727092913
-0.7382509946382593
-0.6486437531408323
-1.1944178136295946
-1.5081492765982663
-1.4041161985272341
-1.3145089570298072
-0.9105439851098707
-1.2242754480785418
-1.1202423700075097
-1.0306351285100828
-0.780025764821135
-1.0937572277898064
-0.9897241497187742
-0.9001169082213472
-0.8168014970474006
-1.1305329600160718
-1.0264998819450397
-0.9368926404476129
-1.1020694400967983
-1.4158009030654697
-1.3117678249944376
-1.2221605834970106
-0.8181956115770742
-1.1319270745457453
-1.0278939964747134
-0.9382867549772864
-0.6876773912883383
-1.0014088542570097
-0.8973757761859774
-0.8077685346885505
-0.7244531235146039
-1.038184586483275
-0.9341515084122431
-0.8445442669148161
-0.9260444790030632
-1.2397759419717342
-1.1357428639007021
-1.0461356224032754
-0.6421706504833388
-0.95590211345201
-0.8518690353809779
-0.762261793883551
-0.5116524301946029
-0.8253838931632742
-0.7213508150922422
-0.6317435735948151
-0.5484281624208687
-0.8621596253895398
-0.7581265473185078
-0.6685193058210808
-1.181044044563248
-1.4947755075319191
-1.390742429460887
-1.30113518796346
-0.8971702160435239
-1.210901679012195
-1.1068686009411628
-1.0172613594437359
-0.766651995754788
-1.0803834587234593
-0.9763503806524272
-0.8867431391550002
-0.8034277279810537
-1.117159190949725
-1.0131261128786928
-0.9235188713812658
-1.469292931870028
-1.7830243948386997
-1.6789913167676673
-1.5893840752702404
-1.1854191033503039
-1.4991505663189753
-1.3951174882479431
-1.3055102467505164
-1.0549008830615683
-1.3686323460302396
-1.2645992679592073
-1.1749920264617806
-1.0916766152878339
-1.405408078256505
-1.301375000185473
-1.211767758688046
-1.3769445583372317
-1.6906760213059029
-1.5866429432348708
-1.497035701737444
-1.0930707298175075
-1.4068021927861787
-1.3027691147151466
-1.2131618732177198
-0.9625525095287718
-1.2762839724974429
-1.1722508944264107
-1.082643652928984
-0.9993282417550372
-1.3130597047237085
-1.2090266266526764
-1.1194193851552496
-1.2009195972434963
-1.5146510602121677
-1.4106179821411355
-1.3210107406437086
-0.9170457687237722
-1.2307772316924435
-1.1267441536214111
-1.0371369121239844
-0.7865275484350365
-1.1002590114037076
-0.9962259333326755
-0.9066186918352486
-0.8233032806613022
-1.1370347436299735
-1.0330016655589411
-0.9433944240615143
-0.8666732484680633
-1.1804047114367344
-1.0763716333657023
-0.9867643918682755
-0.5827994199483391
-0.8965308829170102
-0.7924978048459783
-0.7028905633485514
-0.4522811996596033
-0.7660126626282746
-0.6619795845572425
-0.5723723430598155
-0.48905693188586896
-0.8027883948545401
-0.6987553167835081
-0.6091480752860812
-1.1549221357748434
-1.4686535987435148
-1.3646205206724826
-1.275013279175056
-0.8710483072551192
-1.1847797702237903
-1.0807466921527584
-0.9911394506553314
-0.7405300869663837
-1.0542615499350547
-0.9502284718640229
-0.8606212303665959
-0.7773058191926492
-1.0910372821613206
-0.9870042040902883
-0.8973969625928614
-1.0625737622420468
-1.376305225210718
-1.2722721471396863
-1.1826649056422591
-0.7786999337223228
-1.0924313966909938
-0.9883983186199616
-0.8987910771225349
-0.648181713433587
-0.9619131764022583
-0.8578800983312261
-0.7682728568337991
-0.6849574456598526
-0.998688908628524
-0.8946558305574918
-0.8050485890600648
-0.8865488011483116
-1.2002802641169827
-1.0962471860459508
-1.0066399445485241
-0.6026749726285875
-0.9164064355972588
-0.8123733575262267
-0.7227661160287998
-0.4721567523398517
-0.785888215308523
-0.6818551372374909
-0.5922478957400639
-0.5089324845661174
-0.8226639475347887
-0.7186308694637565
-0.6290236279663295
-0.8446656521258342
-1.1583971150945056
-1.0543640370234737
-0.9647567955260465
-0.5607918236061104
-0.8745232865747816
-0.7704902085037494
-0.6808829670063224
-0.4302736033173745
-0.7440050662860457
-0.6399719882150136
-0.5503647467175866
-0.46704933554364014
-0.7807807985123114
-0.6767477204412792
-0.5871404789438524
-1.1329145394326143
-1.4466460024012857
-1.3426129243302536
-1.2530056828328269
-0.8490407109128904
-1.1627721738815615
-1.0587390958105294
-0.9691318543131026
-0.7185224906241549
-1.032253953592826
-0.9282208755217938
-0.838613634024367
-0.7552982228504204
-1.0690296858190915
-0.9649966077480594
-0.8753893662506327
-1.0405661658998178
-1.3542976288684894
-1.2502645507974572
-1.16065730930003
-0.756692337380094
-1.070423800348765
-0.966390722277733
-0.8767834807803063
-0.6261741170913582
-0.9399055800600293
-0.8358725019889973
-0.7462652604915704
-0.6629498493176239
-0.9766813122862948
-0.8726482342152629
-0.783040992717836
-0.8645412048060828
-1.1782726677747541
-1.074239589703722
-0.984632348206295
-0.5806673762863587
-0.8943988392550299
-0.7903657611839978
-0.7007585196865709
-0.45014915599762284
-0.7638806189662941
-0.659847540895262
-0.570240299397835
-0.4869248882238886
-0.8006563511925598
-0.6966232731215276
-0.6070160316241008
-0.7892752794331447
-1.103006742401816
-0.9989736643307839
-0.9093664228333569
-0.5054014509134205
-0.8191329138820919
-0.7150998358110595
-0.6254925943136327
-0.37488323062468476
-0.6886146935933559
-0.5845816155223238
-0.494974374024897
-0.4116589628509504
-0.7253904258196215
-0.6213573477485895
-0.5317501062511626
-1.0775241667399251
-1.3912556297085963
-1.2872225516375642
-1.1976153101401372
-0.7936503382202007
-1.107381801188872
-1.00334872311784
-0.9137414816204131
-0.663132117931465
-0.9768635809001364
-0.8728305028291041
-0.7832232613316773
-0.6999078501577306
-1.0136393131264019
-0.9096062350553697
-0.8199989935579428
-0.9851757932071284
-1.2989072561757997
-1.1948741781047676
-1.1052669366073409
-0.7013019646874042
-1.0150334276560755
-0.9110003495850433
-0.8213931080876165
-0.5707837443986684
-0.8845152073673395
-0.7804821292963076
-0.6908748877988806
-0.607559476624934
-0.9212909395936052
-0.8172578615225732
-0.7276506200251462
-0.8091508321133934
-1.1228822950820645
-1.0188492170110326
-0.9292419755136055
-0.5252770035936689
-0.8390084665623402
-0.7349753884913081
-0.6453681469938811
-0.39475878330493314
-0.7084902462736044
-0.6044571682025722
-0.5148499267051454
-0.43153451553119887
-0.74526597849987
-0.641232900428838
-0.5516256589314111
-1.064150397673578
-1.3778818606422494
-1.2738487825712173
-1.1842415410737903
-0.7802765691538539
-1.0940080321225252
-0.989974954051493
-0.9003677125540661
-0.6497583488651181
-0.9634898118337895
-0.8594567337627571
-0.7698494922653303
-0.6865340810913838
-1.000265544060055
-0.8962324659890228
-0.8066252244915959
-1.3523992849803583
-1.6661307479490297
-1.5620976698779976
-1.4724904283805706
-1.0685254564606341
-1.3822569194293053
-1.2782238413582732
-1.1886165998608462
-0.9380072361718985
-1.2517386991405697
-1.1477056210695378
-1.0580983795721108
-0.9747829683981641
-1.2885144313668353
-1.1844813532958032
-1.0948741117983765
-1.2600509114475618
-1.5737823744162331
-1.469749296345201
-1.380142054847774
-0.9761770829278377
-1.2899085458965087
-1.1858754678254768
-1.0962682263280499
-0.8456588626391017
-1.159390325607773
-1.055357247536741
-0.9657500060393142
-0.8824345948653675
-1.1961660578340385
-1.0921329797630068
-1.0025257382655797
-1.0840259503538268
-1.3977574133224977
-1.2937243352514656
-1.2041170937540389
-0.8001521218341024
-1.1138835848027737
-1.0098505067317416
-0.9202432652343147
-0.6696339015453665
-0.9833653645140378
-0.8793322864430057
-0.7897250449455787
-0.7064096337716322
-1.0201410967403035
-0.9161080186692714
-0.8265007771718443
-0.7497796015783935
-1.063511064547065
-0.9594779864760327
-0.8698707449786056
-0.46590577305866926
-0.7796372360273405
-0.6756041579563083
-0.5859969164588815
-0.3353875527699334
-0.6491190157386048
-0.5450859376675726
-0.45547869617014564
-0.37216328499619905
-0.6858947479648704
-0.5818616698938383
-0.4922544283964113
-1.0380284888851734
-1.351759951853845
-1.2477268737828127
-1.158119632285386
-0.7541546603654495
-1.0678861233341204
-0.9638530452630887
-0.8742458037656617
-0.6236364400767137
-0.9373679030453851
-0.833334824974353
-0.743727583476926
-0.6604121723029794
-0.9741436352716506
-0.8701105572006185
-0.7805033157031915
-0.945680115352377
-1.259411578321048
-1.1553785002500163
-1.0657712587525892
-0.661806286832653
-0.9755377498013243
-0.871504671730292
-0.7818974302328652
-0.5312880665439171
-0.8450195295125884
-0.7409864514415563
-0.6513792099441293
-0.5680637987701828
-0.881795261738854
-0.7777621836678219
-0.688154942170395
-0.7696551542586421
-1.0833866172273132
-0.9793535391562811
-0.8897462976588543
-0.4857813257389177
-0.799512788707589
-0.6954797106365568
-0.60587246913913
-0.3552631054501818
-0.6689945684188532
-0.564961490347821
-0.47535424885039407
-0.3920388376764475
-0.7057703006451188
-0.6017372225740867
-0.5121299810766597
-1.0817030124367397
-1.3954344754054109
-1.2914013973343785
-1.2017941558369518
-0.7978291839170154
-1.1115606468856865
-1.0075275688146546
-0.9179203273172277
-0.6673109636282796
-0.9810424265969507
-0.8770093485259186
-0.7874021070284918
-0.7040866958545452
-1.0178181588232162
-0.9137850807521843
-0.8241778392547574
-1.3699518997435198
-1.6836833627121908
-1.579650284641159
-1.490043043143732
-1.0860780712237954
-1.3998095341924666
-1.2957764561214347
-1.2061692146240077
-0.9555598509350597
-1.2692913139037312
-1.165258235832699
-1.075650994335272
-0.9923355831613252
-1.3060670461299964
-1.2020339680589647
-1.1124267265615375
-1.2776035262107233
-1.5913349891793944
-1.4873019111083623
-1.3976946696109356
-0.993729697690999
-1.30746116065967
-1.2034280825886383
-1.1138208410912112
-0.863211477402263
-1.1769429403709344
-1.0729098622999023
-0.9833026208024753
-0.8999872096285286
-1.2137186725972
-1.1096855945261677
-1.020078353028741
-1.1015785651169876
-1.4153100280856592
-1.311276950014627
-1.2216697085172001
-0.8177047365972637
-1.1314361995659348
-1.0274031214949026
-0.9377958799974762
-0.687186516308528
-1.0009179792771992
-0.8968849012061672
-0.8072776597087403
-0.7239622485347937
-1.0376937115034648
-0.9336606334324329
-0.844053391935006
-1.02631263974405
-1.3400441027127212
-1.236011024641689
-1.1464037831442624
-0.7424388112243256
-1.0561702741929968
-0.9521371961219649
-0.8625299546245377
-0.6119205909355898
-0.9256520539042611
-0.821618975833229
-0.732011734335802
-0.6486963231618553
-0.9624277861305267
-0.8583947080594946
-0.7687874665620678
-1.3145615270508302
-1.6282929900195013
-1.5242599119484694
-1.4346526704510425
-1.030687698531106
-1.3444191614997771
-1.240386083428745
-1.1507788419313183
-0.9001694782423703
-1.2139009412110415
-1.1098678631400094
-1.0202606216425827
-0.9369452104686358
-1.250676673437307
-1.146643595366275
-1.057036353868848
-1.2222131535180336
-1.5359446164867048
-1.4319115384156729
-1.342304296918246
-0.9383393249983093
-1.2520707879669803
-1.1480377098959487
-1.0584304683985215
-0.8078211047095737
-1.121552567678245
-1.0175194896072128
-0.9279122481097858
-0.8445968369358392
-1.1583282999045104
-1.0542952218334782
-0.9646879803360514
-1.0461881924242982
-1.3599196553929696
-1.2558865773219374
-1.1662793358245107
-0.7623143639045741
-1.0760458268732451
-0.9720127488022134
-0.8824055073047863
-0.6317961436158382
-0.9455276065845094
-0.8414945285134774
-0.7518872870160505
-0.6685718758421039
-0.9823033388107753
-0.878270260739743
-0.7886630192423162
-1.3011877579844835
-1.6149192209531544
-1.5108861428821225
-1.4212789013846956
-1.017313929464759
-1.3310453924334302
-1.2270123143623983
-1.1374050728649714
-0.8867957091760231
-1.2005271721446944
-1.0964940940736625
-1.0068868525762353
-0.9235714414022889
-1.23730290437096
-1.133269826299928
-1.0436625848025012
-1.5894366452912636
-1.903168108259935
-1.7991350301889026
-1.709527788691476
-1.3055628167715394
-1.6192942797402103
-1.5152612016691784
-1.4256539601717515
-1.1750445964828036
-1.488776059451475
-1.3847429813804428
-1.295135739883016
-1.2118203287090692
-1.5255517916777404
-1.4215187136067082
-1.3319114721092813
-1.497088271758467
-1.8108197347271382
-1.706786656656106
-1.6171794151586791
-1.2132144432387426
-1.5269459062074138
-1.422912828136382
-1.333305586638955
-1.082696222950007
-1.3964276859186782
-1.292394607847646
-1.202787366350219
-1.1194719551762724
-1.4332034181449436
-1.3291703400739117
-1.2395630985764847
-1.3210633106647318
-1.6347947736334028
-1.5307616955623706
-1.441154454064944
-1.0371894821450074
-1.3509209451136786
-1.2468878670426466
-1.1572806255452197
-0.9066712618562717
-1.2204027248249427
-1.116369646753911
-1.026762405256484
-0.9434469940825374
-1.2571784570512086
-1.1531453789801767
-1.0635381374827497
-0.9868169618892985
-1.30054842485797
-1.1965153467869378
-1.1069081052895107
-0.7029431333695744
-1.0166745963382453
-0.9126415182672136
-0.8230342767697866
-0.5724249130808385
-0.8861563760495098
-0.7821232979784777
-0.6925160564810507
-0.6092006453071042
-0.9229321082757754
-0.8188990302047433
-0.7292917887073164
-1.275065849196079
-1.5887973121647498
-1.4847642340937182
-1.395156992596291
-0.9911920206763544
-1.3049234836450259
-1.2008904055739937
-1.111283164076567
-0.8606738003876188
-1.1744052633562898
-1.0703721852852581
-0.9807649437878311
-0.8974495326138845
-1.2111809955825557
-1.1071479175115235
-1.0175406760140968
-1.1827174756632821
-1.4964489386319535
-1.3924158605609214
-1.3028086190634942
-0.8988436471435579
-1.2125751101122293
-1.1085420320411972
-1.01893479054377
-0.7683254268548222
-1.0820568898234935
-0.9780238117524613
-0.8884165702550346
-0.8051011590810878
-1.1188326220497589
-1.014799543978727
-0.9251923024813004
-1.0066925145695467
-1.3204239775382178
-1.2163908994671861
-1.126783657969759
-0.7228186860498228
-1.0365501490184936
-0.932517070947462
-0.842909829450035
-0.592300465761087
-0.9060319287297581
-0.8019988506587261
-0.7123916091612992
-0.6290761979873526
-0.942807660956024
-0.8387745828849917
-0.7491673413875649
