-0.6196023202911615
-0.6935814093158711
-0.5850207538016899
-0.612457550646862
-0.6340220950607495
-0.7080011840854589
-0.5994405285712779
-0.6268773254164497
-0.8498932069674743
-0.9238722959921837
-0.815311640478003
-0.8427484373231748
-0.9934423494633666
-1.067421438488076
-0.9588607829738951
-0.9862975798190672
-0.48103868386171583
-0.5550177728864251
-0.44645711737224425
-0.47389391421741617
-0.49545845863130367
-0.5694375476560131
-0.4608768921418321
-0.48831368898700406
-0.7113295705380287
-0.7853086595627379
-0.6767480040485572
-0.704184800893729
-0.8548787130339208
-0.9288578020586302
-0.8202971465444495
-0.8477339433896213
-0.7322039567066206
-0.8061830457313302
-0.6976223902171493
-0.725059187062321
-0.7466237314762086
-0.8206028205009178
-0.7120421649867371
-0.7394789618319089
-0.9624948433829335
-1.0364739324076429
-0.9279132768934623
-0.955350073738634
-1.1060439858788258
-1.1800230749035352
-1.0714624193893543
-1.0988992162345264
-0.896703427304466
-0.9706825163291751
-0.8621218608149944
-0.8895586576601662
-0.9111232020740538
-0.985102291098763
-0.8765416355845823
-0.9039784324297542
-1.1269943139807788
-1.2009734030054882
-1.0924127474913072
-1.119849544336479
-1.2705434564766713
-1.3445225455013805
-1.2359618899871994
-1.2633986868323717
-0.7718751978138603
-0.8458542868385696
-0.7372936313243887
-0.7647304281695607
-0.786294972583448
-0.8602740616081573
-0.7517134060939766
-0.7791502029391485
-1.002166084490173
-1.0761451735148824
-0.9675845180007017
-0.9950213148458735
-1.1457152269860655
-1.2196943160107747
-1.111133660496594
-1.138570457341766
-0.6333115613844144
-0.7072906504091239
-0.5987299948949427
-0.6261667917401149
-0.6477313361540024
-0.7217104251787116
-0.6131497696645307
-0.6405865665097027
-0.8636024480607273
-0.9375815370854367
-0.829020881571256
-0.8564576784164277
-1.0071515905566197
-1.081130679581329
-0.9725700240671481
-1.00000682091232
-0.8844768342293194
-0.9584559232540287
-0.8498952677398479
-0.8773320645850198
-0.8988966089989071
-0.9728756980236165
-0.8643150425094357
-0.8917518393546077
-1.1147677209056324
-1.1887468099303418
-1.0801861544161606
-1.107622951261333
-1.2583168634015247
-1.3322959524262337
-1.2237352969120527
-1.251172093757225
-1.0489763048271645
-1.1229553938518742
-1.0143947383376932
-1.0418315351828649
-1.0633960795967523
-1.1373751686214617
-1.0288145131072808
-1.0562513099524529
-1.279267191503478
-1.3532462805281869
-1.244685625014006
-1.2721224218591785
-1.4228163339993702
-1.4967954230240794
-1.3882347675098985
-1.4156715643550706
-1.0449785299719936
-1.118957618996703
-1.010396963482522
-1.0378337603276941
-1.0593983047415814
-1.133377393766291
-1.02481673825211
-1.052253535097282
-1.2752694166483063
-1.3492485056730155
-1.2406878501588348
-1.2681246470040068
-1.4188185591441986
-1.4927976481689078
-1.3842369926547269
-1.4116737894998992
-0.9064148935425478
-0.9803939825672572
-0.8718333270530765
-0.8992701238982482
-0.9208346683121357
-0.9948137573368451
-0.8862531018226641
-0.9136898986678362
-1.1367057802188607
-1.2106848692435697
-1.1021242137293892
-1.129561010574561
-1.280254922714753
-1.3542340117394622
-1.2456733562252813
-1.2731101530704534
-1.1575801663874528
-1.231559255412162
-1.1229985998979812
-1.150435396743153
-1.1719999411570405
-1.24597903018175
-1.137418374667569
-1.1648551715127409
-1.3878710530637655
-1.4618501420884749
-1.3532894865742937
-1.380726283419466
-1.5314201955596578
-1.6053992845843672
-1.496838629070186
-1.5242754259153584
-1.322079636985298
-1.3960587260100075
-1.2874980704958263
-1.3149348673409984
-1.3364994117548858
-1.4104785007795955
-1.3019178452654143
-1.3293546421105864
-1.5523705236616108
-1.6263496126863202
-1.5177889571721392
-1.5452257540173113
-1.6959196661575033
-1.7698987551822125
-1.6613380996680316
-1.688774896513204
-0.8833065329843299
-0.9572856220090393
-0.8487249664948584
-0.8761617633400304
-0.8977263077539177
-0.9717053967786271
-0.8631447412644463
-0.8905815381096182
-1.1135974196606426
-1.1875765086853523
-1.079015853171171
-1.106452650016343
-1.2571465621565354
-1.3311256511812446
-1.2225649956670637
-1.2500017925122358
-0.7447428965548841
-0.8187219855795935
-0.7101613300654127
-0.7375981269105847
-0.759162671324472
-0.8331417603491814
-0.7245811048350005
-0.7520179016801725
-0.9750337832311969
-1.0490128722559064
-0.9404522167417255
-0.9678890135868975
-1.1185829257270892
-1.1925620147517988
-1.0840013592376179
-1.1114381560827897
-0.995908169399789
-1.0698872584244985
-0.9613266029103176
-0.9887633997554895
-1.0103279441693769
-1.0843070331940863
-0.9757463776799055
-1.0031831745250774
-1.226199056076102
-1.3001781451008112
-1.1916174895866303
-1.2190542864318024
-1.3697481985719944
-1.4437272875967038
-1.3351666320825226
-1.362603428927695
-1.1604076399976344
-1.2343867290223436
-1.1258260735081627
-1.1532628703533347
-1.1748274147672224
-1.2488065037919316
-1.1402458482777504
-1.1676826451229227
-1.3906985266739476
-1.464677615698657
-1.3561169601844758
-1.3835537570296481
-1.53424766916984
-1.6082267581945493
-1.4996661026803682
-1.5271028995255402
-0.4987319063603854
-0.5727109953850947
-0.46415033987091386
-0.4915871367160858
-0.5131516811299732
-0.5871307701546826
-0.47857011464050175
-0.5060069114856737
-0.7290227930366983
-0.8030018820614077
-0.694441226547227
-0.7218780233923988
-0.8725719355325904
-0.9465510245573
-0.8379903690431191
-0.8654271658882908
-0.3601682699309397
-0.4341473589556491
-0.3255867034414681
-0.35302350028664004
-0.37458804470052753
-0.44856713372523693
-0.340006478211056
-0.36744327505622787
-0.5904591566072525
-0.6644382456319619
-0.555877590117781
-0.583314386962953
-0.7340082991031448
-0.8079873881278542
-0.6994267326136733
-0.7268635294588452
-0.6113335427758445
-0.6853126318005541
-0.5767519762863731
-0.6041887731315451
-0.6257533175454324
-0.6997324065701419
-0.591171751055961
-0.6186085479011328
-0.8416244294521574
-0.9156035184768669
-0.8070428629626859
-0.834479659807858
-0.9851735719480496
-1.059152660972759
-0.9505920054585782
-0.9780288023037501
-0.7758330133736899
-0.8498121023983991
-0.7412514468842184
-0.7686882437293902
-0.7902527881432776
-0.864231877167987
-0.7556712216538061
-0.7831080184989782
-1.0061239000500026
-1.0801029890747122
-0.9715423335605312
-0.998979130405703
-1.149673042545895
-1.2236521315706042
-1.1150914760564234
-1.1425282729015955
-0.651004783883084
-0.7249838729077935
-0.6164232173936127
-0.6438600142387846
-0.6654245586526719
-0.7394036476773813
-0.6308429921632005
-0.6582797890083724
-0.881295670559397
-0.9552747595841065
-0.8467141040699254
-0.8741509009150975
-1.0248448130552892
-1.0988239020799986
-0.9902632465658178
-1.0177000434109895
-0.5124411474536383
-0.5864202364783477
-0.47785958096416675
-0.5052963778093388
-0.5268609222232261
-0.6008400112479355
-0.4922793557337546
-0.5197161525789266
-0.7427320341299511
-0.8167111231546607
-0.7081504676404797
-0.7355872644856517
-0.8862811766258435
-0.9602602656505528
-0.851699610136372
-0.8791364069815438
-0.7636064202985433
-0.8375855093232526
-0.7290248538090719
-0.7564616506542438
-0.7780261950681311
-0.8520052840928405
-0.7434446285786596
-0.7708814254238316
-0.9938973069748561
-1.0678763959995656
-0.9593157404853847
-0.9867525373305566
-1.1374464494707484
-1.2114255384954578
-1.1028648829812768
-1.1303016798264487
-0.9281058908963884
-1.002084979921098
-0.893524324406917
-0.920961121252089
-0.9425256656659763
-1.0165047546906858
-0.9079440991765048
-0.9353808960216767
-1.1583967775727015
-1.232375866597411
-1.1238152110832298
-1.1512520079284019
-1.3019459200685939
-1.3759250090933033
-1.2673643535791221
-1.2948011504242944
-0.9241081160412176
-0.998087205065927
-0.889526549551746
-0.9169633463969179
-0.9385278908108052
-1.0125069798355146
-0.9039463243213338
-0.9313831211665058
-1.1543990027175302
-1.2283780917422396
-1.1198174362280586
-1.1472542330732307
-1.2979481452134223
-1.371927234238132
-1.2633665787239508
-1.2908033755691228
-0.7855444796117718
-0.8595235686364812
-0.7509629131223003
-0.7783997099674722
-0.7999642543813595
-0.8739433434060689
-0.765382687891888
-0.7928194847370601
-1.0158353662880846
-1.089814455312794
-0.9812537997986132
-1.0086905966437851
-1.1593845087839767
-1.233363597808686
-1.1248029422945052
-1.1522397391396773
-1.0367097524566766
-1.110688841481386
-1.0021281859672053
-1.0295649828123772
-1.0511295272262644
-1.1251086162509738
-1.016547960736793
-1.043984757581965
-1.2670006391329893
-1.3409797281576987
-1.2324190726435176
-1.2598558694886899
-1.4105497816288817
-1.484528870653591
-1.37596821513941
-1.403405011984582
-1.201209223054522
-1.2751883120792313
-1.1666276565650504
-1.1940644534102225
-1.2156289978241097
-1.2896080868488191
-1.181047431334638
-1.2084842281798103
-1.4315001097308349
-1.5054791987555443
-1.396918543241363
-1.4243553400865352
-1.575049252226727
-1.6490283412514364
-1.5404676857372552
-1.5679044825824275
-0.7624361190535538
-0.8364152080782632
-0.7278545525640824
-0.7552913494092544
-0.7768558938231416
-0.8508349828478511
-0.7422743273336702
-0.7697111241788421
-0.9927270057298666
-1.066706094754576
-0.9581454392403952
-0.9855822360855672
-1.1362761482257588
-1.210255237250468
-1.1016945817362873
-1.1291313785814594
-0.6238724826241081
-0.6978515716488174
-0.5892909161346365
-0.6167277129798084
-0.6382922573936959
-0.7122713464184052
-0.6037106909042244
-0.6311474877493963
-0.8541633693004209
-0.9281424583251303
-0.8195818028109495
-0.8470185996561214
-0.9977125117963133
-1.0716916008210227
-0.9631309453068417
-0.9905677421520136
-0.875037755469013
-0.9490168444937225
-0.8404561889795414
-0.8678929858247134
-0.8894575302386009
-0.9634366192633101
-0.8548759637491293
-0.8823127605943013
-1.105328642145326
-1.179307731170035
-1.0707470756558544
-1.0981838725010262
-1.2488777846412182
-1.3228568736659274
-1.2142962181517463
-1.2417330149969186
-1.0395372260668583
-1.1135163150915675
-1.0049556595773868
-1.0323924564225586
-1.053957000836446
-1.1279360898611555
-1.0193754343469745
-1.0468122311921464
-1.2698281127431712
-1.3438072017678806
-1.2352465462536995
-1.2626833430988718
-1.4133772552390635
-1.487356344263773
-1.378795688749592
-1.406232485594764
-0.4987319063603854
-0.5727109953850947
-0.46415033987091386
-0.4915871367160858
-0.5131516811299732
-0.5871307701546826
-0.47857011464050175
-0.5060069114856737
-0.7290227930366983
-0.8030018820614077
-0.694441226547227
-0.7218780233923988
-0.8725719355325904
-0.9465510245573
-0.8379903690431191
-0.8654271658882908
-0.3601682699309397
-0.4341473589556491
-0.3255867034414681
-0.35302350028664004
-0.37458804470052753
-0.44856713372523693
-0.340006478211056
-0.36744327505622787
-0.5904591566072525
-0.6644382456319619
-0.555877590117781
-0.583314386962953
-0.7340082991031448
-0.8079873881278542
-0.6994267326136733
-0.7268635294588452
-0.6113335427758445
-0.6853126318005541
-0.5767519762863731
-0.6041887731315451
-0.6257533175454324
-0.6997324065701419
-0.591171751055961
-0.6186085479011328
-0.8416244294521574
-0.9156035184768669
-0.8070428629626859
-0.834479659807858
-0.9851735719480496
-1.059152660972759
-0.9505920054585782
-0.9780288023037501
-0.7758330133736899
-0.8498121023983991
-0.7412514468842184
-0.7686882437293902
-0.7902527881432776
-0.864231877167987
-0.7556712216538061
-0.7831080184989782
-1.0061239000500026
-1.0801029890747122
-0.9715423335605312
-0.998979130405703
-1.149673042545895
-1.2236521315706042
-1.1150914760564234
-1.1425282729015955
-0.651004783883084
-0.7249838729077935
-0.6164232173936127
-0.6438600142387846
-0.6654245586526719
-0.7394036476773813
-0.6308429921632005
-0.6582797890083724
-0.881295670559397
-0.9552747595841065
-0.8467141040699254
-0.8741509009150975
-1.0248448130552892
-1.0988239020799986
-0.9902632465658178
-1.0177000434109895
-0.5124411474536383
-0.5864202364783477
-0.47785958096416675
-0.5052963778093388
-0.5268609222232261
-0.6008400112479355
-0.4922793557337546
-0.5197161525789266
-0.7427320341299511
-0.8167111231546607
-0.7081504676404797
-0.7355872644856517
-0.8862811766258435
-0.9602602656505528
-0.851699610136372
-0.8791364069815438
-0.7636064202985433
-0.8375855093232526
-0.7290248538090719
-0.7564616506542438
-0.7780261950681311
-0.8520052840928405
-0.7434446285786596
-0.7708814254238316
-0.9938973069748561
-1.0678763959995656
-0.9593157404853847
-0.9867525373305566
-1.1374464494707484
-1.2114255384954578
-1.1028648829812768
-1.1303016798264487
-0.9281058908963884
-1.002084979921098
-0.893524324406917
-0.920961121252089
-0.9425256656659763
-1.0165047546906858
-0.9079440991765048
-0.9353808960216767
-1.1583967775727015
-1.232375866597411
-1.1238152110832298
-1.1512520079284019
-1.3019459200685939
-1.3759250090933033
-1.2673643535791221
-1.2948011504242944
-0.9241081160412176
-0.998087205065927
-0.889526549551746
-0.9169633463969179
-0.9385278908108052
-1.0125069798355146
-0.9039463243213338
-0.9313831211665058
-1.1543990027175302
-1.2283780917422396
-1.1198174362280586
-1.1472542330732307
-1.2979481452134223
-1.371927234238132
-1.2633665787239508
-1.2908033755691228
-0.7855444796117718
-0.8595235686364812
-0.7509629131223003
-0.7783997099674722
-0.7999642543813595
-0.8739433434060689
-0.765382687891888
-0.7928194847370601
-1.0158353662880846
-1.089814455312794
-0.9812537997986132
-1.0086905966437851
-1.1593845087839767
-1.233363597808686
-1.1248029422945052
-1.1522397391396773
-1.0367097524566766
-1.110688841481386
-1.0021281859672053
-1.0295649828123772
-1.0511295272262644
-1.1251086162509738
-1.016547960736793
-1.043984757581965
-1.2670006391329893
-1.3409797281576987
-1.2324190726435176
-1.2598558694886899
-1.4105497816288817
-1.484528870653591
-1.37596821513941
-1.403405011984582
-1.201209223054522
-1.2751883120792313
-1.1666276565650504
-1.1940644534102225
-1.2156289978241097
-1.2896080868488191
-1.181047431334638
-1.2084842281798103
-1.4315001097308349
-1.5054791987555443
-1.396918543241363
-1.4243553400865352
-1.575049252226727
-1.6490283412514364
-1.5404676857372552
-1.5679044825824275
-0.7624361190535538
-0.8364152080782632
-0.7278545525640824
-0.7552913494092544
-0.7768558938231416
-0.8508349828478511
-0.7422743273336702
-0.7697111241788421
-0.9927270057298666
-1.066706094754576
-0.9581454392403952
-0.9855822360855672
-1.1362761482257588
-1.210255237250468
-1.1016945817362873
-1.1291313785814594
-0.6238724826241081
-0.6978515716488174
-0.5892909161346365
-0.6167277129798084
-0.6382922573936959
-0.7122713464184052
-0.6037106909042244
-0.6311474877493963
-0.8541633693004209
-0.9281424583251303
-0.8195818028109495
-0.8470185996561214
-0.9977125117963133
-1.0716916008210227
-0.9631309453068417
-0.9905677421520136
-0.875037755469013
-0.9490168444937225
-0.8404561889795414
-0.8678929858247134
-0.8894575302386009
-0.9634366192633101
-0.8548759637491293
-0.8823127605943013
-1.105328642145326
-1.179307731170035
-1.0707470756558544
-1.0981838725010262
-1.2488777846412182
-1.3228568736659274
-1.2142962181517463
-1.2417330149969186
-1.0395372260668583
-1.1135163150915675
-1.0049556595773868
-1.0323924564225586
-1.053957000836446
-1.1279360898611555
-1.0193754343469745
-1.0468122311921464
-1.2698281127431712
-1.3438072017678806
-1.2352465462536995
-1.2626833430988718
-1.4133772552390635
-1.487356344263773
-1.378795688749592
-1.406232485594764
-0.6412964654949653
-0.7152755545196748
-0.6067148990054938
-0.6341516958506658
-0.6557162402645532
-0.7296953292892626
-0.6211346737750816
-0.6485714706202536
-0.8715873521712781
-0.9455664411959875
-0.8370057856818068
-0.8644425825269786
-1.0151364946671704
-1.0891155836918798
-0.980554928177699
-1.007991725022871
-0.5027328290655196
-0.5767119180902289
-0.468151262576048
-0.4955880594212199
-0.5171526038351074
-0.5911316928598167
-0.4825710373456359
-0.5100078341908078
-0.7330237157418326
-0.8070028047665417
-0.698442149252361
-0.7258789460975328
-0.8765728582377246
-0.9505519472624341
-0.8419912917482534
-0.8694280885934251
-0.7538981019104245
-0.8278771909351339
-0.7193165354209531
-0.7467533322661247
-0.7683178766800122
-0.8422969657047216
-0.7337363101905409
-0.7611731070357127
-0.9841889885867373
-1.0581680776114468
-0.9496074220972658
-0.9770442189424379
-1.1277381310826295
-1.2017172201073392
-1.093156564593158
-1.12059336143833
-0.9183975725082697
-0.992376661532979
-0.8838160060187982
-0.91125280286397
-0.9328173472778577
-1.0067964363025668
-0.8982357807883862
-0.9256725776335579
-1.1486884591845825
-1.222667548209292
-1.114106892695111
-1.1415436895402826
-1.2922376016804753
-1.3662166907051845
-1.2576560351910033
-1.2850928320361759
-0.793569343017664
-0.8675484320423733
-0.7589877765281925
-0.7864245733733646
-0.8079891177872518
-0.8819682068119612
-0.7734075512977804
-0.8008443481429524
-1.023860229693977
-1.0978393187186863
-0.9892786632045054
-1.0167154600496773
-1.167409372189869
-1.2413884612145785
-1.1328278057003975
-1.1602646025455696
-0.6550057065882182
-0.7289847956129276
-0.6204241400987466
-0.6478609369439188
-0.6694254813578061
-0.7434045703825155
-0.6348439148683345
-0.6622807117135066
-0.8852965932645311
-0.9592756822892404
-0.8507150267750597
-0.8781518236202316
-1.0288457357604233
-1.1028248247851329
-0.9942641692709518
-1.0217009661161238
-0.9061709794331232
-0.9801500684578326
-0.8715894129436517
-0.8990262097888236
-0.920590754202711
-0.9945698432274204
-0.8860091877132396
-0.9134459845584114
-1.136461866109436
-1.2104409551341455
-1.1018802996199644
-1.1293170964651364
-1.2800110086053285
-1.3539900976300379
-1.2454294421158567
-1.2728662389610288
-1.0706704500309683
-1.1446495390556777
-1.036088883541497
-1.0635256803866688
-1.085090224800556
-1.1590693138252657
-1.0505086583110848
-1.0779454551562566
-1.3009613367072816
-1.374940425731991
-1.2663797702178097
-1.2938165670629822
-1.4445104792031738
-1.518489568227883
-1.4099289127137022
-1.4373657095588743
-1.0666726751757973
-1.1406517642005067
-1.0320911086863258
-1.059527905531498
-1.0810924499453851
-1.1550715389700945
-1.0465108834559138
-1.0739476803010857
-1.29696356185211
-1.3709426508768194
-1.2623819953626385
-1.2898187922078106
-1.4405127043480024
-1.5144917933727118
-1.4059311378585309
-1.433367934703703
-0.9281090387463515
-1.002088127771061
-0.8935274722568801
-0.9209642691020521
-0.9425288135159395
-1.0165079025406487
-0.907947247026468
-0.93538404387164
-1.1583999254226645
-1.2323790144473739
-1.123818358933193
-1.1512551557783648
-1.3019490679185566
-1.375928156943266
-1.267367501429085
-1.2948042982742571
-1.1792743115912567
-1.253253400615966
-1.144692745101785
-1.172129541946957
-1.193694086360844
-1.2676731753855537
-1.1591125198713728
-1.1865493167165448
-1.4095651982675692
-1.4835442872922786
-1.3749836317780975
-1.4024204286232698
-1.5531143407634616
-1.627093429788171
-1.5185327742739898
-1.5459695711191621
-1.3437737821891018
-1.4177528712138112
-1.3091922156996303
-1.3366290125448022
-1.3581935569586896
-1.432172645983399
-1.3236119904692178
-1.3510487873143902
-1.5740646688654147
-1.6480437578901241
-1.539483102375943
-1.566919899221115
-1.7176138113613069
-1.7915929003860165
-1.6830322448718353
-1.7104690417170074
-0.9050006781881338
-0.9789797672128431
-0.8704191116986623
-0.8978559085438341
-0.9194204529577216
-0.9933995419824309
-0.8848388864682502
-0.9122756833134219
-1.1352915648644464
-1.209270653889156
-1.1007099983749749
-1.128146795220147
-1.278840707360339
-1.3528197963850481
-1.244259140870867
-1.2716959377160395
-0.766437041758688
-0.8404161307833973
-0.7318554752692166
-0.7592922721143884
-0.7808568165282759
-0.8548359055529852
-0.7462752500388042
-0.7737120468839762
-0.9967279284350007
-1.0707070174597102
-0.9621463619455294
-0.9895831587907012
-1.1402770709308927
-1.2142561599556028
-1.1056955044414216
-1.1331323012865935
-1.0176023146035929
-1.0915814036283022
-0.9830207481141214
-1.0104575449592934
-1.0320220893731806
-1.10600117839789
-0.9974405228837092
-1.0248773197288812
-1.2478932012799058
-1.321872290304615
-1.213311634790434
-1.240748431635606
-1.3914423437757981
-1.4654214328005073
-1.3568607772863264
-1.3842975741314985
-1.1821017852014384
-1.2560808742261473
-1.1475202187119666
-1.1749570155571385
-1.196521559971026
-1.2705006489957353
-1.1619399934815542
-1.1893767903267265
-1.4123926718777513
-1.4863717609024605
-1.3778111053882796
-1.4052479022334516
-1.5559418143736437
-1.629920903398353
-1.521360247884172
-1.5487970447293442
