-0.8852708863441561
-1.0672228357009585
-0.9491683654357589
-0.8529508060126052
-0.900245253708262
-1.0821972030650642
-0.9641427327998648
-0.867925173376711
-0.7816753561483425
-0.9636273055051446
-0.8455728352399453
-0.7493552758167914
-1.0310507376371922
-1.2130026869939945
-1.0949482167287947
-0.998730657305641
-0.8024119108698923
-0.9843638602266944
-0.8663093899614951
-0.7700918305383412
-0.8173862782339983
-0.9993382275908004
-0.881283757325601
-0.7850661979024472
-0.6988163806740786
-0.8807683300308808
-0.7627138597656813
-0.6664963003425275
-0.9481917621629282
-1.1301437115197306
-1.012089241254531
-0.9158716818313772
-0.9665638442271401
-1.1485157935839427
-1.030461323318743
-0.9342437638955893
-0.9815382115912462
-1.1634901609480486
-1.045435690682849
-0.9492181312596952
-0.8629683140313265
-1.0449202633881287
-0.9268657931229294
-0.8306482336997757
-1.1123436955201762
-1.2942956448769787
-1.176241174611779
-1.0800236151886253
-1.151674204725577
-1.3336261540823795
-1.21557168381718
-1.1193541243940264
-1.166648572089683
-1.3486005214464853
-1.230546051181286
-1.1343284917581322
-1.0480786745297634
-1.230030623886566
-1.1119761536213661
-1.0157585941982124
-1.2974540560186132
-1.4794060053754152
-1.361351535110216
-1.2651339756870623
-0.765810404018546
-0.9477623533753483
-0.829707883110149
-0.7334903236869951
-0.7807847713826521
-0.9627367207394543
-0.8446822504742549
-0.7484646910511011
-0.6622148738227324
-0.8441668231795347
-0.7261123529143352
-0.6298947934911814
-0.9115902553115821
-1.0935422046683845
-0.9754877344031848
-0.8792701749800311
-0.6829514285442823
-0.8649033779010845
-0.746848907635885
-0.6506313482127313
-0.6979257959083881
-0.8798777452651906
-0.7618232749999909
-0.6656057155768372
-0.5793558983484686
-0.7613078477052708
-0.6432533774400713
-0.5470358180169176
-0.8287312798373183
-1.0106832291941203
-0.892628758928921
-0.7964111995057673
-0.8471033619015301
-1.0290553112583327
-0.9110008409931332
-0.8147832815699794
-0.8620777292656361
-1.0440296786224388
-0.925975208357239
-0.8297576489340853
-0.7435078317057164
-0.9254597810625189
-0.8074053107973193
-0.7111877513741657
-0.9928832131945662
-1.1748351625513687
-1.056780692286169
-0.9605631328630153
-1.032213722399967
-1.2141656717567695
-1.09611120149157
-0.9998936420684161
-1.047188089764073
-1.2291400391208753
-1.1110855688556758
-1.0148680094325224
-0.9286181922041534
-1.1105701415609557
-0.9925156712957562
-0.8962981118726026
-1.1779935736930032
-1.3599455230498054
-1.241891052784606
-1.1456734933614523
-0.8015534549773696
-0.9835054043341721
-0.8654509340689723
-0.7692333746458185
-0.8165278223414755
-0.9984797716982776
-0.8804253014330783
-0.7842077420099246
-0.6979579247815558
-0.8799098741383581
-0.7618554038731586
-0.665637844450005
-0.9473333062704057
-1.129285255627208
-1.0112307853620082
-0.9150132259388546
-0.7186944795031056
-0.900646428859908
-0.7825919585947085
-0.6863743991715547
-0.7336688468672117
-0.9156207962240138
-0.7975663259588145
-0.7013487665356608
-0.615098949307292
-0.7970508986640944
-0.6789964283988947
-0.582778868975741
-0.8644743307961417
-1.0464262801529443
-0.9283718098877445
-0.8321542504645908
-0.8828464128603536
-1.0647983622171562
-0.9467438919519565
-0.8505263325288028
-0.8978207802244595
-1.079772729581262
-0.9617182593160625
-0.8655006998929088
-0.77925088266454
-0.9612028320213423
-0.8431483617561429
-0.746930802332989
-1.0286262641533896
-1.2105782135101921
-1.0925237432449924
-0.9963061838218387
-1.0679567733587907
-1.249908722715593
-1.1318542524503936
-1.0356366930272398
-1.0829311407228968
-1.2648830900796988
-1.1468286198144995
-1.0506110603913457
-0.9643612431629769
-1.1463131925197794
-1.0282587222545796
-0.9320411628314259
-1.2137366246518266
-1.395688574008629
-1.2776341037434293
-1.1814165443202758
-0.8195076619451488
-1.0014596113019514
-0.8834051410367517
-0.787187581613598
-0.8344820293092549
-1.0164339786660574
-0.8983795084008577
-0.802161948977704
-0.7159121317493352
-0.8978640811061375
-0.7798096108409378
-0.6835920514177842
-0.9652875132381848
-1.1472394625949873
-1.0291849923297876
-0.932967432906634
-0.736648686470885
-0.9186006358276877
-0.8005461655624877
-0.7043286061393341
-0.7516230538349911
-0.9335750031917935
-0.8155205329265939
-0.7193029735034402
-0.6330531562750713
-0.8150051056318738
-0.696950635366674
-0.6007330759435204
-0.882428537763921
-1.0643804871207236
-0.9463260168555239
-0.8501084574323702
-0.9008006198281329
-1.0827525691849356
-0.9646980989197356
-0.8684805394965822
-0.9157749871922387
-1.0977269365490414
-0.9796724662838419
-0.8834549068606882
-0.7972050896323192
-0.9791570389891217
-0.861102568723922
-0.7648850093007684
-1.046580471121169
-1.2285324204779715
-1.1104779502127717
-1.0142603907896182
-1.0859109803265699
-1.2678629296833723
-1.1498084594181726
-1.053590899995019
-1.1008853476906757
-1.2828372970474782
-1.1647828267822786
-1.068565267359125
-0.9823154501307563
-1.1642673994875588
-1.046212929222359
-0.9499953697992053
-1.231690831619606
-1.4136427809764083
-1.2955883107112085
-1.1993707512880551
-0.8716164651546804
-1.0535684145114828
-0.9355139442462831
-0.8392963848231294
-0.8865908325187862
-1.0685427818755888
-0.950488311610389
-0.8542707521872354
-0.7680209349588667
-0.9499728843156688
-0.8319184140504695
-0.7357008546273158
-1.0173963164477164
-1.1993482658045187
-1.0812937955393194
-0.9850762361161653
-0.7887574896804166
-0.9707094390372187
-0.8526549687720193
-0.7564374093488656
-0.8037318570445227
-0.9856838064013249
-0.8676293361361253
-0.7714117767129716
-0.685161959484603
-0.8671139088414052
-0.7490594385762057
-0.652841879153052
-0.9345373409734526
-1.116489290330255
-0.9984348200650556
-0.9022172606419016
-0.9529094230376645
-1.134861372394467
-1.0168069021292674
-0.9205893427061136
-0.9678837904017704
-1.1498357397585728
-1.0317812694933732
-0.9355637100702195
-0.8493138928418508
-1.0312658421986531
-0.9132113719334537
-0.8169938125103
-1.0986892743307004
-1.2806412236875029
-1.162586753422303
-1.0663691939991498
-1.1380197835361014
-1.3199717328929037
-1.201917262627704
-1.1056997032045504
-1.1529941509002075
-1.3349461002570095
-1.2168916299918102
-1.1206740705686564
-1.0344242533402876
-1.2163762026970901
-1.0983217324318904
-1.0021041730087368
-1.2837996348291374
-1.46575158418594
-1.34769711392074
-1.2514795544975865
-0.7521559828290705
-0.9341079321858728
-0.8160534619206732
-0.7198359024975195
-0.7671303501931763
-0.9490822995499785
-0.8310278292847791
-0.7348102698616255
-0.6485604526332568
-0.8305124019900589
-0.7124579317248596
-0.6162403723017059
-0.8979358341221065
-1.079887783478909
-0.9618333132137091
-0.8656157537905554
-0.6692970073548067
-0.8512489567116088
-0.7331944864464094
-0.6369769270232557
-0.6842713747189126
-0.8662233240757147
-0.7481688538105153
-0.6519512943873618
-0.565701477158993
-0.7476534265157951
-0.6295989562505957
-0.533381396827442
-0.8150768586478425
-0.9970288080046447
-0.8789743377394453
-0.7827567783162916
-0.8334489407120544
-1.0154008900688571
-0.8973464198036574
-0.8011288603805037
-0.8484233080761604
-1.030375257432963
-0.9123207871677633
-0.8161032277446096
-0.7298534105162409
-0.9118053598730431
-0.7937508896078438
-0.6975333301846901
-0.9792287920050905
-1.1611807413618929
-1.0431262710966933
-0.9469087116735395
-1.0185593012104914
-1.2005112505672937
-1.0824567803020941
-0.9862392208789403
-1.0335336685745973
-1.2154856179313998
-1.0974311476662002
-1.0012135882430466
-0.9149637710146777
-1.09691572037148
-0.9788612501062804
-0.8826436906831268
-1.1643391525035276
-1.3462911018603296
-1.2282366315951303
-1.1320190721719765
-0.7878990337878938
-0.9698509831446963
-0.8517965128794966
-0.755578953456343
-0.8028734011519998
-0.9848253505088023
-0.8667708802436025
-0.7705533208204488
-0.6843035035920803
-0.8662554529488824
-0.748200982683683
-0.6519834232605293
-0.9336788850809299
-1.1156308344377321
-0.9975763641725325
-0.9013588047493788
-0.70504005831363
-0.8869920076704322
-0.7689375374052329
-0.6727199779820792
-0.7200144256777361
-0.9019663750345385
-0.7839119047693387
-0.6876943453461852
-0.6014445281178165
-0.7833964774746186
-0.6653420072094193
-0.5691244477862655
-0.850819909606666
-1.0327718589634685
-0.9147173886982687
-0.818499829275115
-0.869191991670878
-1.0511439410276804
-0.9330894707624807
-0.836871911339327
-0.8841663590349838
-1.0661183083917865
-0.9480638381265867
-0.851846278703433
-0.7655964614750642
-0.9475484108318666
-0.8294939405666671
-0.7332763811435135
-1.0149718429639139
-1.1969237923207163
-1.0788693220555168
-0.982651762632363
-1.054302352169315
-1.2362543015261171
-1.1181998312609174
-1.0219822718377638
-1.069276719533421
-1.251228668890223
-1.1331741986250237
-1.03695663920187
-0.9507068219735011
-1.1326587713303036
-1.0146043010651038
-0.9183867416419502
-1.2000822034623508
-1.3820341528191533
-1.2639796825539538
-1.1677621231308
-0.8058532407556732
-0.9878051901124757
-0.8697507198472757
-0.7735331604241223
-0.8208276081197792
-1.0027795574765817
-0.8847250872113819
-0.7885075277882285
-0.7022577105598596
-0.8842096599166618
-0.7661551896514623
-0.6699376302283087
-0.9516330920487092
-1.1335850414055115
-1.015530571140312
-0.9193130117171585
-0.7229942652814094
-0.9049462146382116
-0.7868917443730119
-0.6906741849498584
-0.7379686326455154
-0.9199205820023179
-0.8018661117371181
-0.7056485523139644
-0.6193987350855957
-0.801350684442398
-0.6832962141771985
-0.5870786547540449
-0.8687741165744454
-1.0507260659312478
-0.9326715956660481
-0.8364540362428944
-0.8871461986386574
-1.0690981479954598
-0.9510436777302599
-0.8548261183071064
-0.9021205660027632
-1.0840725153595658
-0.9660180450943661
-0.8698004856712124
-0.7835506684428436
-0.965502617799646
-0.8474481475344462
-0.7512305881112928
-1.0329260499316932
-1.2148779992884957
-1.0968235290232962
-1.0006059696001424
-1.072256559137094
-1.2542085084938965
-1.1361540382286968
-1.0399364788055432
-1.0872309265012003
-1.2691828758580024
-1.1511284055928028
-1.0549108461696495
-0.9686610289412805
-1.150612978298083
-1.0325585080328832
-0.9363409486097296
-1.2180364104301302
-1.3999883597869327
-1.2819338895217331
-1.1857163300985794
-0.8716164651546804
-1.0535684145114828
-0.9355139442462831
-0.8392963848231294
-0.8865908325187862
-1.0685427818755888
-0.950488311610389
-0.8542707521872354
-0.7680209349588667
-0.9499728843156688
-0.8319184140504695
-0.7357008546273158
-1.0173963164477164
-1.1993482658045187
-1.0812937955393194
-0.9850762361161653
-0.7887574896804166
-0.9707094390372187
-0.8526549687720193
-0.7564374093488656
-0.8037318570445227
-0.9856838064013249
-0.8676293361361253
-0.7714117767129716
-0.685161959484603
-0.8671139088414052
-0.7490594385762057
-0.652841879153052
-0.9345373409734526
-1.116489290330255
-0.9984348200650556
-0.9022172606419016
-0.9529094230376645
-1.134861372394467
-1.0168069021292674
-0.9205893427061136
-0.9678837904017704
-1.1498357397585728
-1.0317812694933732
-0.9355637100702195
-0.8493138928418508
-1.0312658421986531
-0.9132113719334537
-0.8169938125103
-1.0986892743307004
-1.2806412236875029
-1.162586753422303
-1.0663691939991498
-1.1380197835361014
-1.3199717328929037
-1.201917262627704
-1.1056997032045504
-1.1529941509002075
-1.3349461002570095
-1.2168916299918102
-1.1206740705686564
-1.0344242533402876
-1.2163762026970901
-1.0983217324318904
-1.0021041730087368
-1.2837996348291374
-1.46575158418594
-1.34769711392074
-1.2514795544975865
-0.7521559828290705
-0.9341079321858728
-0.8160534619206732
-0.7198359024975195
-0.7671303501931763
-0.9490822995499785
-0.8310278292847791
-0.7348102698616255
-0.6485604526332568
-0.8305124019900589
-0.7124579317248596
-0.6162403723017059
-0.8979358341221065
-1.079887783478909
-0.9618333132137091
-0.8656157537905554
-0.6692970073548067
-0.8512489567116088
-0.7331944864464094
-0.6369769270232557
-0.6842713747189126
-0.8662233240757147
-0.7481688538105153
-0.6519512943873618
-0.565701477158993
-0.7476534265157951
-0.6295989562505957
-0.533381396827442
-0.8150768586478425
-0.9970288080046447
-0.8789743377394453
-0.7827567783162916
-0.8334489407120544
-1.0154008900688571
-0.8973464198036574
-0.8011288603805037
-0.8484233080761604
-1.030375257432963
-0.9123207871677633
-0.8161032277446096
-0.7298534105162409
-0.9118053598730431
-0.7937508896078438
-0.6975333301846901
-0.9792287920050905
-1.1611807413618929
-1.0431262710966933
-0.9469087116735395
-1.0185593012104914
-1.2005112505672937
-1.0824567803020941
-0.9862392208789403
-1.0335336685745973
-1.2154856179313998
-1.0974311476662002
-1.0012135882430466
-0.9149637710146777
-1.09691572037148
-0.9788612501062804
-0.8826436906831268
-1.1643391525035276
-1.3462911018603296
-1.2282366315951303
-1.1320190721719765
-0.7878990337878938
-0.9698509831446963
-0.8517965128794966
-0.755578953456343
-0.8028734011519998
-0.9848253505088023
-0.8667708802436025
-0.7705533208204488
-0.6843035035920803
-0.8662554529488824
-0.748200982683683
-0.6519834232605293
-0.9336788850809299
-1.1156308344377321
-0.9975763641725325
-0.9013588047493788
-0.70504005831363
-0.8869920076704322
-0.7689375374052329
-0.6727199779820792
-0.7200144256777361
-0.9019663750345385
-0.7839119047693387
-0.6876943453461852
-0.6014445281178165
-0.7833964774746186
-0.6653420072094193
-0.5691244477862655
-0.850819909606666
-1.0327718589634685
-0.9147173886982687
-0.818499829275115
-0.869191991670878
-1.0511439410276804
-0.9330894707624807
-0.836871911339327
-0.8841663590349838
-1.0661183083917865
-0.9480638381265867
-0.851846278703433
-0.7655964614750642
-0.9475484108318666
-0.8294939405666671
-0.7332763811435135
-1.0149718429639139
-1.1969237923207163
-1.0788693220555168
-0.982651762632363
-1.054302352169315
-1.2362543015261171
-1.1181998312609174
-1.0219822718377638
-1.069276719533421
-1.251228668890223
-1.1331741986250237
-1.03695663920187
-0.9507068219735011
-1.1326587713303036
-1.0146043010651038
-0.9183867416419502
-1.2000822034623508
-1.3820341528191533
-1.2639796825539538
-1.1677621231308
-0.8058532407556732
-0.9878051901124757
-0.8697507198472757
-0.7735331604241223
-0.8208276081197792
-1.0027795574765817
-0.8847250872113819
-0.7885075277882285
-0.7022577105598596
-0.8842096599166618
-0.7661551896514623
-0.6699376302283087
-0.9516330920487092
-1.1335850414055115
-1.015530571140312
-0.9193130117171585
-0.7229942652814094
-0.9049462146382116
-0.7868917443730119
-0.6906741849498584
-0.7379686326455154
-0.9199205820023179
-0.8018661117371181
-0.7056485523139644
-0.6193987350855957
-0.801350684442398
-0.6832962141771985
-0.5870786547540449
-0.8687741165744454
-1.0507260659312478
-0.9326715956660481
-0.8364540362428944
-0.8871461986386574
-1.0690981479954598
-0.9510436777302599
-0.8548261183071064
-0.9021205660027632
-1.0840725153595658
-0.9660180450943661
-0.8698004856712124
-0.7835506684428436
-0.965502617799646
-0.8474481475344462
-0.7512305881112928
-1.0329260499316932
-1.2148779992884957
-1.0968235290232962
-1.0006059696001424
-1.072256559137094
-1.2542085084938965
-1.1361540382286968
-1.0399364788055432
-1.0872309265012003
-1.2691828758580024
-1.1511284055928028
-1.0549108461696495
-0.9686610289412805
-1.150612978298083
-1.0325585080328832
-0.9363409486097296
-1.2180364104301302
-1.3999883597869327
-1.2819338895217331
-1.1857163300985794
-0.8784630452621051
-1.0604149946189074
-0.942360524353708
-0.8461429649305543
-0.8934374126262109
-1.0753893619830133
-0.9573348917178138
-0.8611173322946601
-0.7748675150662916
-0.9568194644230937
-0.8387649941578943
-0.7425474347347405
-1.024242896555141
-1.2061948459119431
-1.0881403756467438
-0.9919228162235901
-0.7956040697878414
-0.9775560191446435
-0.8595015488794442
-0.7632839894562902
-0.8105784371519473
-0.9925303865087495
-0.87447591624355
-0.7782583568203963
-0.6920085395920276
-0.8739604889488299
-0.7559060186836303
-0.6596884592604766
-0.9413839210808771
-1.1233358704376795
-1.0052814001724801
-0.9090638407493263
-0.9597560031450891
-1.1417079525018918
-1.023653482236692
-0.9274359228135384
-0.9747303705091952
-1.1566823198659977
-1.0386278496007981
-0.9424102901776443
-0.8561604729492754
-1.0381124223060778
-0.9200579520408785
-0.8238403926177248
-1.105535854438125
-1.2874878037949278
-1.169433333529728
-1.0732157741065742
-1.1448663636435261
-1.3268183130003286
-1.2087638427351288
-1.112546283311975
-1.1598407310076322
-1.3417926803644344
-1.2237382100992351
-1.1275206506760813
-1.0412708334477123
-1.2232227828045148
-1.1051683125393152
-1.0089507531161614
-1.2906462149365618
-1.4725981642933643
-1.354543694028165
-1.2583261346050114
-0.7590025629364952
-0.9409545122932974
-0.8229000420280981
-0.7266824826049441
-0.773976930300601
-0.9559288796574034
-0.8378744093922039
-0.7416568499690501
-0.6554070327406814
-0.8373589820974838
-0.7193045118322842
-0.6230869524091305
-0.904782414229531
-1.0867343635863334
-0.9686798933211339
-0.8724623338979802
-0.6761435874622312
-0.8580955368190336
-0.740041066553834
-0.6438235071306803
-0.6911179548263372
-0.8730699041831396
-0.7550154339179401
-0.6587978744947863
-0.5725480572664176
-0.75450000662322
-0.6364455363580204
-0.5402279769348667
-0.8219234387552672
-1.0038753881120694
-0.8858209178468701
-0.7896033584237164
-0.8402955208194791
-1.0222474701762816
-0.9041929999110819
-0.8079754404879285
-0.8552698881835852
-1.0372218375403874
-0.9191673672751881
-0.8229498078520344
-0.7366999906236655
-0.918651939980468
-0.8005974697152682
-0.7043799102921148
-0.9860753721125152
-1.1680273214693175
-1.049972851204118
-0.9537552917809644
-1.025405881317916
-1.2073578306747186
-1.0893033604095188
-0.9930858009863652
-1.040380248682022
-1.2223321980388244
-1.1042777277736249
-1.008060168350471
-0.9218103511221024
-1.1037623004789048
-0.9857078302137053
-0.8894902707905515
-1.171185732610952
-1.3531376819677545
-1.2350832117025548
-1.1388656522794014
-0.7947456138953185
-0.9766975632521209
-0.8586430929869214
-0.7624255335637677
-0.8097199812594246
-0.9916719306162267
-0.8736174603510274
-0.7773999009278737
-0.6911500836995049
-0.8731020330563072
-0.7550475627911079
-0.6588300033679539
-0.9405254651883546
-1.1224774145451568
-1.0044229442799573
-0.9082053848568037
-0.7118866384210547
-0.8938385877778571
-0.7757841175126576
-0.6795665580895037
-0.7268610057851608
-0.9088129551419629
-0.7907584848767636
-0.6945409254536097
-0.6082911082252411
-0.7902430575820434
-0.6721885873168438
-0.5759710278936901
-0.8576664897140907
-1.039618439070893
-0.9215639688056936
-0.8253464093825399
-0.8760385717783027
-1.0579905211351053
-0.9399360508699056
-0.8437184914467519
-0.8910129391424085
-1.0729648884992111
-0.9549104182340116
-0.8586928588108578
-0.7724430415824891
-0.9543949909392914
-0.836340520674092
-0.7401229612509381
-1.0218184230713385
-1.2037703724281412
-1.0857159021629414
-0.9894983427397878
-1.0611489322767396
-1.243100881633542
-1.1250464113683423
-1.0288288519451887
-1.0761232996408456
-1.2580752489976479
-1.1400207787324486
-1.0438032193092948
-0.9575534020809259
-1.1395053514377285
-1.0214508811725287
-0.925233321749375
-1.2069287835697755
-1.388880732926578
-1.2708262626613784
-1.1746087032382249
-0.8126998208630979
-0.9946517702199005
-0.8765972999547005
-0.7803797405315471
-0.8276741882272038
-1.0096261375840065
-0.8915716673188068
-0.7953541078956531
-0.7091042906672843
-0.8910562400240866
-0.7730017697588869
-0.6767842103357333
-0.9584796721561339
-1.1404316215129364
-1.0223771512477366
-0.9261595918245831
-0.7298408453888341
-0.9117927947456365
-0.7937383244804367
-0.697520765057283
-0.74481521275294
-0.9267671621097426
-0.8087126918445426
-0.7124951324213891
-0.6262453151930204
-0.8081972645498228
-0.6901427942846231
-0.5939252348614694
-0.8756206966818701
-1.0575726460386725
-0.939518175773473
-0.8433006163503193
-0.8939927787460819
-1.0759447281028844
-0.9578902578376847
-0.8616726984145313
-0.9089671461101878
-1.0909190954669905
-0.9728646252017906
-0.8766470657786372
-0.7903972485502683
-0.9723491979070708
-0.8542947276418711
-0.7580771682187176
-1.0397726300391177
-1.2217245793959202
-1.1036701091307206
-1.0074525497075673
-1.079103139244519
-1.2610550886013214
-1.1430006183361217
-1.046783058912968
-1.0940775066086248
-1.2760294559654273
-1.1579749857002277
-1.061757426277074
-0.9755076090487053
-1.1574595584055074
-1.039405088140308
-0.9431875287171544
-1.224882990537555
-1.4068349398943572
-1.2887804696291576
-1.1925629102060042
