-1.2246146635706316
-1.2745909655082122
-1.2039970911028688
-1.0295504007381875
-0.8449619440246917
-0.8949382459622723
-0.8243443715569292
-0.6498976811922479
-1.016952298071174
-1.0669286000087546
-0.9963347256034113
-0.82188803523873
-0.9222218861792094
-0.9721981881167903
-0.9016043137114469
-0.7271576233467656
-1.388501431856877
-1.4384777337944576
-1.3678838593891143
-1.1934371690244328
-1.0088487123109369
-1.0588250142485176
-0.9882311398431743
-0.8137844494784929
-1.180839066357419
-1.2308153682949998
-1.1602214938896565
-0.9857748035249753
-1.0861086544654548
-1.1360849564030353
-1.0654910819976922
-0.8910443916330107
-1.2457265038932337
-1.2957028058308144
-1.225108931425471
-1.0506622410607895
-0.8660737843472938
-0.9160500862848746
-0.8454562118795312
-0.6710095215148499
-1.038064138393776
-1.0880404403313568
-1.0174465659260135
-0.8429998755613323
-0.9433337265018116
-0.9933100284393923
-0.922716154034049
-0.7482694636693676
-0.9162392049368849
-0.9662155068744654
-0.8956216324691221
-0.7211749421044409
-0.5365864853909451
-0.5865627873285257
-0.5159689129231825
-0.3415222225585012
-0.7085768394374272
-0.7585531413750078
-0.6879592669696647
-0.5135125766049833
-0.6138464275454628
-0.6638227294830434
-0.5932288550777003
-0.4187821647130189
-1.251163369286033
-1.3011396712236138
-1.2305457968182705
-1.056099106453589
-0.871510649740093
-0.9214869516776736
-0.8508930772723305
-0.6764463869076491
-1.043501003786575
-1.0934773057241558
-1.0228834313188127
-0.8484367409541314
-0.9487705918946109
-0.9987468938321916
-0.9281530194268482
-0.7537063290621668
-1.4150501375722782
-1.465026439509859
-1.3944325651045157
-1.2199858747398342
-1.0353974180263383
-1.0853737199639188
-1.0147798455585757
-0.8403331551938944
-1.2073877720728206
-1.257364074010401
-1.1867701996050577
-1.0123235092403766
-1.112657360180856
-1.1626336621184366
-1.0920397877130934
-0.9175930973484121
-1.272275209608635
-1.322251511546216
-1.2516576371408725
-1.077210946776191
-0.8926224900626952
-0.942598792000276
-0.8720049175949326
-0.6975582272302512
-1.0646128441091773
-1.114589146046758
-1.0439952716414147
-0.8695485812767334
-0.969882432217213
-1.0198587341547936
-0.9492648597494504
-0.7748181693847691
-0.9427879106522862
-0.9927642125898668
-0.9221703381845237
-0.7477236478198421
-0.5631351911063464
-0.6131114930439269
-0.5425176186385837
-0.36807092827390236
-0.7351255451528286
-0.7851018470904092
-0.714507972685066
-0.5400612823203845
-0.6403951332608642
-0.6903714351984448
-0.6197775607931015
-0.44533087042842007
-1.4199604387204006
-1.4699367406579813
-1.3993428662526382
-1.2248961758879566
-1.0403077191744607
-1.0902840211120413
-1.0196901467066983
-0.8452434563420167
-1.212298073220943
-1.2622743751585237
-1.1916805007531803
-1.017233810388499
-1.1175676613289784
-1.1675439632665594
-1.096950088861216
-0.9225033984965345
-1.5838472070066458
-1.6338235089442268
-1.5632296345388834
-1.3887829441742023
-1.2041944874607058
-1.2541707893982867
-1.1835769149929434
-1.009130224628262
-1.3761848415071882
-1.4261611434447692
-1.3555672690394258
-1.1811205786747443
-1.2814544296152237
-1.3314307315528047
-1.2608368571474613
-1.0863901667827798
-1.4410722790430026
-1.4910485809805833
-1.4204547065752402
-1.2460080162105587
-1.0614195594970628
-1.1113958614346438
-1.0408019870293004
-0.866355296664619
-1.2334099135435452
-1.283386215481126
-1.2127923410757826
-1.038345650711101
-1.1386795016515805
-1.1886558035891615
-1.118061929183818
-0.9436152388191367
-1.111584980086654
-1.1615612820242345
-1.0909674076188913
-0.9165207172542099
-0.731932260540714
-0.7819085624782949
-0.7113146880729515
-0.53686799770827
-0.9039226145871962
-0.9538989165247769
-0.8833050421194338
-0.7088583517547523
-0.8091922026952317
-0.8591685046328126
-0.7885746302274692
-0.614127939862788
-1.1316400020432655
-1.1816163039808463
-1.1110224295755031
-0.9365757392108217
-0.7519872824973258
-0.8019635844349065
-0.7313697100295633
-0.5569230196648819
-0.923977636543808
-0.9739539384813887
-0.9033600640760454
-0.7289133737113642
-0.8292472246518436
-0.8792235265894244
-0.808629652184081
-0.6341829618193998
-1.295526770329511
-1.345503072267092
-1.2749091978617486
-1.100462507497067
-0.9158740507835711
-0.9658503527211517
-0.8952564783158087
-0.7208097879511273
-1.0878644048300532
-1.137840706767634
-1.0672468323622908
-0.8928001419976095
-0.9931339929380888
-1.0431102948756694
-0.9725164204703262
-0.798069730105645
-1.1527518423658678
-1.2027281443034483
-1.1321342698981052
-0.9576875795334239
-0.773099122819928
-0.8230754247575087
-0.7524815503521654
-0.5780348599874842
-0.9450894768664103
-0.995065778803991
-0.9244719043986477
-0.7500252140339664
-0.8503590649744458
-0.9003353669120264
-0.8297414925066832
-0.6552948021420019
-0.823264543409519
-0.8732408453470997
-0.8026469709417565
-0.628200280577075
-0.4436118238635792
-0.4935881258011598
-0.4229942513958166
-0.24854756103113523
-0.6156021779100614
-0.6655784798476422
-0.5949846054422988
-0.42053791507761734
-0.5208717660180969
-0.5708480679556776
-0.5002541935503343
-0.32580750318565294
-1.167873304089223
-1.2178496060268038
-1.1472557316214604
-0.9728090412567791
-0.7882205845432833
-0.8381968864808639
-0.7676030120755206
-0.5931563217108394
-0.9602109385897654
-1.0101872405273462
-0.9395933661220027
-0.7651466757573215
-0.865480526697801
-0.9154568286353816
-0.8448629542300383
-0.6704162638653569
-1.3317600723754686
-1.3817363743130493
-1.311142499907706
-1.1366958095430244
-0.9521073528295284
-1.0020836547671093
-0.9314897803617658
-0.7570430899970846
-1.1240977068760107
-1.1740740088135913
-1.103480134408248
-0.9290334440435667
-1.0293672949840462
-1.079343596921627
-1.0087497225162836
-0.8343030321516022
-1.1889851444118253
-1.2389614463494059
-1.1683675719440625
-0.9939208815793812
-0.8093324248658853
-0.8593087268034659
-0.7887148523981228
-0.6142681620334415
-0.9813227789123676
-1.0312990808499483
-0.960705206444605
-0.7862585160799236
-0.8865923670204031
-0.9365686689579839
-0.8659747945526405
-0.6915281041879593
-0.8594978454554765
-0.9094741473930571
-0.8388802729877137
-0.6644335826230324
-0.4798451259095367
-0.5298214278471173
-0.4592275534417741
-0.28478086307709266
-0.6518354799560189
-0.7018117818935995
-0.6312179074882562
-0.45677121712357494
-0.5571050680640545
-0.607081370001635
-0.5364874955962918
-0.3620408052316105
-1.1944220098046243
-1.244398311742205
-1.173804437336862
-0.9993577469721803
-0.8147692902586845
-0.8647455921962652
-0.794151717790922
-0.6197050274262406
-0.9867596443051667
-1.0367359462427475
-0.9661420718374042
-0.7916953814727228
-0.8920292324132022
-0.9420055343507829
-0.8714116599454397
-0.6969649695807584
-1.3583087780908696
-1.4082850800284503
-1.3376912056231072
-1.1632445152584254
-0.9786560585449297
-1.0286323604825105
-0.9580384860771671
-0.7835917957124858
-1.150646412591412
-1.200622714528993
-1.1300288401236493
-0.9555821497589682
-1.0559160006994475
-1.1058923026370282
-1.035298428231685
-0.8608517378670035
-1.2155338501272266
-1.2655101520648073
-1.1949162776594642
-1.0204695872947824
-0.8358811305812868
-0.8858574325188673
-0.8152635581135241
-0.6408168677488427
-1.007871484627769
-1.0578477865653495
-0.9872539121600064
-0.8128072217953249
-0.9131410727358045
-0.963117374673385
-0.892523500268042
-0.7180768099033604
-0.8860465511708775
-0.9360228531084583
-0.865428978703115
-0.6909822883384338
-0.5063938316249379
-0.5563701335625185
-0.4857762591571753
-0.3113295687924939
-0.6783841856714199
-0.7283604876090007
-0.6577666132036574
-0.4833199228389761
-0.5836537737794556
-0.6336300757170362
-0.5630362013116931
-0.3885895109470116
-1.363219079238992
-1.413195381176573
-1.3426015067712296
-1.1681548164065483
-0.9835663596930521
-1.033542661630633
-0.9629487872252895
-0.7885020968606083
-1.1555567137395344
-1.2055330156771153
-1.1349391412717718
-0.9604924509070906
-1.0608263018475699
-1.1108026037851506
-1.0402087293798075
-0.865762039015126
-1.5271058475252375
-1.5770821494628182
-1.5064882750574748
-1.3320415846927938
-1.1474531279792974
-1.1974294299168784
-1.1268355555115348
-0.9523888651468535
-1.31944348202578
-1.3694197839633606
-1.2988259095580172
-1.124379219193336
-1.2247130701338154
-1.274689372071396
-1.2040954976660527
-1.0296488073013712
-1.384330919561594
-1.434307221499175
-1.3637133470938316
-1.1892666567291506
-1.0046782000156542
-1.054654501953235
-0.9840606275478917
-0.8096139371832104
-1.1766685540621367
-1.2266448559997174
-1.156050981594374
-0.9816042912296926
-1.0819381421701721
-1.1319144441077527
-1.0613205697024095
-0.8868738793377282
-1.0548436206052452
-1.1048199225428261
-1.0342260481374828
-0.8597793577728015
-0.6751909010593053
-0.7251672029968862
-0.6545733285915428
-0.4801266382268615
-0.8471812551057877
-0.8971575570433685
-0.8265636826380252
-0.6521169922733439
-0.7524508432138234
-0.8024271451514039
-0.7318332707460609
-0.5573865803813793
-1.074898642561857
-1.124874944499438
-1.0542810700940946
-0.8798343797294133
-0.6952459230159173
-0.745222224953498
-0.6746283505481548
-0.5001816601834734
-0.8672362770623996
-0.9172125789999803
-0.846618704594637
-0.6721720142299556
-0.7725058651704352
-0.8224821671080157
-0.7518882927026725
-0.5774416023379911
-1.2387854108481025
-1.2887617127856834
-1.21816783838034
-1.0437211480156585
-0.8591326913021625
-0.9091089932397434
-0.8385151188344
-0.6640684284697186
-1.0311230453486449
-1.0810993472862254
-1.0105054728808822
-0.8360587825162008
-0.9363926334566803
-0.9863689353942611
-0.9157750609889178
-0.7413283706242364
-1.0960104828844592
-1.1459867848220402
-1.0753929104166966
-0.9009462200520153
-0.7163577633385195
-0.7663340652761
-0.6957401908707569
-0.5212935005060757
-0.8883481173850017
-0.9383244193225824
-0.8677305449172391
-0.6932838545525577
-0.7936177054930372
-0.8435940074306181
-0.7730001330252747
-0.5985534426605933
-0.7665231839281104
-0.8164994858656912
-0.7459056114603478
-0.5714589210956665
-0.3868704643821708
-0.4368467663197514
-0.3662528919144082
-0.19180620154972683
-0.5588608184286529
-0.6088371203662335
-0.5382432459608903
-0.36379655559620894
-0.4641304065366885
-0.5141067084742691
-0.44351283406892594
-0.26906614370424453
-1.167873304089223
-1.2178496060268038
-1.1472557316214604
-0.9728090412567791
-0.7882205845432833
-0.8381968864808639
-0.7676030120755206
-0.5931563217108394
-0.9602109385897654
-1.0101872405273462
-0.9395933661220027
-0.7651466757573215
-0.865480526697801
-0.9154568286353816
-0.8448629542300383
-0.6704162638653569
-1.3317600723754686
-1.3817363743130493
-1.311142499907706
-1.1366958095430244
-0.9521073528295284
-1.0020836547671093
-0.9314897803617658
-0.7570430899970846
-1.1240977068760107
-1.1740740088135913
-1.103480134408248
-0.9290334440435667
-1.0293672949840462
-1.079343596921627
-1.0087497225162836
-0.8343030321516022
-1.1889851444118253
-1.2389614463494059
-1.1683675719440625
-0.9939208815793812
-0.8093324248658853
-0.8593087268034659
-0.7887148523981228
-0.6142681620334415
-0.9813227789123676
-1.0312990808499483
-0.960705206444605
-0.7862585160799236
-0.8865923670204031
-0.9365686689579839
-0.8659747945526405
-0.6915281041879593
-0.8594978454554765
-0.9094741473930571
-0.8388802729877137
-0.6644335826230324
-0.4798451259095367
-0.5298214278471173
-0.4592275534417741
-0.28478086307709266
-0.6518354799560189
-0.7018117818935995
-0.6312179074882562
-0.45677121712357494
-0.5571050680640545
-0.607081370001635
-0.5364874955962918
-0.3620408052316105
-1.1944220098046243
-1.244398311742205
-1.173804437336862
-0.9993577469721803
-0.8147692902586845
-0.8647455921962652
-0.794151717790922
-0.6197050274262406
-0.9867596443051667
-1.0367359462427475
-0.9661420718374042
-0.7916953814727228
-0.8920292324132022
-0.9420055343507829
-0.8714116599454397
-0.6969649695807584
-1.3583087780908696
-1.4082850800284503
-1.3376912056231072
-1.1632445152584254
-0.9786560585449297
-1.0286323604825105
-0.9580384860771671
-0.7835917957124858
-1.150646412591412
-1.200622714528993
-1.1300288401236493
-0.9555821497589682
-1.0559160006994475
-1.1058923026370282
-1.035298428231685
-0.8608517378670035
-1.2155338501272266
-1.2655101520648073
-1.1949162776594642
-1.0204695872947824
-0.8358811305812868
-0.8858574325188673
-0.8152635581135241
-0.6408168677488427
-1.007871484627769
-1.0578477865653495
-0.9872539121600064
-0.8128072217953249
-0.9131410727358045
-0.963117374673385
-0.892523500268042
-0.7180768099033604
-0.8860465511708775
-0.9360228531084583
-0.865428978703115
-0.6909822883384338
-0.5063938316249379
-0.5563701335625185
-0.4857762591571753
-0.3113295687924939
-0.6783841856714199
-0.7283604876090007
-0.6577666132036574
-0.4833199228389761
-0.5836537737794556
-0.6336300757170362
-0.5630362013116931
-0.3885895109470116
-1.363219079238992
-1.413195381176573
-1.3426015067712296
-1.1681548164065483
-0.9835663596930521
-1.033542661630633
-0.9629487872252895
-0.7885020968606083
-1.1555567137395344
-1.2055330156771153
-1.1349391412717718
-0.9604924509070906
-1.0608263018475699
-1.1108026037851506
-1.0402087293798075
-0.865762039015126
-1.5271058475252375
-1.5770821494628182
-1.5064882750574748
-1.3320415846927938
-1.1474531279792974
-1.1974294299168784
-1.1268355555115348
-0.9523888651468535
-1.31944348202578
-1.3694197839633606
-1.2988259095580172
-1.124379219193336
-1.2247130701338154
-1.274689372071396
-1.2040954976660527
-1.0296488073013712
-1.384330919561594
-1.434307221499175
-1.3637133470938316
-1.1892666567291506
-1.0046782000156542
-1.054654501953235
-0.9840606275478917
-0.8096139371832104
-1.1766685540621367
-1.2266448559997174
-1.156050981594374
-0.9816042912296926
-1.0819381421701721
-1.1319144441077527
-1.0613205697024095
-0.8868738793377282
-1.0548436206052452
-1.1048199225428261
-1.0342260481374828
-0.8597793577728015
-0.6751909010593053
-0.7251672029968862
-0.6545733285915428
-0.4801266382268615
-0.8471812551057877
-0.8971575570433685
-0.8265636826380252
-0.6521169922733439
-0.7524508432138234
-0.8024271451514039
-0.7318332707460609
-0.5573865803813793
-1.074898642561857
-1.124874944499438
-1.0542810700940946
-0.8798343797294133
-0.6952459230159173
-0.745222224953498
-0.6746283505481548
-0.5001816601834734
-0.8672362770623996
-0.9172125789999803
-0.846618704594637
-0.6721720142299556
-0.7725058651704352
-0.8224821671080157
-0.7518882927026725
-0.5774416023379911
-1.2387854108481025
-1.2887617127856834
-1.21816783838034
-1.0437211480156585
-0.8591326913021625
-0.9091089932397434
-0.8385151188344
-0.6640684284697186
-1.0311230453486449
-1.0810993472862254
-1.0105054728808822
-0.8360587825162008
-0.9363926334566803
-0.9863689353942611
-0.9157750609889178
-0.7413283706242364
-1.0960104828844592
-1.1459867848220402
-1.0753929104166966
-0.9009462200520153
-0.7163577633385195
-0.7663340652761
-0.6957401908707569
-0.5212935005060757
-0.8883481173850017
-0.9383244193225824
-0.8677305449172391
-0.6932838545525577
-0.7936177054930372
-0.8435940074306181
-0.7730001330252747
-0.5985534426605933
-0.7665231839281104
-0.8164994858656912
-0.7459056114603478
-0.5714589210956665
-0.3868704643821708
-0.4368467663197514
-0.3662528919144082
-0.19180620154972683
-0.5588608184286529
-0.6088371203662335
-0.5382432459608903
-0.36379655559620894
-0.4641304065366885
-0.5141067084742691
-0.44351283406892594
-0.26906614370424453
-1.2444562678492308
-1.2944325697868115
-1.2238386953814682
-1.0493920050167869
-0.8648035483032911
-0.9147798502408717
-0.8441859758355286
-0.6697392854708472
-1.0367939023497732
-1.086770204287354
-1.0161763298820106
-0.8417296395173294
-0.9420634904578088
-0.9920397923953896
-0.9214459179900463
-0.7469992276253649
-1.4083430361354758
-1.458319338073057
-1.3877254636677134
-1.2132787733030324
-1.0286903165895362
-1.078666618527117
-1.0080727441217736
-0.8336260537570924
-1.2006806706360185
-1.250656972573599
-1.180063098168256
-1.0056164078035745
-1.105950258744054
-1.1559265606816347
-1.0853326862762915
-0.9108859959116102
-1.2655681081718329
-1.3155444101094136
-1.2449505357040704
-1.070503845339389
-0.8859153886258931
-0.935891690563474
-0.8652978161581306
-0.6908511257934494
-1.0579057426723755
-1.107882044609956
-1.0372881702046128
-0.8628414798399314
-0.963175330780411
-1.0131516327179917
-0.9425577583126483
-0.7681110679479671
-0.9360808092154841
-0.9860571111530649
-0.9154632367477216
-0.7410165463830403
-0.5564280896695444
-0.606404391607125
-0.5358105172017819
-0.36136382683710044
-0.7284184437160267
-0.7783947456536072
-0.7078008712482642
-0.5333541808835827
-0.6336880318240622
-0.6836643337616428
-0.6130704593562996
-0.43862376899161826
-1.2710049735646323
-1.3209812755022128
-1.2503874010968696
-1.0759407107321883
-0.8913522540186923
-0.9413285559562731
-0.8707346815509298
-0.6962879911862485
-1.0633426080651747
-1.1133189100027552
-1.042725035597412
-0.8682783452327307
-0.9686121961732101
-1.0185884981107907
-0.9479946237054476
-0.7735479333407662
-1.4348917418508773
-1.484868043788458
-1.4142741693831147
-1.2398274790184336
-1.0552390223049375
-1.1052153242425182
-1.034621449837175
-0.8601747594724937
-1.22722937635142
-1.2772056782890007
-1.2066118038836573
-1.032165113518976
-1.1324989644594554
-1.182475266397036
-1.111881391991693
-0.9374347016270114
-1.2921168138872339
-1.3420931158248148
-1.2714992414194717
-1.0970525510547904
-0.9124640943412946
-0.9624403962788753
-0.8918465218735321
-0.7173998315088506
-1.084454448387777
-1.1344307503253572
-1.0638368759200143
-0.8893901855553328
-0.9897240364958123
-1.039700338433393
-0.9691064640280498
-0.7946597736633684
-0.9626295149308856
-1.0126058168684662
-0.9420119424631228
-0.7675652520984416
-0.5829767953849457
-0.6329530973225264
-0.562359222917183
-0.3879125325525017
-0.754967149431428
-0.8049434513690086
-0.7343495769636654
-0.5599028865989839
-0.6602367375394635
-0.7102130394770443
-0.639619165071701
-0.46517247470701945
-1.439802042999
-1.4897783449365805
-1.4191844705312373
-1.244737780166556
-1.0601493234530601
-1.1101256253906409
-1.0395317509852975
-0.8650850606206161
-1.2321396774995423
-1.2821159794371229
-1.2115221050317795
-1.0370754146670984
-1.1374092656075778
-1.1873855675451583
-1.1167916931398154
-0.9423450027751338
-1.603688811285245
-1.6536651132228257
-1.5830712388174824
-1.4086245484528013
-1.2240360917393054
-1.2740123936768861
-1.2034185192715428
-1.0289718289068612
-1.3960264457857876
-1.4460027477233683
-1.375408873318025
-1.200962182953344
-1.301296033893823
-1.3512723358314038
-1.2806784614260605
-1.1062317710613792
-1.460913883321602
-1.5108901852591825
-1.4402963108538394
-1.265849620489158
-1.0812611637756622
-1.131237465713243
-1.0606435913078998
-0.8861969009432183
-1.2532515178221446
-1.3032278197597251
-1.2326339453543818
-1.0581872549897005
-1.1585211059301799
-1.2084974078677604
-1.1379035334624175
-0.963456843097736
-1.1314265843652531
-1.1814028863028339
-1.1108090118974905
-0.9363623215328093
-0.7517738648193134
-0.801750166756894
-0.731156292351551
-0.5567096019868693
-0.9237642188657957
-0.9737405208033764
-0.9031466463980332
-0.7286999560333517
-0.8290338069738311
-0.8790101089114117
-0.8084162345060687
-0.6339695441413872
-1.151481606321865
-1.2014579082594457
-1.1308640338541023
-0.9564173434894211
-0.7718288867759251
-0.8218051887135058
-0.7512113143081626
-0.5767646239434814
-0.9438192408224075
-0.9937955427599882
-0.9232016683546449
-0.7487549779899635
-0.8490888289304429
-0.8990651308680235
-0.8284712564626805
-0.6540245660979991
-1.3153683746081104
-1.365344676545691
-1.2947508021403475
-1.1203041117756662
-0.9357156550621705
-0.9856919569997512
-0.915098082594408
-0.7406513922297265
-1.1077060091086526
-1.1576823110462333
-1.0870884366408902
-0.9126417462762086
-1.012975597216688
-1.0629518991542688
-0.9923580247489256
-0.8179113343842442
-1.172593446644467
-1.2225697485820477
-1.1519758741767046
-0.9775291838120233
-0.7929407270985275
-0.8429170290361082
-0.7723231546307648
-0.5978764642660835
-0.9649310811450096
-1.0149073830825903
-0.9443135086772471
-0.7698668183125656
-0.8702006692530452
-0.9201769711906259
-0.8495830967852825
-0.6751364064206012
-0.8431061476881184
-0.893082449625699
-0.8224885752203557
-0.6480418848556744
-0.4634534281421786
-0.5134297300797592
-0.4428358556744159
-0.2683891653097346
-0.6354437821886608
-0.6854200841262416
-0.6148262097208982
-0.4403795193562168
-0.5407133702966963
-0.590689672234277
-0.5200957978289337
-0.34564910746425237
