-1.2058386110245605
-1.19822299187567
-1.176974009569693
-1.0633343990622206
-1.013623166412676
-1.0060075472637857
-0.9847585649578086
-0.8711189544503366
-1.1064023001784344
-1.098786681029544
-1.077537698723567
-0.9638980882160949
-1.0615072542790271
-1.0538916351301366
-1.0326426528241595
-0.9190030423166875
-1.0583566035152294
-1.0507409843663391
-1.029492002060362
-0.91585239155289
-0.8661411589033453
-0.8585255397544548
-0.8372765574484776
-0.7236369469410057
-0.9589202926691035
-0.9513046735202131
-0.9300556912142359
-0.816416080706764
-0.9140252467696963
-0.9064096276208057
-0.8851606453148285
-0.7715210348073566
-1.1586668531580364
-1.1510512340091459
-1.129802251703169
-1.0161626411956968
-0.9664514085461522
-0.9588357893972618
-0.9375868070912846
-0.8239471965838127
-1.0592305423119106
-1.0516149231630199
-1.030365940857043
-0.916726330349571
-1.014335496412503
-1.0067198772636128
-0.9854708949576356
-0.8718312844501636
-1.1200441706847983
-1.1124285515359078
-1.0911795692299306
-0.9775399587224587
-0.9278287260729141
-0.9202131069240236
-0.8989641246180464
-0.7853245141105744
-1.0206078598386725
-1.012992240689782
-0.9917432583838047
-0.8781036478763328
-0.9757128139392651
-0.9680971947903745
-0.9468482124843973
-0.8332086019769254
-1.3083313655460431
-1.3007157463971522
-1.2794667640911752
-1.1658271535837033
-1.1161159209341587
-1.108500301785268
-1.0872513194792908
-0.9736117089718188
-1.2088950546999169
-1.2012794355510263
-1.1800304532450492
-1.0663908427375772
-1.1640000088005096
-1.156384389651619
-1.135135407345642
-1.0214957968381697
-1.1608493580367119
-1.1532337388878213
-1.1319847565818444
-1.0183451460743724
-0.9686339134248276
-0.9610182942759372
-0.9397693119699599
-0.8261297014624879
-1.061413047190586
-1.0537974280416953
-1.0325484457357181
-0.9189088352282463
-1.0165180012911785
-1.008902382142288
-0.9876533998363111
-0.8740137893288389
-1.2611596076795193
-1.253543988530628
-1.2322950062246514
-1.1186553957171792
-1.0689441630676346
-1.061328543918744
-1.040079561612767
-0.926439951105295
-1.161723296833393
-1.1541076776845025
-1.1328586953785253
-1.0192190848710532
-1.1168282509339855
-1.109212631785095
-1.0879636494791178
-0.974324038971646
-1.2225369252062808
-1.2149213060573902
-1.193672323751413
-1.0800327132439411
-1.0303214805943965
-1.022705861445506
-1.0014568791395289
-0.8878172686320568
-1.1231006143601547
-1.1154849952112642
-1.094236012905287
-0.9805964023978151
-1.0782055684607477
-1.0705899493118567
-1.0493409670058798
-0.9357013564984078
-1.5814346977041758
-1.5738190785552852
-1.5525700962493083
-1.4389304857418364
-1.389219253092292
-1.3816036339434015
-1.3603546516374245
-1.2467150411299521
-1.48199838685805
-1.4743827677091594
-1.4531337854031825
-1.33949417489571
-1.437103340958643
-1.429487721809752
-1.408238739503775
-1.294599128996303
-1.4339526901948454
-1.4263370710459546
-1.4050880887399777
-1.2914484782325055
-1.2417372455829612
-1.2341216264340704
-1.2128726441280935
-1.099233033620621
-1.3345163793487196
-1.3269007601998284
-1.3056517778938521
-1.1920121673863797
-1.289621333449312
-1.2820057143004213
-1.2607567319944446
-1.1471171214869724
-1.5342629398376524
-1.5266473206887612
-1.505398338382785
-1.3917587278753125
-1.342047495225768
-1.3344318760768774
-1.3131828937709005
-1.1995432832634285
-1.4348266289915261
-1.4272110098426356
-1.405962027536659
-1.2923224170291867
-1.3899315830921188
-1.3823159639432283
-1.3610669816372514
-1.2474273711297796
-1.4956402573644139
-1.4880246382155233
-1.4667756559095464
-1.3531360454020744
-1.30342481275253
-1.2958091936036389
-1.274560211297662
-1.1609206007901902
-1.396203946518288
-1.388588327369397
-1.3673393450634206
-1.2536997345559482
-1.351308900618881
-1.3436932814699898
-1.3224442991640128
-1.2088046886565411
-1.3131482840679218
-1.3055326649190309
-1.2842836826130544
-1.170644072105582
-1.1209328394560376
-1.1133172203071466
-1.0920682380011697
-0.9784286274936977
-1.2137119732217958
-1.2060963540729053
-1.1848473717669283
-1.0712077612594562
-1.1688169273223885
-1.161201308173498
-1.1399523258675208
-1.0263127153600486
-1.1656662765585908
-1.1580506574097
-1.1368016751037233
-1.0231620645962511
-0.9734508319467066
-0.9658352127978161
-0.9445862304918389
-0.8309466199843669
-1.066229965712465
-1.0586143465635742
-1.0373653642575973
-0.9237257537501252
-1.0213349198130575
-1.013719300664167
-0.9924703183581899
-0.8788307078507178
-1.265976526201398
-1.258360907052507
-1.2371119247465303
-1.1234723142390581
-1.0737610815895136
-1.066145462440623
-1.0448964801346459
-0.9312568696271738
-1.166540215355272
-1.1589245962063814
-1.1376756139004045
-1.024036003392932
-1.1216451694558645
-1.114029550306974
-1.0927805680009968
-0.9791409574935248
-1.2273538437281595
-1.2197382245792692
-1.198489242273292
-1.08484963176582
-1.0351383991162753
-1.027522779967385
-1.0062737976614078
-0.8926341871539357
-1.1279175328820337
-1.1203019137331431
-1.099052931427166
-0.985413320919694
-1.0830224869826262
-1.0754068678337356
-1.0541578855277587
-0.9405182750202866
-1.0849681970937843
-1.0773525779448938
-1.0561035956389166
-0.9424639851314446
-0.8927527524819
-0.8851371333330094
-0.8638881510270324
-0.7502485405195605
-0.9855318862476583
-0.9779162670987678
-0.9566672847927908
-0.8430276742853188
-0.9406368403482509
-0.9330212211993604
-0.9117722388933834
-0.7981326283859114
-0.9374861895844533
-0.9298705704355628
-0.9086215881295858
-0.7949819776221135
-0.745270744972569
-0.7376551258236786
-0.7164061435177015
-0.6027665330102294
-0.8380498787383274
-0.8304342595894367
-0.8091852772834598
-0.6955456667759878
-0.7931548328389199
-0.7855392136900295
-0.7642902313840524
-0.6506506208765804
-1.0377964392272603
-1.0301808200783698
-1.0089318377723928
-0.8952922272649206
-0.8455809946153761
-0.8379653754664854
-0.8167163931605085
-0.7030767826530363
-0.9383601283811344
-0.9307445092322438
-0.9094955269262669
-0.7958559164187948
-0.893465082481727
-0.8858494633328363
-0.8646004810268594
-0.7509608705193872
-0.9991737567540221
-0.9915581376051316
-0.9703091552991546
-0.8566695447916823
-0.8069583121421378
-0.7993426929932475
-0.7780937106872703
-0.6644541001797982
-0.8997374459078961
-0.8921218267590058
-0.8708728444530286
-0.7572332339455566
-0.8548424000084887
-0.8472267808595983
-0.8259777985536212
-0.7123381880461491
-1.187460951615267
-1.179845332466376
-1.1585963501603993
-1.0449567396529271
-0.9952455070033822
-0.9876298878544918
-0.9663809055485147
-0.8527412950410427
-1.088024640769141
-1.0804090216202502
-1.059160039314273
-0.945520428806801
-1.0431295948697332
-1.0355139757208427
-1.0142649934148655
-0.9006253829073935
-1.0399789441059355
-1.0323633249570452
-1.011114342651068
-0.8974747321435961
-0.8477634994940515
-0.8401478803451609
-0.8188988980391837
-0.7052592875317117
-0.9405426332598098
-0.9329270141109193
-0.9116780318049421
-0.79803842129747
-0.8956475873604024
-0.8880319682115119
-0.8667829859055346
-0.7531433753980626
-1.140289193748743
-1.1326735745998522
-1.1114245922938752
-0.9977849817864031
-0.9480737491368585
-0.940458129987968
-0.9192091476819909
-0.8055695371745187
-1.040852882902617
-1.0332372637537262
-1.011988281447749
-0.8983486709402769
-0.9959578370032094
-0.9883422178543187
-0.9670932355483417
-0.8534536250408696
-1.1016665112755046
-1.094050892126614
-1.072801909820637
-0.959162299313165
-0.9094510666636203
-0.9018354475147298
-0.8805864652087526
-0.7669468547012807
-1.0022302004293786
-0.994614581280488
-0.9733655989745109
-0.859725988467039
-0.9573351545299712
-0.9497195353810806
-0.9284705530751035
-0.8148309425676316
-1.4605642837734
-1.452948664624509
-1.4316996823185326
-1.3180600718110602
-1.2683488391615156
-1.260733220012625
-1.2394842377066482
-1.1258446271991762
-1.3611279729272743
-1.3535123537783833
-1.3322633714724068
-1.2186237609649344
-1.3162329270278665
-1.308617307878976
-1.287368325572999
-1.173728715065527
-1.313082276264069
-1.3054666571151785
-1.2842176748092016
-1.1705780643017296
-1.120866831652185
-1.1132512125032943
-1.0920022301973171
-0.9783626196898451
-1.2136459654179432
-1.2060303462690527
-1.1847813639630758
-1.0711417534556034
-1.1687509195185362
-1.1611353003696452
-1.1398863180636682
-1.026246707556196
-1.413392525906876
-1.4057769067579855
-1.3845279244520086
-1.2708883139445366
-1.221177081294992
-1.213561462146101
-1.1923124798401246
-1.0786728693326522
-1.3139562150607502
-1.3063405959118597
-1.2850916136058828
-1.1714520030984106
-1.2690611691613431
-1.2614455500124524
-1.2401965677064755
-1.1265569571990033
-1.374769843433638
-1.367154224284747
-1.34590524197877
-1.232265631471298
-1.1825543988217537
-1.1749387796728632
-1.1536897973668863
-1.0400501868594139
-1.275333532587512
-1.2677179134386212
-1.2464689311326442
-1.1328293206251725
-1.2304384866881046
-1.222822867539214
-1.2015738852332372
-1.087934274725765
-1.1922778701371457
-1.184662250988255
-1.163413268682278
-1.0497736581748058
-1.0000624255252615
-0.9924468063763707
-0.9711978240703937
-0.8575582135629216
-1.09284155929102
-1.0852259401421291
-1.0639769578361522
-0.95033734732868
-1.0479465133916124
-1.0403308942427216
-1.0190819119367445
-0.9054423014292724
-1.0447958626278147
-1.0371802434789241
-1.015931261172947
-0.902291650665475
-0.8525804180159304
-0.8449647988670398
-0.8237158165610627
-0.7100762060535907
-0.9453595517816887
-0.9377439326327981
-0.9164949503268212
-0.802855339819349
-0.9004645058822813
-0.8928488867333908
-0.8715999044274138
-0.7579602939199416
-1.1451061122706216
-1.1374904931217311
-1.1162415108157542
-1.002601900308282
-0.9528906676587372
-0.9452750485098469
-0.9240260662038697
-0.8103864556963977
-1.0456698014244958
-1.038054182275605
-1.016805199969628
-0.9031655894621561
-1.000774755525088
-0.9931591363761977
-0.9719101540702206
-0.8582705435627486
-1.1064834297973836
-1.098867810648493
-1.0776188283425159
-0.9639792178350439
-0.9142679851854992
-0.9066523660366086
-0.8854033837306315
-0.7717637732231595
-1.0070471189512575
-0.9994314998023669
-0.9781825174963898
-0.8645429069889178
-0.9621520730518501
-0.9545364539029595
-0.9332874715969824
-0.8196478610895104
-1.0849681970937843
-1.0773525779448938
-1.0561035956389166
-0.9424639851314446
-0.8927527524819
-0.8851371333330094
-0.8638881510270324
-0.7502485405195605
-0.9855318862476583
-0.9779162670987678
-0.9566672847927908
-0.8430276742853188
-0.9406368403482509
-0.9330212211993604
-0.9117722388933834
-0.7981326283859114
-0.9374861895844533
-0.9298705704355628
-0.9086215881295858
-0.7949819776221135
-0.745270744972569
-0.7376551258236786
-0.7164061435177015
-0.6027665330102294
-0.8380498787383274
-0.8304342595894367
-0.8091852772834598
-0.6955456667759878
-0.7931548328389199
-0.7855392136900295
-0.7642902313840524
-0.6506506208765804
-1.0377964392272603
-1.0301808200783698
-1.0089318377723928
-0.8952922272649206
-0.8455809946153761
-0.8379653754664854
-0.8167163931605085
-0.7030767826530363
-0.9383601283811344
-0.9307445092322438
-0.9094955269262669
-0.7958559164187948
-0.893465082481727
-0.8858494633328363
-0.8646004810268594
-0.7509608705193872
-0.9991737567540221
-0.9915581376051316
-0.9703091552991546
-0.8566695447916823
-0.8069583121421378
-0.7993426929932475
-0.7780937106872703
-0.6644541001797982
-0.8997374459078961
-0.8921218267590058
-0.8708728444530286
-0.7572332339455566
-0.8548424000084887
-0.8472267808595983
-0.8259777985536212
-0.7123381880461491
-1.187460951615267
-1.179845332466376
-1.1585963501603993
-1.0449567396529271
-0.9952455070033822
-0.9876298878544918
-0.9663809055485147
-0.8527412950410427
-1.088024640769141
-1.0804090216202502
-1.059160039314273
-0.945520428806801
-1.0431295948697332
-1.0355139757208427
-1.0142649934148655
-0.9006253829073935
-1.0399789441059355
-1.0323633249570452
-1.011114342651068
-0.8974747321435961
-0.8477634994940515
-0.8401478803451609
-0.8188988980391837
-0.7052592875317117
-0.9405426332598098
-0.9329270141109193
-0.9116780318049421
-0.79803842129747
-0.8956475873604024
-0.8880319682115119
-0.8667829859055346
-0.7531433753980626
-1.140289193748743
-1.1326735745998522
-1.1114245922938752
-0.9977849817864031
-0.9480737491368585
-0.940458129987968
-0.9192091476819909
-0.8055695371745187
-1.040852882902617
-1.0332372637537262
-1.011988281447749
-0.8983486709402769
-0.9959578370032094
-0.9883422178543187
-0.9670932355483417
-0.8534536250408696
-1.1016665112755046
-1.094050892126614
-1.072801909820637
-0.959162299313165
-0.9094510666636203
-0.9018354475147298
-0.8805864652087526
-0.7669468547012807
-1.0022302004293786
-0.994614581280488
-0.9733655989745109
-0.859725988467039
-0.9573351545299712
-0.9497195353810806
-0.9284705530751035
-0.8148309425676316
-1.4605642837734
-1.452948664624509
-1.4316996823185326
-1.3180600718110602
-1.2683488391615156
-1.260733220012625
-1.2394842377066482
-1.1258446271991762
-1.3611279729272743
-1.3535123537783833
-1.3322633714724068
-1.2186237609649344
-1.3162329270278665
-1.308617307878976
-1.287368325572999
-1.173728715065527
-1.313082276264069
-1.3054666571151785
-1.2842176748092016
-1.1705780643017296
-1.120866831652185
-1.1132512125032943
-1.0920022301973171
-0.9783626196898451
-1.2136459654179432
-1.2060303462690527
-1.1847813639630758
-1.0711417534556034
-1.1687509195185362
-1.1611353003696452
-1.1398863180636682
-1.026246707556196
-1.413392525906876
-1.4057769067579855
-1.3845279244520086
-1.2708883139445366
-1.221177081294992
-1.213561462146101
-1.1923124798401246
-1.0786728693326522
-1.3139562150607502
-1.3063405959118597
-1.2850916136058828
-1.1714520030984106
-1.2690611691613431
-1.2614455500124524
-1.2401965677064755
-1.1265569571990033
-1.374769843433638
-1.367154224284747
-1.34590524197877
-1.232265631471298
-1.1825543988217537
-1.1749387796728632
-1.1536897973668863
-1.0400501868594139
-1.275333532587512
-1.2677179134386212
-1.2464689311326442
-1.1328293206251725
-1.2304384866881046
-1.222822867539214
-1.2015738852332372
-1.087934274725765
-1.1922778701371457
-1.184662250988255
-1.163413268682278
-1.0497736581748058
-1.0000624255252615
-0.9924468063763707
-0.9711978240703937
-0.8575582135629216
-1.09284155929102
-1.0852259401421291
-1.0639769578361522
-0.95033734732868
-1.0479465133916124
-1.0403308942427216
-1.0190819119367445
-0.9054423014292724
-1.0447958626278147
-1.0371802434789241
-1.015931261172947
-0.902291650665475
-0.8525804180159304
-0.8449647988670398
-0.8237158165610627
-0.7100762060535907
-0.9453595517816887
-0.9377439326327981
-0.9164949503268212
-0.802855339819349
-0.9004645058822813
-0.8928488867333908
-0.8715999044274138
-0.7579602939199416
-1.1451061122706216
-1.1374904931217311
-1.1162415108157542
-1.002601900308282
-0.9528906676587372
-0.9452750485098469
-0.9240260662038697
-0.8103864556963977
-1.0456698014244958
-1.038054182275605
-1.016805199969628
-0.9031655894621561
-1.000774755525088
-0.9931591363761977
-0.9719101540702206
-0.8582705435627486
-1.1064834297973836
-1.098867810648493
-1.0776188283425159
-0.9639792178350439
-0.9142679851854992
-0.9066523660366086
-0.8854033837306315
-0.7717637732231595
-1.0070471189512575
-0.9994314998023669
-0.9781825174963898
-0.8645429069889178
-0.9621520730518501
-0.9545364539029595
-0.9332874715969824
-0.8196478610895104
-1.3147208538773252
-1.3071052347284342
-1.2858562524224577
-1.1722166419149853
-1.1225054092654405
-1.11488979011655
-1.093640807810573
-0.9800011973031012
-1.215284543031199
-1.2076689238823084
-1.1864199415763315
-1.0727803310688595
-1.1703894971317914
-1.1627738779829009
-1.141524895676924
-1.0278852851694522
-1.167238846367994
-1.1596232272191034
-1.1383742449131264
-1.0247346344056543
-0.9750234017561097
-0.9674077826072194
-0.9461588003012422
-0.8325191897937702
-1.0678025355218679
-1.0601869163729776
-1.0389379340670006
-0.9252983235595286
-1.0229074896224606
-1.0152918704735703
-0.9940428881675931
-0.8804032776601212
-1.267549096010801
-1.2599334768619104
-1.2386844945559334
-1.1250448840484613
-1.0753336513989167
-1.0677180322500262
-1.0464690499440492
-0.9328294394365773
-1.1681127851646749
-1.1604971660157843
-1.1392481837098074
-1.0256085732023357
-1.1232177392652676
-1.115602120116377
-1.0943531378104001
-0.9807135273029279
-1.228926413537563
-1.221310794388672
-1.2000618120826951
-1.0864222015752232
-1.0367109689256788
-1.029095349776788
-1.007846367470811
-0.894206756963339
-1.1294901026914368
-1.1218744835425463
-1.100625501236569
-0.9869858907290973
-1.0845950567920293
-1.076979437643139
-1.0557304553371618
-0.9420908448296899
-1.4172136083988074
-1.4095979892499164
-1.3883490069439395
-1.2747093964364675
-1.2249981637869232
-1.2173825446380322
-1.1961335623320555
-1.0824939518245835
-1.3177772975526816
-1.3101616784037906
-1.2889126960978137
-1.1752730855903415
-1.272882251653274
-1.265266632504383
-1.2440176501984064
-1.1303780396909342
-1.2697316008894763
-1.2621159817405856
-1.2408669994346089
-1.1272273889271367
-1.0775161562775921
-1.0699005371287016
-1.0486515548227247
-0.9350119443152525
-1.1702952900433503
-1.1626796708944598
-1.1414306885884826
-1.027791078081011
-1.125400244143943
-1.1177846249950525
-1.0965356426890753
-0.9828960321816034
-1.3700418505322836
-1.3624262313833926
-1.3411772490774156
-1.2275376385699437
-1.177826405920399
-1.1702107867715086
-1.1489618044655316
-1.0353221939580595
-1.2706055396861575
-1.2629899205372666
-1.2417409382312898
-1.1281013277238177
-1.22571049378675
-1.2180948746378593
-1.1968458923318825
-1.0832062818244104
-1.3314191680590453
-1.3238035489101543
-1.3025545666041773
-1.1889149560967054
-1.1392037234471608
-1.1315881042982703
-1.1103391219922933
-0.9966995114848214
-1.231982857212919
-1.2243672380640285
-1.2031182557580515
-1.0894786452505796
-1.1870878113135115
-1.1794721921646212
-1.1582232098586442
-1.0445835993511723
-1.6903169405569405
-1.6827013214080495
-1.661452339102073
-1.5478127285946006
-1.4981014959450563
-1.4904858767961655
-1.4692368944901886
-1.3555972839827164
-1.5908806297108147
-1.5832650105619237
-1.5620160282559468
-1.4483764177484748
-1.5459855838114072
-1.5383699646625166
-1.5171209823565397
-1.4034813718490673
-1.5428349330476094
-1.535219313898719
-1.513970331592742
-1.4003307210852702
-1.3506194884357257
-1.3430038692868347
-1.3217548869808582
-1.2081152764733858
-1.4433986222014838
-1.435783003052593
-1.4145340207466162
-1.300894410239144
-1.3985035763020761
-1.3908879571531856
-1.3696389748472086
-1.2559993643397367
-1.6431451826904167
-1.635529563541526
-1.614280581235549
-1.5006409707280768
-1.4509297380785322
-1.4433141189296417
-1.4220651366236647
-1.3084255261161928
-1.5437088718442908
-1.5360932526953996
-1.5148442703894234
-1.401204659881951
-1.498813825944883
-1.4911982067959926
-1.4699492244900156
-1.3563096139825437
-1.6045225002171786
-1.5969068810682876
-1.5756578987623107
-1.4620182882548387
-1.4123070556052941
-1.4046914364564036
-1.3834424541504267
-1.2698028436429543
-1.5050861893710523
-1.4974705702221618
-1.4762215879161849
-1.362581977408713
-1.460191143471645
-1.452575524322754
-1.4313265420167776
-1.3176869315093052
-1.422030526920686
-1.4144149077717956
-1.3931659254658186
-1.2795263149583462
-1.229815082308802
-1.2221994631599111
-1.2009504808539342
-1.0873108703464625
-1.3225942160745603
-1.3149785969256693
-1.2937296146196928
-1.1800900041122204
-1.2776991701751528
-1.270083551026262
-1.248834568720285
-1.1351949582128131
-1.2745485194113555
-1.2669329002624645
-1.2456839179564876
-1.1320443074490156
-1.082333074799471
-1.0747174556505805
-1.0534684733446036
-0.9398288628371314
-1.1751122085652292
-1.1674965894163385
-1.1462476071103618
-1.0326079966028898
-1.130217162665822
-1.1226015435169314
-1.1013525612109545
-0.9877129507034823
-1.374858769054162
-1.3672431499052715
-1.3459941675992946
-1.2323545570918228
-1.182643324442278
-1.1750277052933875
-1.1537787229874104
-1.0401391124799384
-1.2754224582080365
-1.2678068390591457
-1.2465578567531688
-1.1329182462456968
-1.230527412308629
-1.2229117931597384
-1.2016628108537615
-1.0880232003462893
-1.3362360865809242
-1.3286204674320337
-1.3073714851260567
-1.1937318746185843
-1.1440206419690397
-1.1364050228201492
-1.1151560405141723
-1.0015164300067
-1.236799775734798
-1.2291841565859074
-1.2079351742799305
-1.0942955637724585
-1.1919047298353906
-1.1842891106865001
-1.1630401283805232
-1.049400517873051
