-0.8293884592196252
-0.8209869408265215
-0.8053346246739023
-0.8234344845160423
-0.32362348420547477
-0.315221965812371
-0.2995696496597517
-0.3176695095018918
-0.5738378266536904
-0.5654363082605866
-0.5497839921079674
-0.5678838519501074
-0.6719915678983069
-0.6635900495052033
-0.647937733352584
-0.666037593194724
-1.1043122395358724
-1.095910721142769
-1.0802584049901496
-1.0983582648322896
-0.5985472645217221
-0.5901457461286184
-0.5744934299759992
-0.5925932898181392
-0.848761606969938
-0.8403600885768343
-0.8247077724242149
-0.8428076322663549
-0.9469153482145544
-0.9385138298214509
-0.9228615136688315
-0.9409613735109715
-0.8916681019111178
-0.8832665835180141
-0.8676142673653948
-0.8857141272075348
-0.3859031268969673
-0.3775016085038636
-0.3618492923512444
-0.37994915219338443
-0.636117469345183
-0.6277159509520792
-0.61206363479946
-0.6301634946416
-0.7342712105897996
-0.7258696921966958
-0.7102173760440765
-0.7283172358862166
-1.140682329100579
-1.1322808107074753
-1.116628494554856
-1.134728354396996
-0.6349173540864287
-0.626515835693325
-0.6108635195407056
-0.6289633793828456
-0.8851316965346442
-0.8767301781415405
-0.8610778619889211
-0.8791777218310611
-0.9832854377792608
-0.9748839193861571
-0.9592316032335378
-0.9773314630756779
-1.0194155705478372
-1.0110140521547337
-0.9953617360021143
-1.0134615958442543
-0.5136505955336871
-0.5052490771405832
-0.48959676098796395
-0.507696620830104
-0.7638649379819027
-0.755463419588799
-0.7398111034361796
-0.7579109632783196
-0.8620186792265191
-0.8536171608334154
-0.8379648446807962
-0.8560647045229363
-1.2943393508640846
-1.2859378324709811
-1.2702855163183617
-1.2883853761605017
-0.7885743758499344
-0.7801728574568307
-0.7645205413042114
-0.7826204011463515
-1.03878871829815
-1.0303871999050462
-1.014734883752427
-1.032834743594567
-1.1369424595427666
-1.128540941149663
-1.1128886249970436
-1.1309884848391836
-1.0816952132393298
-1.0732936948462262
-1.0576413786936067
-1.0757412385357468
-0.5759302382251796
-0.5675287198320759
-0.5518764036794567
-0.5699762635215967
-0.8261445806733952
-0.8177430622802916
-0.8020907461276722
-0.8201906059698122
-0.9242983219180116
-0.915896803524908
-0.9002444873722887
-0.9183443472144287
-1.3307094404287911
-1.3223079220356873
-1.3066556058830678
-1.324755465725208
-0.8249444654146408
-0.8165429470215372
-0.8008906308689179
-0.8189904907110579
-1.0751588078628562
-1.0667572894697528
-1.0511049733171334
-1.0692048331592734
-1.173312549107473
-1.164911030714369
-1.14925871456175
-1.1673585744038901
-1.0900101386779852
-1.0816086202848816
-1.0659563041322624
-1.0840561639744024
-0.5842451636638349
-0.5758436452707312
-0.5601913291181119
-0.578291188960252
-0.8344595061120508
-0.8260579877189471
-0.8104056715663277
-0.8285055314084677
-0.9326132473566674
-0.9242117289635635
-0.9085594128109443
-0.9266592726530845
-1.3649339189942327
-1.356532400601129
-1.3408800844485098
-1.3589799442906498
-0.8591689439800825
-0.8507674255869788
-0.8351151094343595
-0.8532149692764995
-1.109383286428298
-1.1009817680351943
-1.0853294518825751
-1.1034293117247151
-1.2075370276729147
-1.199135509279811
-1.1834831931271916
-1.2015830529693317
-1.152289781369478
-1.1438882629763742
-1.1282359468237548
-1.1463358066658949
-0.6465248063553276
-0.6381232879622238
-0.6224709718096045
-0.6405708316517446
-0.8967391488035431
-0.8883376304104397
-0.8726853142578203
-0.8907851740999603
-0.9948928900481597
-0.9864913716550561
-0.9708390555024368
-0.9889389153445768
-1.401304008558939
-1.3929024901658353
-1.3772501740132161
-1.3953500338553562
-0.8955390335447887
-0.887137515151685
-0.8714851989990658
-0.8895850588412059
-1.1457533759930043
-1.1373518575999009
-1.1216995414472815
-1.1397994012894215
-1.243907117237621
-1.2355055988445172
-1.2198532826918977
-1.2379531425340378
-0.7836105423741982
-0.7752090239810946
-0.7595567078284753
-0.7776565676706153
-0.277845567360048
-0.26944404896694424
-0.25379173281432493
-0.27189159265646506
-0.5280599098082638
-0.5196583914151599
-0.5040060752625406
-0.5221059351046806
-0.6262136510528802
-0.6178121326597764
-0.6021598165071572
-0.6202596763492972
-1.0585343226904456
-1.050132804297342
-1.0344804881447227
-1.0525803479868627
-0.5527693476762955
-0.5443678292831916
-0.5287155131305723
-0.5468153729727123
-0.8029836901245108
-0.7945821717314071
-0.7789298555787879
-0.7970297154209279
-0.9011374313691275
-0.8927359129760241
-0.8770835968234046
-0.8951834566655447
-0.8458901850656907
-0.837488666672587
-0.8218363505199678
-0.8399362103621079
-0.3401252100515406
-0.33172369165843685
-0.3160713755058176
-0.3341712353479576
-0.5903395524997562
-0.5819380341066523
-0.566285717954033
-0.5843855777961731
-0.6884932937443727
-0.6800917753512691
-0.6644394591986498
-0.6825393190407899
-1.094904412255152
-1.0865028938620482
-1.0708505777094288
-1.088950437551569
-0.589139437241002
-0.5807379188478982
-0.5650856026952789
-0.5831854625374189
-0.8393537796892173
-0.8309522612961137
-0.8152999451434945
-0.8333998049856345
-0.9375075209338339
-0.9291060025407302
-0.9134536863881109
-0.9315535462302509
-0.9414300426262288
-0.9330285242331252
-0.9173762080805058
-0.9354760679226458
-0.4356650676120785
-0.4272635492189747
-0.41161123306635544
-0.42971109290849546
-0.6858794100602941
-0.6774778916671903
-0.661825575514571
-0.6799254353567111
-0.7840331513049108
-0.7756316329118071
-0.7599793167591877
-0.7780791766013277
-1.2163538229424764
-1.2079523045493725
-1.1922999883967533
-1.2103998482388933
-0.7105888479283258
-0.7021873295352222
-0.6865350133826028
-0.7046348732247428
-0.9608031903765416
-0.952401671983438
-0.9367493558308185
-0.9548492156729586
-1.0589569316211582
-1.0505554132280546
-1.0349030970754354
-1.0530029569175754
-1.0037096853177214
-0.9953081669246178
-0.9796558507719983
-0.9977557106141384
-0.4979447103035712
-0.48954319191046736
-0.4738908757578481
-0.4919907355999881
-0.7481590527517866
-0.739757534358683
-0.7241052182060637
-0.7422050780482037
-0.8463127939964034
-0.8379112756032997
-0.8222589594506803
-0.8403588192928203
-1.2527239125071825
-1.2443223941140789
-1.2286700779614594
-1.2467699378035995
-0.7469589374930323
-0.7385574190999287
-0.7229051029473094
-0.7410049627894494
-0.9971732799412479
-0.9887717615481443
-0.973119445395525
-0.991219305237665
-1.0953270211858646
-1.086925502792761
-1.0712731866401415
-1.0893730464822815
-1.131457153954441
-1.1230556355613375
-1.107403319408718
-1.125503179250858
-0.6256921789402907
-0.617290660547187
-0.6016383443945678
-0.6197382042367078
-0.8759065213885062
-0.8675050029954026
-0.8518526868427833
-0.8699525466849233
-0.9740602626331228
-0.9656587442400192
-0.9500064280873999
-0.9681062879295399
-1.406380934270688
-1.3979794158775845
-1.3823270997249653
-1.4004269595671055
-0.900615959256538
-0.8922144408634344
-0.8765621247108152
-0.8946619845529552
-1.1508303017047536
-1.14242878331165
-1.1267764671590308
-1.1448763270011708
-1.2489840429493702
-1.2405825245562665
-1.2249302084036473
-1.2430300682457873
-1.1937367966459334
-1.18533527825283
-1.1696829621002105
-1.1877828219423505
-0.6879718216317833
-0.6795703032386795
-0.6639179870860603
-0.6820178469282004
-0.9381861640799988
-0.9297846456868951
-0.9141323295342758
-0.9322321893764158
-1.0363399053246154
-1.0279383869315117
-1.0122860707788923
-1.0303859306210323
-1.4427510238353947
-1.434349505442291
-1.4186971892896718
-1.4367970491318118
-0.9369860488212444
-0.9285845304281408
-0.9129322142755215
-0.9310320741176614
-1.18720039126946
-1.1787988728763563
-1.163146556723737
-1.181246416565877
-1.2853541325140765
-1.2769526141209728
-1.2613002979683536
-1.2794001578104937
-1.202051722084589
-1.1936502036914856
-1.1779978875388661
-1.1960977473810062
-0.6962867470704386
-0.6878852286773349
-0.6722329125247155
-0.6903327723668556
-0.9465010895186543
-0.9380995711255506
-0.9224472549729313
-0.9405471148150714
-1.0446548307632708
-1.0362533123701672
-1.020600996217548
-1.038700856059688
-1.4769755024008366
-1.4685739840077325
-1.4529216678551136
-1.4710215276972534
-0.9712105273866861
-0.9628090089935825
-0.9471566928409633
-0.9652565526831033
-1.2214248698349017
-1.2130233514417983
-1.1973710352891789
-1.215470895131319
-1.3195786110795182
-1.3111770926864146
-1.2955247765337952
-1.3136246363759352
-1.2643313647760814
-1.255929846382978
-1.2402775302303586
-1.2583773900724986
-0.7585663897619311
-0.7501648713688275
-0.7345125552162082
-0.7526124150583482
-1.0087807322101467
-1.000379213817043
-0.9847268976644238
-1.0028267575065637
-1.1069344734547635
-1.0985329550616598
-1.0828806389090404
-1.1009804987511804
-1.5133455919655427
-1.5049440735724389
-1.48929175741982
-1.50739161726196
-1.0075806169513923
-0.9991790985582888
-0.9835267824056694
-1.0016266422478093
-1.257794959399608
-1.2493934410065044
-1.2337411248538852
-1.2518409846960252
-1.3559487006442248
-1.3475471822511207
-1.3318948660985015
-1.3499947259406415
-0.8956521257808019
-0.8872506073876982
-0.8715982912350789
-0.889698151077219
-0.3898871507666517
-0.3814856323735479
-0.3658333162209287
-0.3839331760630687
-0.6401014932148673
-0.6316999748217634
-0.6160476586691442
-0.6341475185112843
-0.7382552344594838
-0.7298537160663802
-0.7142013999137609
-0.7323012597559009
-1.1705759060970493
-1.1621743877039457
-1.1465220715513262
-1.1646219313934663
-0.6648109310828991
-0.6564094126897954
-0.6407570965371759
-0.6588569563793162
-0.9150252735311146
-0.9066237551380109
-0.8909714389853916
-0.9090712988275317
-1.0131790147757311
-1.0047774963826275
-0.9891251802300082
-1.007225040072148
-0.9579317684722944
-0.9495302500791908
-0.9338779339265715
-0.9519777937687115
-0.4521667934581443
-0.4437652750650405
-0.42811295891242124
-0.44621281875456126
-0.7023811359063599
-0.6939796175132561
-0.6783273013606369
-0.6964271612027769
-0.8005348771509763
-0.7921333587578726
-0.7764810426052534
-0.7945809024473934
-1.2069459956617556
-1.198544477268652
-1.1828921611160326
-1.2009920209581726
-0.7011810206476056
-0.6927795022545019
-0.6771271861018825
-0.6952270459440225
-0.9513953630958207
-0.9429938447027172
-0.9273415285500978
-0.9454413883922378
-1.0495491043404375
-1.0411475859473338
-1.0254952697947146
-1.0435951296368546
-0.9414300426262288
-0.9330285242331252
-0.9173762080805058
-0.9354760679226458
-0.4356650676120785
-0.4272635492189747
-0.41161123306635544
-0.42971109290849546
-0.6858794100602941
-0.6774778916671903
-0.661825575514571
-0.6799254353567111
-0.7840331513049108
-0.7756316329118071
-0.7599793167591877
-0.7780791766013277
-1.2163538229424764
-1.2079523045493725
-1.1922999883967533
-1.2103998482388933
-0.7105888479283258
-0.7021873295352222
-0.6865350133826028
-0.7046348732247428
-0.9608031903765416
-0.952401671983438
-0.9367493558308185
-0.9548492156729586
-1.0589569316211582
-1.0505554132280546
-1.0349030970754354
-1.0530029569175754
-1.0037096853177214
-0.9953081669246178
-0.9796558507719983
-0.9977557106141384
-0.4979447103035712
-0.48954319191046736
-0.4738908757578481
-0.4919907355999881
-0.7481590527517866
-0.739757534358683
-0.7241052182060637
-0.7422050780482037
-0.8463127939964034
-0.8379112756032997
-0.8222589594506803
-0.8403588192928203
-1.2527239125071825
-1.2443223941140789
-1.2286700779614594
-1.2467699378035995
-0.7469589374930323
-0.7385574190999287
-0.7229051029473094
-0.7410049627894494
-0.9971732799412479
-0.9887717615481443
-0.973119445395525
-0.991219305237665
-1.0953270211858646
-1.086925502792761
-1.0712731866401415
-1.0893730464822815
-1.131457153954441
-1.1230556355613375
-1.107403319408718
-1.125503179250858
-0.6256921789402907
-0.617290660547187
-0.6016383443945678
-0.6197382042367078
-0.8759065213885062
-0.8675050029954026
-0.8518526868427833
-0.8699525466849233
-0.9740602626331228
-0.9656587442400192
-0.9500064280873999
-0.9681062879295399
-1.406380934270688
-1.3979794158775845
-1.3823270997249653
-1.4004269595671055
-0.900615959256538
-0.8922144408634344
-0.8765621247108152
-0.8946619845529552
-1.1508303017047536
-1.14242878331165
-1.1267764671590308
-1.1448763270011708
-1.2489840429493702
-1.2405825245562665
-1.2249302084036473
-1.2430300682457873
-1.1937367966459334
-1.18533527825283
-1.1696829621002105
-1.1877828219423505
-0.6879718216317833
-0.6795703032386795
-0.6639179870860603
-0.6820178469282004
-0.9381861640799988
-0.9297846456868951
-0.9141323295342758
-0.9322321893764158
-1.0363399053246154
-1.0279383869315117
-1.0122860707788923
-1.0303859306210323
-1.4427510238353947
-1.434349505442291
-1.4186971892896718
-1.4367970491318118
-0.9369860488212444
-0.9285845304281408
-0.9129322142755215
-0.9310320741176614
-1.18720039126946
-1.1787988728763563
-1.163146556723737
-1.181246416565877
-1.2853541325140765
-1.2769526141209728
-1.2613002979683536
-1.2794001578104937
-1.202051722084589
-1.1936502036914856
-1.1779978875388661
-1.1960977473810062
-0.6962867470704386
-0.6878852286773349
-0.6722329125247155
-0.6903327723668556
-0.9465010895186543
-0.9380995711255506
-0.9224472549729313
-0.9405471148150714
-1.0446548307632708
-1.0362533123701672
-1.020600996217548
-1.038700856059688
-1.4769755024008366
-1.4685739840077325
-1.4529216678551136
-1.4710215276972534
-0.9712105273866861
-0.9628090089935825
-0.9471566928409633
-0.9652565526831033
-1.2214248698349017
-1.2130233514417983
-1.1973710352891789
-1.215470895131319
-1.3195786110795182
-1.3111770926864146
-1.2955247765337952
-1.3136246363759352
-1.2643313647760814
-1.255929846382978
-1.2402775302303586
-1.2583773900724986
-0.7585663897619311
-0.7501648713688275
-0.7345125552162082
-0.7526124150583482
-1.0087807322101467
-1.000379213817043
-0.9847268976644238
-1.0028267575065637
-1.1069344734547635
-1.0985329550616598
-1.0828806389090404
-1.1009804987511804
-1.5133455919655427
-1.5049440735724389
-1.48929175741982
-1.50739161726196
-1.0075806169513923
-0.9991790985582888
-0.9835267824056694
-1.0016266422478093
-1.257794959399608
-1.2493934410065044
-1.2337411248538852
-1.2518409846960252
-1.3559487006442248
-1.3475471822511207
-1.3318948660985015
-1.3499947259406415
-0.8956521257808019
-0.8872506073876982
-0.8715982912350789
-0.889698151077219
-0.3898871507666517
-0.3814856323735479
-0.3658333162209287
-0.3839331760630687
-0.6401014932148673
-0.6316999748217634
-0.6160476586691442
-0.6341475185112843
-0.7382552344594838
-0.7298537160663802
-0.7142013999137609
-0.7323012597559009
-1.1705759060970493
-1.1621743877039457
-1.1465220715513262
-1.1646219313934663
-0.6648109310828991
-0.6564094126897954
-0.6407570965371759
-0.6588569563793162
-0.9150252735311146
-0.9066237551380109
-0.8909714389853916
-0.9090712988275317
-1.0131790147757311
-1.0047774963826275
-0.9891251802300082
-1.007225040072148
-0.9579317684722944
-0.9495302500791908
-0.9338779339265715
-0.9519777937687115
-0.4521667934581443
-0.4437652750650405
-0.42811295891242124
-0.44621281875456126
-0.7023811359063599
-0.6939796175132561
-0.6783273013606369
-0.6964271612027769
-0.8005348771509763
-0.7921333587578726
-0.7764810426052534
-0.7945809024473934
-1.2069459956617556
-1.198544477268652
-1.1828921611160326
-1.2009920209581726
-0.7011810206476056
-0.6927795022545019
-0.6771271861018825
-0.6952270459440225
-0.9513953630958207
-0.9429938447027172
-0.9273415285500978
-0.9454413883922378
-1.0495491043404375
-1.0411475859473338
-1.0254952697947146
-1.0435951296368546
-0.9134187001627115
-0.9050171817696079
-0.8893648656169887
-0.9074647254591287
-0.40765372514856124
-0.3992522067554574
-0.3835998906028382
-0.40169975044497824
-0.6578680675967769
-0.6494665492036731
-0.6338142330510538
-0.6519140928931939
-0.7560218088413936
-0.7476202904482898
-0.7319679742956707
-0.7500678341378108
-1.188342480478959
-1.1799409620858554
-1.164288645933236
-1.182388505775376
-0.6825775054648086
-0.6741759870717049
-0.6585236709190856
-0.6766235307612257
-0.9327918479130245
-0.9243903295199208
-0.9087380133673014
-0.9268378732094414
-1.030945589157641
-1.0225440707645375
-1.006891754611918
-1.024991614454058
-0.9756983428542042
-0.9672968244611005
-0.9516445083084811
-0.9697443681506211
-0.46993336784005374
-0.4615318494469501
-0.4458795332943308
-0.4639793931364708
-0.7201477102882694
-0.7117461918951657
-0.6960938757425464
-0.7141937355846865
-0.818301451532886
-0.8098999331397824
-0.7942476169871631
-0.8123474768293031
-1.2247125700436654
-1.2163110516505615
-1.2006587354979426
-1.2187585953400826
-0.7189475950295151
-0.7105460766364114
-0.6948937604837923
-0.7129936203259323
-0.9691619374777307
-0.9607604190846271
-0.9451081029320076
-0.9632079627741477
-1.0673156787223472
-1.0589141603292436
-1.0432618441766244
-1.0613617040187644
-1.1034458114909238
-1.0950442930978201
-1.0793919769452007
-1.0974918367873407
-0.5976808364767735
-0.5892793180836696
-0.5736270019310504
-0.5917268617731904
-0.847895178924989
-0.8394936605318853
-0.8238413443792659
-0.8419412042214062
-0.9460489201696056
-0.937647401776502
-0.9219950856238827
-0.9400949454660227
-1.3783695918071712
-1.3699680734140671
-1.3543157572614481
-1.3724156171035882
-0.8726046167930207
-0.8642030983999173
-0.8485507822472979
-0.8666506420894379
-1.1228189592412365
-1.1144174408481327
-1.0987651246955135
-1.1168649845376535
-1.220972700485853
-1.2125711820927494
-1.1969188659401302
-1.2150187257822702
-1.1657254541824162
-1.1573239357893126
-1.1416716196366932
-1.1597714794788332
-0.6599604791682661
-0.6515589607751623
-0.6359066446225431
-0.6540065044646831
-0.9101748216164816
-0.9017733032233779
-0.8861209870707585
-0.9042208469128985
-1.008328562861098
-0.9999270444679945
-0.9842747283153752
-1.0023745881575152
-1.4147396813718773
-1.4063381629787737
-1.3906858468261545
-1.4087857066682945
-0.9089747063577273
-0.9005731879646235
-0.8849208718120042
-0.9030207316541442
-1.1591890488059426
-1.150787530412839
-1.1351352142602196
-1.1532350741023596
-1.2573427900505594
-1.2489412716574557
-1.2332889555048363
-1.2513888153469763
-1.1740403796210719
-1.1656388612279682
-1.1499865450753488
-1.1680864049174888
-0.6682754046069214
-0.6598738862138176
-0.6442215700611983
-0.6623214299033384
-0.9184897470551371
-0.9100882286620334
-0.894435912509414
-0.912535772351554
-1.0166434882997537
-1.00824196990665
-0.9925896537540306
-1.0106895135961709
-1.4489641599373189
-1.4405626415442156
-1.424910325391596
-1.4430101852337363
-0.943199184923169
-0.9347976665300654
-0.9191453503774459
-0.937245210219586
-1.1934135273713844
-1.185012008978281
-1.1693596928256615
-1.1874595526678016
-1.2915672686160011
-1.2831657502228975
-1.267513434070278
-1.285613293912418
-1.236320022312564
-1.2279185039194607
-1.2122661877668413
-1.2303660476089813
-0.7305550472984139
-0.7221535289053103
-0.706501212752691
-0.724601072594831
-0.9807693897466296
-0.9723678713535259
-0.9567155552009066
-0.9748154150430466
-1.0789231309912461
-1.0705216125981425
-1.0548692964455233
-1.0729691562876633
-1.4853342495020254
-1.4769327311089218
-1.4612804149563026
-1.4793802747984426
-0.9795692744878752
-0.9711677560947716
-0.9555154399421523
-0.9736152997842923
-1.2297836169360907
-1.221382098542987
-1.2057297823903677
-1.2238296422325077
-1.3279373581807075
-1.3195358397876038
-1.3038835236349844
-1.3219833834771244
-0.8676407833172846
-0.859239264924181
-0.8435869487715616
-0.8616868086137016
-0.3618758083031344
-0.3534742899100307
-0.33782197375741146
-0.3559218335995515
-0.6120901507513501
-0.6036886323582463
-0.5880363162056271
-0.6061361760477672
-0.7102438919959666
-0.701842373602863
-0.6861900574502435
-0.7042899172923837
-1.1425645636335322
-1.1341630452404283
-1.1185107290878091
-1.1366105889299492
-0.6367995886193819
-0.6283980702262781
-0.6127457540736588
-0.6308456139157989
-0.8870139310675973
-0.8786124126744936
-0.8629600965218743
-0.8810599563640144
-0.985167672312214
-0.9767661539191104
-0.9611138377664911
-0.9792136976086311
-0.9299204260087771
-0.9215189076156736
-0.9058665914630541
-0.9239664513051942
-0.42415545099462704
-0.4157539326015233
-0.40010161644890396
-0.418201476291044
-0.6743697934428426
-0.6659682750497389
-0.6503159588971196
-0.6684158187392596
-0.7725235346874592
-0.7641220162943555
-0.7484697001417362
-0.7665695599838762
-1.1789346531982383
-1.1705331348051347
-1.1548808186525152
-1.1729806784946553
-0.6731696781840882
-0.6647681597909846
-0.6491158436383654
-0.6672157034805054
-0.9233840206323037
-0.9149825022392001
-0.8993301860865808
-0.9174300459287208
-1.0215377618769204
-1.0131362434838167
-0.9974839273311972
-1.0155837871733373
