-0.9126874600895942
-1.0747395672972175
-0.8671835248846522
-0.975309397001453
-0.6411623702926819
-0.8032144775003051
-0.59565843508774
-0.7037843072045408
-0.2687516806364284
-0.43080378784405154
-0.22324774543148643
-0.33137361754828715
-0.7390517240290377
-0.9011038312366609
-0.6935477888240958
-0.8016736609408963
-1.0531877503504128
-1.215239857558036
-1.007683815145471
-1.1158096872622716
-0.7816626605535006
-0.9437147677611238
-0.7361587253485588
-0.8442845974653594
-0.4092519708972471
-0.5713040781048702
-0.36374803569230507
-0.4718739078091057
-0.8795520142898563
-1.0416041214974794
-0.8340480790849143
-0.9421739512017151
-0.8990403114717019
-1.0610924186793251
-0.85353637626676
-0.9616622483835608
-0.6275152216747897
-0.7895673288824129
-0.5820112864698478
-0.6901371585866485
-0.2551045320185362
-0.4171566392261594
-0.20960059681359428
-0.317726468930395
-0.7254045754111456
-0.8874566826187688
-0.6799006402062037
-0.7880265123230041
-0.701920786586541
-0.8639728937941642
-0.656416851381599
-0.7645427234983998
-0.43039569678962875
-0.5924478039972519
-0.38489176158468674
-0.49301763370148743
-0.05798500713337514
-0.22003711434099832
-0.012481071928433219
-0.1206069440452339
-0.5282850505259843
-0.6903371577336075
-0.48278111532104234
-0.5909069874378432
-1.248651957143967
-1.41070406435159
-1.203148021939025
-1.3112738940558255
-0.9771268673470546
-1.1391789745546779
-0.9316229321421126
-1.0397488042589134
-0.6047161776908009
-0.7667682848984242
-0.5592122424858591
-0.6673381146026597
-1.0750162210834102
-1.2370683282910335
-1.0295122858784682
-1.137638157995269
-1.3891522474047855
-1.5512043546124088
-1.3436483121998435
-1.4517741843166443
-1.1176271576078733
-1.2796792648154964
-1.0721232224029316
-1.180249094519732
-0.7452164679516197
-0.9072685751592429
-0.6997125327466777
-0.8078384048634785
-1.2155165113442292
-1.3775686185518523
-1.170012576139287
-1.2781384482560876
-1.2350048085260745
-1.397056915733698
-1.1895008733211327
-1.2976267454379333
-0.9634797187291624
-1.1255318259367857
-0.9179757835242204
-1.0261016556410212
-0.5910690290729087
-0.753121136280532
-0.5455650938679669
-0.6536909659847675
-1.061369072465518
-1.2234211796731413
-1.015865137260576
-1.1239910093773768
-1.0378852836409134
-1.199937390848537
-0.9923813484359715
-1.1005072205527722
-0.7663601938440013
-0.9284123010516245
-0.7208562586390594
-0.8289821307558599
-0.39394950418774777
-0.5560016113953709
-0.3484455689828058
-0.45657144109960657
-0.864249547580357
-1.0263016547879802
-0.818745612375415
-0.9268714844922158
-1.4719127109596883
-1.6339648181673117
-1.4264087757547468
-1.534534647871547
-1.2003876211627764
-1.3624397283703995
-1.1548836859578344
-1.2630095580746352
-0.8279769315065226
-0.9900290387141459
-0.7824729963015807
-0.8905988684183814
-1.298276974899132
-1.4603290821067552
-1.25277303969419
-1.3608989118109909
-1.6124130012205073
-1.7744651084281304
-1.5669090660155653
-1.6750349381323661
-1.3408879114235952
-1.502940018631218
-1.295383976218653
-1.4035098483354538
-0.9684772217673413
-1.1305293289749647
-0.9229732865623995
-1.0310991586792002
-1.4387772651599506
-1.6008293723675737
-1.3932733299550086
-1.5013992020718094
-1.4582655623417966
-1.6203176695494195
-1.4127616271368546
-1.5208874992536547
-1.1867404725448842
-1.3487925797525073
-1.1412365373399422
-1.249362409456743
-0.8143297828886306
-0.9763818900962538
-0.7688258476836886
-0.8769517198004892
-1.28462982628124
-1.4466819334888628
-1.239125891076298
-1.3472517631930987
-1.2611460374566357
-1.4231981446642585
-1.2156421022516934
-1.3237679743684938
-0.989620947659723
-1.1516730548673462
-0.944117012454781
-1.0522428845715814
-0.6172102580034693
-0.7792623652110925
-0.5717063227985274
-0.6798321949153281
-1.087510301396079
-1.2495624086037018
-1.042006366191137
-1.1501322383079373
-1.0429720883235238
-1.2050241955311474
-0.997468153118582
-1.1055940252353826
-0.7714469985266116
-0.9334991057342348
-0.7259430633216696
-0.8340689354384704
-0.399036308870358
-0.5610884160779811
-0.3535323736654161
-0.46165824578221676
-0.8693363522629672
-1.0313884594705904
-0.8238324170580253
-0.931958289174826
-1.183472378584343
-1.345524485791966
-1.1379684433794006
-1.2460943154962016
-0.9119472887874303
-1.0739993959950533
-0.8664433535824884
-0.974569225699289
-0.5395365991311767
-0.7015887063387999
-0.49403266392623485
-0.6021585360430355
-1.009836642523786
-1.1718887497314092
-0.964332707318844
-1.0724585794356447
-1.0293249397056317
-1.1913770469132552
-0.9838210045006898
-1.0919468766174905
-0.7577998499087194
-0.9198519571163426
-0.7122959147037774
-0.8204217868205782
-0.385389160252466
-0.5474412674600891
-0.339885225047524
-0.44801109716432475
-0.8556892036450751
-1.0177413108526983
-0.8101852684401332
-0.9183111405569339
-0.8322054148204706
-0.9942575220280937
-0.7867014796155286
-0.8948273517323294
-0.5606803250235582
-0.7227324322311814
-0.5151763898186164
-0.623302261935417
-0.18826963536730476
-0.350321742574928
-0.14276570016236287
-0.25089157227916353
-0.6585696787599139
-0.8206217859675371
-0.6130657435549719
-0.7211916156717727
-0.84052140510227
-1.0025735123098933
-0.7950174698973282
-0.9031433420141288
-0.5689963153053577
-0.7310484225129811
-0.5234923801004158
-0.6316182522172166
-0.19658562564910423
-0.35863773285672734
-0.15108169044416228
-0.25920756256096295
-0.6668856690417135
-0.8289377762493367
-0.6213817338367715
-0.7295076059535721
-0.9810216953630887
-1.143073802570712
-0.9355177601581468
-1.0436436322749476
-0.7094966055661764
-0.8715487127737996
-0.6639926703612345
-0.7721185424780352
-0.3370859159099229
-0.499138023117546
-0.291581980704981
-0.3997078528217815
-0.8073859593025321
-0.9694380665101553
-0.7618820240975903
-0.8700078962143909
-0.8268742564843781
-0.9889263636920013
-0.7813703212794361
-0.8894961933962366
-0.5553491666874656
-0.7174012738950889
-0.5098452314825237
-0.6179711035993244
-0.18293847703121208
-0.3449905842388353
-0.13743454182627016
-0.24556041394307085
-0.6532385204238214
-0.8152906276314446
-0.6077345852188795
-0.7158604573356799
-0.6297547315992168
-0.7918068388068402
-0.5842507963942748
-0.6923766685110756
-0.35822964180230454
-0.5202817490099277
-0.31272570659736254
-0.4208515787141633
0.01418104785394901
-0.1478710593536742
0.059684983058890945
-0.04844088905790974
-0.4561189955386602
-0.6181711027462833
-0.4106150603337183
-0.518740932450519
-1.1764859021566427
-1.338538009364266
-1.130981966951701
-1.2391078390685015
-0.9049608123597304
-1.0670129195673537
-0.8594568771547884
-0.9675827492715892
-0.5325501227034769
-0.6946022299110999
-0.4870461874985349
-0.5951720596153355
-1.002850166096086
-1.1649022733037095
-0.957346230891144
-1.0654721030079448
-1.3169861924174617
-1.4790382996250848
-1.2714822572125195
-1.37960812932932
-1.0454611026205491
-1.2075132098281725
-0.9999571674156071
-1.108083039532408
-0.6730504129642954
-0.8351025201719187
-0.6275464777593537
-0.7356723498761543
-1.143350456356905
-1.305402563564528
-1.0978465211519628
-1.2059723932687636
-1.1628387535387505
-1.3248908607463739
-1.1173348183338088
-1.2254606904506093
-0.8913136637418382
-1.0533657709494615
-0.8458097285368963
-0.953935600653697
-0.5189029740855847
-0.6809550812932078
-0.4733990388806428
-0.5815249109974435
-0.989203017478194
-1.1512551246858174
-0.9436990822732518
-1.0518249543900526
-0.9657192286535895
-1.1277713358612127
-0.9202152934486475
-1.0283411655654482
-0.6941941388566771
-0.8562462460643003
-0.6486902036517352
-0.7568160757685359
-0.3217834492004236
-0.4838355564080468
-0.2762795139954816
-0.38440538611228237
-0.7920834925930328
-0.954135599800656
-0.7465795573880908
-0.8547054295048916
-1.3997466559723646
-1.5617987631799874
-1.3542427207674226
-1.4623685928842234
-1.1282215661754522
-1.2902736733830753
-1.08271763097051
-1.190843503087311
-0.7558108765191984
-0.9178629837268217
-0.7103069413142564
-0.8184328134310571
-1.2261109199118079
-1.388163027119431
-1.1806069847068659
-1.2887328568236667
-1.5402469462331831
-1.7022990534408062
-1.4947430110282411
-1.602868883145042
-1.268721856436271
-1.4307739636438939
-1.2232179212313288
-1.3313437933481296
-0.8963111667800171
-1.0583632739876403
-0.8508072315750753
-0.958933103691876
-1.3666112101726264
-1.52866331738025
-1.3211072749676844
-1.4292331470844852
-1.3860995073544724
-1.5481516145620953
-1.3405955721495304
-1.448721444266331
-1.11457441755756
-1.2766265247651831
-1.0690704823526178
-1.1771963544694188
-0.7421637279013064
-0.9042158351089296
-0.6966597926963644
-0.804785664813165
-1.2124637712939157
-1.3745158785015392
-1.1669598360889737
-1.2750857082057745
-1.1889799824693115
-1.3510320896769343
-1.1434760472643692
-1.25160191938117
-0.9174548926723988
-1.0795069998800217
-0.8719509574674568
-0.9800768295842576
-0.5450442030161453
-0.7070963102237685
-0.4995402678112033
-0.607666139928004
-1.0153442464087545
-1.1773963536163778
-0.9698403112038124
-1.0779661833206131
-0.9708060333361996
-1.132858140543823
-0.9253020981312577
-1.0334279702480584
-0.6992809435392874
-0.8613330507469106
-0.6537770083343454
-0.7619028804511462
-0.3268702538830339
-0.48892236109065706
-0.2813663186780919
-0.3894921907948926
-0.7971702972756431
-0.9592224044832663
-0.751666362070701
-0.8597922341875018
-1.1113063235970186
-1.2733584308046417
-1.0658023883920764
-1.1739282605088772
-0.8397812338001062
-1.0018333410077294
-0.7942772985951642
-0.9024031707119649
-0.46737054414385254
-0.6294226513514757
-0.42186660893891065
-0.5299924810557113
-0.9376705875364617
-1.0997226947440848
-0.8921666523315199
-1.0002925244483205
-0.9571588847183076
-1.119210991925931
-0.9116549495133656
-1.0197808216301663
-0.6856337949213952
-0.8476859021290184
-0.6401298597164533
-0.748255731833254
-0.3132231052651418
-0.475275212472765
-0.26771917006019985
-0.3758450421770005
-0.783523148657751
-0.9455752558653742
-0.738019213452809
-0.8461450855696097
-0.7600393598331464
-0.9220914670407695
-0.7145354246282044
-0.8226612967450052
-0.4885142700362343
-0.6505663772438572
-0.4430103348312923
-0.5511362069480928
-0.11610358037998066
-0.27815568758760384
-0.07059964517503872
-0.17872551729183944
-0.5864036237725897
-0.7484557309802129
-0.5408996885676479
-0.6490255606844485
-0.9286167401884199
-1.0906688473960429
-0.8831128049834779
-0.9912386771002787
-0.6570916503915075
-0.8191437575991307
-0.6115877151865656
-0.7197135873033663
-0.28468096073525395
-0.4467330679428771
-0.23917702553031198
-0.3473028976471127
-0.7549810041278632
-0.9170331113354864
-0.7094770689229212
-0.817602941039722
-1.0691170304492383
-1.2311691376568619
-1.0236130952442966
-1.1317389673610974
-0.7975919406523261
-0.9596440478599493
-0.7520880054473843
-0.8602138775641849
-0.42518125099607257
-0.5872333582036957
-0.37967731579113057
-0.48780318790793126
-0.895481294388682
-1.0575334015963052
-0.84997735918374
-0.9581032313005408
-0.9149695915705276
-1.0770216987781507
-0.8694656563655857
-0.9775915284823865
-0.6434445017736153
-0.8054966089812385
-0.5979405665686734
-0.7060664386854741
-0.27103381211736177
-0.43308591932498497
-0.22552987691241985
-0.3336557490292205
-0.741333855509971
-0.9033859627175942
-0.695829920305029
-0.8039557924218298
-0.7178500666853667
-0.8799021738929899
-0.6723461314804247
-0.7804720035972252
-0.4463249768884543
-0.6083770840960775
-0.4008210416835123
-0.508946913800313
-0.07391428723220071
-0.23596639443982387
-0.028410352027258768
-0.13653622414405944
-0.54421433062481
-0.7062664378324331
-0.49871039541986806
-0.6068362675366689
-1.2645812372427925
-1.4266333444504156
-1.2190773020378505
-1.327203174154651
-0.9930561474458801
-1.1551082546535034
-0.9475522122409381
-1.0556780843577387
-0.6206454577896264
-0.7826975649972496
-0.5751415225846847
-0.6832673947014852
-1.0909455011822358
-1.252997608389859
-1.0454415659772938
-1.1535674380940943
-1.4050815275036113
-1.5671336347112343
-1.3595775922986693
-1.46770346441547
-1.133556437706699
-1.2956085449143222
-1.088052502501757
-1.1961783746185577
-0.7611457480504451
-0.9231978552580684
-0.7156418128455032
-0.8237676849623039
-1.2314457914430545
-1.3934978986506779
-1.1859418562381128
-1.2940677283549133
-1.2509340886249
-1.4129861958325236
-1.2054301534199583
-1.3135560255367589
-0.979408998827988
-1.1414611060356112
-0.933905063623046
-1.0420309357398465
-0.6069983091717344
-0.7690504163793576
-0.5614943739667926
-0.6696202460835932
-1.0772983525643436
-1.239350459771967
-1.0317944173594016
-1.1399202894762024
-1.0538145637397391
-1.2158666709473627
-1.0083106285347971
-1.116436500651598
-0.7822894739428268
-0.9443415811504502
-0.7367855387378849
-0.8449114108546856
-0.40987878428657337
-0.5719308914941964
-0.3643748490816314
-0.47250072119843206
-0.8801788276791824
-1.0422309348868055
-0.8346748924742404
-0.9428007645910412
-1.487841991058514
-1.6498940982661374
-1.4423380558535723
-1.5504639279703727
-1.2163169012616017
-1.378369008469225
-1.1708129660566595
-1.2789388381734603
-0.8439062116053482
-1.0059583188129715
-0.7984022764004063
-0.906528148517207
-1.3142062549979572
-1.4762583622055807
-1.2687023197930156
-1.376828191909816
-1.6283422813193331
-1.790394388526956
-1.582838346114391
-1.6909642182311917
-1.3568171915224208
-1.5188692987300436
-1.3113132563174787
-1.4194391284342796
-0.9844065018661668
-1.14645860907379
-0.9389025666612251
-1.0470284387780258
-1.4547065452587764
-1.6167586524663993
-1.4092026100538344
-1.5173284821706352
-1.4741948424406222
-1.6362469496482452
-1.4286909072356802
-1.5368167793524805
-1.2026697526437098
-1.3647218598513329
-1.1571658174387676
-1.2652916895555681
-0.8302590629874561
-0.9923111701950792
-0.7847551277825141
-0.8928809998993148
-1.3005591063800657
-1.4626112135876885
-1.2550551711751234
-1.3631810432919242
-1.2770753175554612
-1.439127424763084
-1.2315713823505188
-1.3396972544673196
-1.0055502277585486
-1.167602334966172
-0.9600462925536064
-1.0681721646704072
-0.633139538102295
-0.7951916453099181
-0.587635602897353
-0.6957614750141538
-1.1034395814949043
-1.2654916887025276
-1.0579356462899623
-1.166061518406763
-1.0589013684223494
-1.220953475629973
-1.0133974332174076
-1.1215233053342082
-0.7873762786254371
-0.9494283858330603
-0.7418723434204952
-0.8499982155372958
-0.4149655889691836
-0.5770176961768066
-0.3694616537642416
-0.4775875258810423
-0.8852656323617929
-1.047317739569416
-0.8397616971568509
-0.9478875692736515
-1.1994016586831684
-1.3614537658907915
-1.1538977234782262
-1.2620235955950272
-0.9278765688862557
-1.089928676093879
-0.8823726336813139
-0.9904985057981146
-0.5554658792300022
-0.7175179864376254
-0.5099619440250602
-0.6180878161418609
-1.0257659226226115
-1.187818029830235
-0.9802619874176697
-1.0883878595344703
-1.0452542198044572
-1.2073063270120807
-0.9997502845995154
-1.107876156716316
-0.773729130007545
-0.9357812372151681
-0.7282251948026031
-0.8363510669194038
-0.4013184403512915
-0.5633705475589146
-0.35581450514634955
-0.4639403772631503
-0.8716184837439006
-1.0336705909515238
-0.8261145485389587
-0.9342404206557593
-0.8481346949192962
-1.0101868021269194
-0.8026307597143543
-0.9107566318311549
-0.5766096051223839
-0.7386617123300071
-0.531105669917442
-0.6392315420342426
-0.20419891546613034
-0.36625102267375353
-0.15869498026118842
-0.2668208523779891
-0.6744989588587396
-0.8365510660663628
-0.6289950236537976
-0.7371208957705981
-0.9995739116739016
-1.1616260188815248
-0.9540699764689596
-1.0621958485857603
-0.7280488218769893
-0.8901009290846125
-0.6825448866720474
-0.7906707587888481
-0.35563813222073576
-0.5176902394283589
-0.31013419701579376
-0.41826006913259445
-0.8259381756133449
-0.9879902828209683
-0.7804342404084029
-0.8885601125252037
-1.1400742019347205
-1.3021263091423436
-1.0945702667297785
-1.2026961388465793
-0.868549112137808
-1.0306012193454313
-0.823045176932866
-0.9311710490496669
-0.49613842248155443
-0.6581905296891776
-0.4506344872766124
-0.5587603593934131
-0.9664384658741637
-1.128490573081787
-0.9209345306692217
-1.0290604027860224
-0.9859267630560093
-1.1479788702636329
-0.9404228278510675
-1.0485486999678681
-0.7144016732590971
-0.8764537804667203
-0.6688977380541552
-0.7770236101709559
-0.34199098360284363
-0.5040430908104667
-0.29648704839790163
-0.4046129205147023
-0.8122910269954527
-0.9743431342030762
-0.766787091790511
-0.8749129639073115
-0.7888072381708484
-0.9508593453784716
-0.7433033029659064
-0.8514291750827072
-0.5172821483739362
-0.6793342555815592
-0.4717782131689941
-0.5799040852857948
-0.14487145871768253
-0.30692356592530573
-0.09936752351274061
-0.20749339562954122
-0.6151715021102917
-0.7772236093179149
-0.56966756690535
-0.6777934390221506
-1.3355384087282745
-1.4975905159358975
-1.2900344735233322
-1.3981603456401328
-1.0640133189313619
-1.2260654261389852
-1.01850938372642
-1.1266352558432209
-0.6916026292751083
-0.8536547364827316
-0.6460986940701664
-0.754224566186967
-1.1619026726677177
-1.3239547798753408
-1.1163987374627757
-1.2245246095795763
-1.476038698989093
-1.6380908061967163
-1.430534763784151
-1.5386606359009518
-1.2045136091921806
-1.3665657163998042
-1.1590096739872389
-1.2671355461040394
-0.8321029195359271
-0.9941550267435503
-0.7865989843309852
-0.8947248564477859
-1.3024029629285363
-1.4644550701361598
-1.2568990277235945
-1.365024899840395
-1.3218912601103823
-1.4839433673180054
-1.27638732490544
-1.3845131970222408
-1.0503661703134697
-1.212418277521093
-1.004862235108528
-1.1129881072253285
-0.6779554806572162
-0.8400075878648395
-0.6324515454522743
-0.740577417569075
-1.1482555240498256
-1.3103076312574486
-1.1027515888448833
-1.2108774609616841
-1.1247717352252211
-1.2868238424328444
-1.0792678000202791
-1.1873936721370797
-0.8532466454283087
-1.015298752635932
-0.8077427102233669
-0.9158685823401673
-0.48083595577205523
-0.6428880629796783
-0.43533202056711323
-0.543457892683914
-0.9511359991646644
-1.1131881063722877
-0.9056320639597224
-1.013757936076523
-1.5587991625439956
-1.7208512697516192
-1.5132952273390536
-1.6214210994558544
-1.2872740727470835
-1.4493261799547068
-1.2417701375421417
-1.349896009658942
-0.91486338309083
-1.0769154902984532
-0.869359447885888
-0.9774853200026888
-1.3851634264834396
-1.5472155336910625
-1.3396594912784974
-1.4477853633952982
-1.6992994528048149
-1.8613515600124377
-1.6537955175998726
-1.761921389716673
-1.4277743630079025
-1.5898264702155254
-1.3822704278029605
-1.4903962999197613
-1.0553636733516487
-1.217415780559272
-1.009859738146707
-1.1179856102635075
-1.5256637167442582
-1.687715823951881
-1.4801597815393162
-1.588285653656117
-1.545152013926104
-1.707204121133727
-1.499648078721162
-1.6077739508379627
-1.2736269241291918
-1.4356790313368146
-1.2281229889242495
-1.33624886104105
-0.901216234472938
-1.063268341680561
-0.855712299267996
-0.9638381713847967
-1.3715162778655474
-1.5335683850731703
-1.3260123426606052
-1.434138214777406
-1.348032489040943
-1.5100845962485658
-1.3025285538360005
-1.4106544259528018
-1.0765073992440304
-1.2385595064516537
-1.0310034640390884
-1.139129336155889
-0.7040967095877767
-0.8661488167953999
-0.6585927743828347
-0.7667186464996355
-1.1743967529803863
-1.3364488601880093
-1.128892817775444
-1.2370186898922446
-1.1298585399078316
-1.2919106471154547
-1.0843546047028891
-1.19248047681969
-0.858333450110919
-1.020385557318542
-0.812829514905977
-0.9209553870227778
-0.4859227604546653
-0.6479748676622886
-0.4404188252497235
-0.5485446973665241
-0.9562228038472746
-1.1182749110548977
-0.9107188686423326
-1.0188447407591334
-1.2703588301686504
-1.4324109373762732
-1.2248548949637084
-1.3329807670805087
-0.9988337403717377
-1.160885847579361
-0.9533298051667958
-1.0614556772835964
-0.6264230507154841
-0.7884751579231073
-0.5809191155105423
-0.6890449876273429
-1.0967230941080932
-1.2587752013157167
-1.0512191589031514
-1.1593450310199522
-1.1162113912899394
-1.2782634984975625
-1.070707456084997
-1.1788333282017978
-0.8446863014930268
-1.00673840870065
-0.7991823662880848
-0.9073082384048856
-0.4722756118367733
-0.6343277190443964
-0.4267716766318313
-0.534897548748632
-0.9425756552293824
-1.1046277624370056
-0.8970717200244405
-1.0051975921412413
-0.9190918664047779
-1.081143973612401
-0.873587931199836
-0.9817138033166368
-0.6475667766078657
-0.8096188838154889
-0.6020628414029238
-0.7101887135197245
-0.2751560869516122
-0.43720819415923534
-0.22965215174667025
-0.33777802386347094
-0.7454561303442213
-0.9075082375518445
-0.6999521951392793
-0.8080780672560801
