-0.4019805976273732
-0.4958360780678395
-0.39085108356775206
-0.3191276169622465
-0.5076104707600846
-0.6014659512005509
-0.49648095670046344
-0.42475749009495795
-0.6791216360945653
-0.7729771165350315
-0.667992122034944
-0.5962686554294386
-0.7175022363596749
-0.8113577168001412
-0.7063727223000537
-0.6346492556945481
-0.7274868239316314
-0.8213423043720979
-0.7163573098720103
-0.6446338432665047
-0.833116697064343
-0.9269721775048093
-0.8219871830047217
-0.7502637163992162
-1.0046278623988236
-1.09848334283929
-0.9934983483392024
-0.9217748817336969
-1.0430084626639333
-1.1368639431043994
-1.0318789486043118
-0.9601554819988066
-0.7155291004838034
-0.8093845809242699
-0.7043995864241822
-0.6326761198186769
-0.8211589736165148
-0.9150144540569812
-0.8100294595568936
-0.7383059929513881
-0.9926701389509955
-1.0865256193914619
-0.9815406248913744
-0.9098171582858687
-1.0310507392161052
-1.1249062196565716
-1.019921225156484
-0.9481977585509784
-0.8144010359651044
-0.9082565164055707
-0.803271521905483
-0.7315480552999777
-0.9200309090978159
-1.0138863895382821
-0.9089013950381946
-0.837177928432689
-1.0915420744322966
-1.1853975548727627
-1.0804125603726753
-1.0086890937671698
-1.1299226746974063
-1.2237781551378724
-1.118793160637785
-1.0470696940322795
-0.4164736175546533
-0.5103290979951197
-0.4053441034950321
-0.33362063688952664
-0.5221034906873647
-0.6159589711278312
-0.5109739766277436
-0.439250510022238
-0.6936146560218455
-0.7874701364623118
-0.6824851419622242
-0.6107616753567187
-0.731995256286955
-0.8258507367274214
-0.7208657422273337
-0.6491422756218284
-0.7419798438589118
-0.8358353242993781
-0.7308503297992904
-0.659126863193785
-0.8476097169916231
-0.9414651974320895
-0.836480202932002
-0.7647567363264964
-1.019120882326104
-1.11297636276657
-1.0079913682664825
-0.9362679016609772
-1.0575014825912135
-1.1513569630316798
-1.0463719685315922
-0.9746485019260867
-0.7300221204110837
-0.82387760085155
-0.7188926063514623
-0.6471691397459569
-0.8356519935437952
-0.9295074739842615
-0.8245224794841738
-0.7527990128786685
-1.007163158878276
-1.1010186393187422
-0.9960336448186546
-0.9243101782131491
-1.0455437591433854
-1.1393992395838517
-1.0344142450837641
-0.9626907784782587
-0.8288940558923845
-0.922749536332851
-0.8177645418327633
-0.7460410752272578
-0.9345239290250958
-1.0283794094655623
-0.9233944149654748
-0.8516709483599691
-1.1060350943595767
-1.199890574800043
-1.0949055802999554
-1.0231821136944501
-1.1444156946246864
-1.2382711750651523
-1.1332861805650651
-1.0615627139595594
-0.429491492183968
-0.5233469726244343
-0.4183619781243468
-0.3466385115188413
-0.5351213653166794
-0.6289768457571457
-0.5239918512570582
-0.4522683846515527
-0.70663253065116
-0.8004880110916265
-0.6955030165915389
-0.6237795499860334
-0.7450131309162698
-0.838868611356736
-0.7338836168566484
-0.6621601502511429
-0.7549977184882265
-0.8488531989286927
-0.7438682044286051
-0.6721447378230997
-0.8606275916209379
-0.954483072061404
-0.8494980775613166
-0.777774610955811
-1.0321387569554186
-1.125994237395885
-1.0210092428957973
-0.9492857762902919
-1.0705193572205283
-1.1643748376609941
-1.0593898431609068
-0.9876663765554013
-0.7430399950403984
-0.8368954754808648
-0.7319104809807772
-0.6601870143752716
-0.8486698681731097
-0.9425253486135762
-0.8375403541134886
-0.765816887507983
-1.0201810335075907
-1.1140365139480568
-1.0090515194479692
-0.9373280528424638
-1.0585616337727002
-1.1524171142131663
-1.047432119713079
-0.9757086531075733
-0.8419119305216992
-0.9357674109621656
-0.830782416462078
-0.7590589498565726
-0.9475418036544105
-1.0413972840948769
-0.9364122895947895
-0.8646888229892838
-1.1190529689888915
-1.2129084494293576
-1.1079234549292702
-1.0361999883237647
-1.157433569254001
-1.251289049694467
-1.14630405519438
-1.0745805885888742
-0.35408580079046964
-0.4479412812309359
-0.3429562867308485
-0.271232820125343
-0.4597156739231811
-0.5535711543636473
-0.44858615986355993
-0.37686269325805444
-0.6312268392576618
-0.7250823196981282
-0.6200973251980405
-0.5483738585925352
-0.6696074395227715
-0.7634629199632379
-0.6584779254631502
-0.5867544588576447
-0.6795920270947282
-0.7734475075351944
-0.668462513035107
-0.5967390464296013
-0.7852219002274395
-0.879077380667906
-0.7740923861678183
-0.7023689195623128
-0.9567330655619204
-1.0505885460023865
-0.945603551502299
-0.8738800848967935
-0.9951136658270298
-1.088969146267496
-0.9839841517674087
-0.9122606851619032
-0.6676343036469
-0.7614897840873663
-0.6565047895872788
-0.5847813229817734
-0.7732641767796115
-0.8671196572200779
-0.7621346627199902
-0.6904111961144849
-0.9447753421140921
-1.0386308225545584
-0.9336458280544708
-0.8619223614489654
-0.9831559423792018
-1.077011422819668
-0.9720264283195804
-0.9003029617140751
-0.7665062391282009
-0.8603617195686672
-0.7553767250685796
-0.6836532584630742
-0.8721361122609123
-0.9659915927013786
-0.8610065982012911
-0.7892831315957856
-1.043647277595393
-1.1375027580358592
-1.0325177635357716
-0.9607942969302664
-1.0820278778605028
-1.1758833583009687
-1.0708983638008815
-0.9991748971953758
-0.5123391487900973
-0.6061946292305637
-0.5012096347304762
-0.4294861681249707
-0.6179690219228088
-0.711824502363275
-0.6068395078631875
-0.5351160412576821
-0.7894801872572895
-0.8833356676977557
-0.7783506731976682
-0.7066272065921626
-0.8278607875223991
-0.9217162679628655
-0.8167312734627779
-0.7450078068572722
-0.8378453750943556
-0.9317008555348221
-0.8267158610347344
-0.7549923944292289
-0.943475248227067
-1.0373307286675333
-0.9323457341674459
-0.8606222675619403
-1.114986413561548
-1.208841894002014
-1.1038568995019264
-1.0321334328964211
-1.1533670138266574
-1.2472224942671237
-1.1422374997670361
-1.0705140331615306
-0.8258876516465278
-0.9197431320869941
-0.8147581375869064
-0.743034670981401
-0.931517524779239
-1.0253730052197054
-0.9203880107196177
-0.8486645441141122
-1.1030286901137198
-1.196884170554186
-1.0918991760540986
-1.020175709448593
-1.1414092903788293
-1.2352647708192956
-1.1302797763192083
-1.0585563097137025
-0.9247595871278286
-1.018615067568295
-0.9136300730682072
-0.8419066064627019
-1.03038946026054
-1.1242449407010062
-1.0192599462009189
-0.9475364795954132
-1.2019006255950206
-1.2957561060354867
-1.1907711115353996
-1.119047644929894
-1.2402812258601303
-1.3341367063005969
-1.229151711800509
-1.1574282451950038
-0.5268321687173775
-0.6206876491578439
-0.5157026546577562
-0.4439791880522508
-0.6324620418500889
-0.7263175222905554
-0.6213325277904677
-0.5496090611849621
-0.8039732071845695
-0.897828687625036
-0.7928436931249483
-0.7211202265194427
-0.8423538074496792
-0.9362092878901456
-0.831224293390058
-0.7595008267845526
-0.8523383950216359
-0.9461938754621022
-0.8412088809620146
-0.7694854143565092
-0.9579682681543473
-1.0518237485948136
-0.9468387540947261
-0.8751152874892206
-1.129479433488828
-1.223334913929294
-1.1183499194292068
-1.0466264528237013
-1.1678600337539373
-1.2617155141944039
-1.1567305196943165
-1.085007053088811
-0.8403806715738078
-0.9342361520142741
-0.8292511575141865
-0.7575276909086811
-0.9460105447065192
-1.0398660251469856
-0.934881030646898
-0.8631575640413925
-1.117521710041
-1.2113771904814663
-1.1063921959813787
-1.0346687293758732
-1.1559023103061097
-1.2497577907465758
-1.1447727962464884
-1.0730493296409829
-0.9392526070551087
-1.0331080874955751
-0.9281230929954875
-0.8563996263899818
-1.04488248018782
-1.1387379606282864
-1.0337529661281988
-0.9620294995226933
-1.2163936455223008
-1.310249125962767
-1.2052641314626797
-1.1335406648571742
-1.2547742457874105
-1.3486297262278766
-1.243644731727789
-1.1719212651222837
-0.5398500433466922
-0.6337055237871585
-0.528720529287071
-0.4569970626815655
-0.6454799164794036
-0.7393353969198699
-0.6343504024197822
-0.5626269358142769
-0.8169910818138842
-0.9108465622543507
-0.8058615677542631
-0.7341381011487574
-0.855371682078994
-0.9492271625194602
-0.8442421680193727
-0.7725187014138671
-0.8653562696509506
-0.9592117500914169
-0.8542267555913293
-0.7825032889858239
-0.970986142783662
-1.0648416232241282
-0.9598566287240408
-0.8881331621185352
-1.1424973081181427
-1.2363527885586088
-1.1313677940585216
-1.059644327453016
-1.1808779083832524
-1.2747333888237184
-1.169748394323631
-1.0980249277181253
-0.8533985462031225
-0.947254026643589
-0.8422690321435014
-0.7705455655379958
-0.9590284193358339
-1.0528838997763004
-0.9478989052762128
-0.8761754386707072
-1.1305395846703148
-1.224395065110781
-1.1194100706106935
-1.047686604005188
-1.1689201849354243
-1.2627756653758906
-1.157790670875803
-1.0860672042702975
-0.9522704816844235
-1.0461259621248897
-0.9411409676248021
-0.8694175010192968
-1.0579003548171348
-1.151755835257601
-1.0467708407575136
-0.9750473741520082
-1.2294115201516156
-1.3232670005920817
-1.2182820060919943
-1.1465585394864888
-1.267792120416725
-1.3616476008571914
-1.2566626063571038
-1.1849391397515985
-0.4644443519531938
-0.5582998323936601
-0.4533148378935727
-0.38159137128806714
-0.5700742250859052
-0.6639297055263715
-0.558944711026284
-0.4872212444207785
-0.7415853904203861
-0.8354408708608524
-0.7304558763607647
-0.6587324097552592
-0.7799659906854957
-0.8738214711259619
-0.7688364766258744
-0.6971130100203687
-0.7899505782574522
-0.8838060586979186
-0.7788210641978311
-0.7070975975923255
-0.8955804513901637
-0.9894359318306299
-0.8844509373305425
-0.812727470725037
-1.0670916167246445
-1.1609470971651106
-1.055962102665023
-0.9842386360595177
-1.105472216989754
-1.1993276974302203
-1.0943427029301325
-1.0226192363246274
-0.7779928548096241
-0.8718483352500905
-0.7668633407500028
-0.6951398741444975
-0.8836227279423358
-0.9774782083828019
-0.8724932138827144
-0.8007697472772087
-1.0551338932768164
-1.1489893737172825
-1.044004379217195
-0.9722809126116896
-1.0935144935419259
-1.1873699739823922
-1.0823849794823046
-1.0106615128767993
-0.8768647902909251
-0.9707202707313914
-0.8657352762313038
-0.7940118096257982
-0.9824946634236364
-1.0763501438641028
-0.9713651493640151
-0.8996416827585098
-1.154005828758117
-1.2478613091985835
-1.1428763146984962
-1.0711528480929902
-1.1923864290232267
-1.286241909463693
-1.1812569149636056
-1.1095334483581
-0.5123391487900973
-0.6061946292305637
-0.5012096347304762
-0.4294861681249707
-0.6179690219228088
-0.711824502363275
-0.6068395078631875
-0.5351160412576821
-0.7894801872572895
-0.8833356676977557
-0.7783506731976682
-0.7066272065921626
-0.8278607875223991
-0.9217162679628655
-0.8167312734627779
-0.7450078068572722
-0.8378453750943556
-0.9317008555348221
-0.8267158610347344
-0.7549923944292289
-0.943475248227067
-1.0373307286675333
-0.9323457341674459
-0.8606222675619403
-1.114986413561548
-1.208841894002014
-1.1038568995019264
-1.0321334328964211
-1.1533670138266574
-1.2472224942671237
-1.1422374997670361
-1.0705140331615306
-0.8258876516465278
-0.9197431320869941
-0.8147581375869064
-0.743034670981401
-0.931517524779239
-1.0253730052197054
-0.9203880107196177
-0.8486645441141122
-1.1030286901137198
-1.196884170554186
-1.0918991760540986
-1.020175709448593
-1.1414092903788293
-1.2352647708192956
-1.1302797763192083
-1.0585563097137025
-0.9247595871278286
-1.018615067568295
-0.9136300730682072
-0.8419066064627019
-1.03038946026054
-1.1242449407010062
-1.0192599462009189
-0.9475364795954132
-1.2019006255950206
-1.2957561060354867
-1.1907711115353996
-1.119047644929894
-1.2402812258601303
-1.3341367063005969
-1.229151711800509
-1.1574282451950038
-0.5268321687173775
-0.6206876491578439
-0.5157026546577562
-0.4439791880522508
-0.6324620418500889
-0.7263175222905554
-0.6213325277904677
-0.5496090611849621
-0.8039732071845695
-0.897828687625036
-0.7928436931249483
-0.7211202265194427
-0.8423538074496792
-0.9362092878901456
-0.831224293390058
-0.7595008267845526
-0.8523383950216359
-0.9461938754621022
-0.8412088809620146
-0.7694854143565092
-0.9579682681543473
-1.0518237485948136
-0.9468387540947261
-0.8751152874892206
-1.129479433488828
-1.223334913929294
-1.1183499194292068
-1.0466264528237013
-1.1678600337539373
-1.2617155141944039
-1.1567305196943165
-1.085007053088811
-0.8403806715738078
-0.9342361520142741
-0.8292511575141865
-0.7575276909086811
-0.9460105447065192
-1.0398660251469856
-0.934881030646898
-0.8631575640413925
-1.117521710041
-1.2113771904814663
-1.1063921959813787
-1.0346687293758732
-1.1559023103061097
-1.2497577907465758
-1.1447727962464884
-1.0730493296409829
-0.9392526070551087
-1.0331080874955751
-0.9281230929954875
-0.8563996263899818
-1.04488248018782
-1.1387379606282864
-1.0337529661281988
-0.9620294995226933
-1.2163936455223008
-1.310249125962767
-1.2052641314626797
-1.1335406648571742
-1.2547742457874105
-1.3486297262278766
-1.243644731727789
-1.1719212651222837
-0.5398500433466922
-0.6337055237871585
-0.528720529287071
-0.4569970626815655
-0.6454799164794036
-0.7393353969198699
-0.6343504024197822
-0.5626269358142769
-0.8169910818138842
-0.9108465622543507
-0.8058615677542631
-0.7341381011487574
-0.855371682078994
-0.9492271625194602
-0.8442421680193727
-0.7725187014138671
-0.8653562696509506
-0.9592117500914169
-0.8542267555913293
-0.7825032889858239
-0.970986142783662
-1.0648416232241282
-0.9598566287240408
-0.8881331621185352
-1.1424973081181427
-1.2363527885586088
-1.1313677940585216
-1.059644327453016
-1.1808779083832524
-1.2747333888237184
-1.169748394323631
-1.0980249277181253
-0.8533985462031225
-0.947254026643589
-0.8422690321435014
-0.7705455655379958
-0.9590284193358339
-1.0528838997763004
-0.9478989052762128
-0.8761754386707072
-1.1305395846703148
-1.224395065110781
-1.1194100706106935
-1.047686604005188
-1.1689201849354243
-1.2627756653758906
-1.157790670875803
-1.0860672042702975
-0.9522704816844235
-1.0461259621248897
-0.9411409676248021
-0.8694175010192968
-1.0579003548171348
-1.151755835257601
-1.0467708407575136
-0.9750473741520082
-1.2294115201516156
-1.3232670005920817
-1.2182820060919943
-1.1465585394864888
-1.267792120416725
-1.3616476008571914
-1.2566626063571038
-1.1849391397515985
-0.4644443519531938
-0.5582998323936601
-0.4533148378935727
-0.38159137128806714
-0.5700742250859052
-0.6639297055263715
-0.558944711026284
-0.4872212444207785
-0.7415853904203861
-0.8354408708608524
-0.7304558763607647
-0.6587324097552592
-0.7799659906854957
-0.8738214711259619
-0.7688364766258744
-0.6971130100203687
-0.7899505782574522
-0.8838060586979186
-0.7788210641978311
-0.7070975975923255
-0.8955804513901637
-0.9894359318306299
-0.8844509373305425
-0.812727470725037
-1.0670916167246445
-1.1609470971651106
-1.055962102665023
-0.9842386360595177
-1.105472216989754
-1.1993276974302203
-1.0943427029301325
-1.0226192363246274
-0.7779928548096241
-0.8718483352500905
-0.7668633407500028
-0.6951398741444975
-0.8836227279423358
-0.9774782083828019
-0.8724932138827144
-0.8007697472772087
-1.0551338932768164
-1.1489893737172825
-1.044004379217195
-0.9722809126116896
-1.0935144935419259
-1.1873699739823922
-1.0823849794823046
-1.0106615128767993
-0.8768647902909251
-0.9707202707313914
-0.8657352762313038
-0.7940118096257982
-0.9824946634236364
-1.0763501438641028
-0.9713651493640151
-0.8996416827585098
-1.154005828758117
-1.2478613091985835
-1.1428763146984962
-1.0711528480929902
-1.1923864290232267
-1.286241909463693
-1.1812569149636056
-1.1095334483581
-0.5324847401372484
-0.6263402205777149
-0.5213552260776273
-0.4496317594721218
-0.6381146132699599
-0.7319700937104261
-0.6269850992103386
-0.5552616326048331
-0.8096257786044405
-0.9034812590449068
-0.7984962645448193
-0.7267727979393137
-0.8480063788695502
-0.9418618593100164
-0.8368768648099288
-0.7651533982044234
-0.8579909664415069
-0.9518464468819731
-0.8468614523818855
-0.77513798577638
-0.9636208395742183
-1.0574763200146846
-0.9524913255145969
-0.8807678589090915
-1.1351320049086988
-1.2289874853491651
-1.1240024908490776
-1.0522790242435722
-1.1735126051738085
-1.267368085614275
-1.1623830911141873
-1.0906596245086817
-0.8460332429936788
-0.9398887234341451
-0.8349037289340575
-0.763180262328552
-0.9516631161263901
-1.0455185965668565
-0.9405336020667688
-0.8688101354612634
-1.1231742814608707
-1.217029761901337
-1.1120447674012497
-1.040321300795744
-1.1615548817259804
-1.2554103621664467
-1.1504253676663592
-1.0787019010608536
-0.9449051784749796
-1.038760658915446
-0.9337756644153585
-0.8620521978098529
-1.0505350516076912
-1.144390532048157
-1.0394055375480697
-0.9676820709425642
-1.2220462169421717
-1.315901697382638
-1.2109167028825505
-1.1391932362770452
-1.2604268172072814
-1.354282297647748
-1.2492973031476602
-1.1775738365421549
-0.5469777600645286
-0.6408332405049949
-0.5358482460049073
-0.4641247793994019
-0.65260763319724
-0.7464631136377063
-0.6414781191376187
-0.5697546525321133
-0.8241187985317208
-0.917974278972187
-0.8129892844720994
-0.741265817866594
-0.8624993987968302
-0.9563548792372967
-0.851369884737209
-0.7796464181317035
-0.872483986368787
-0.9663394668092534
-0.8613544723091658
-0.7896310057036603
-0.9781138595014983
-1.0719693399419647
-0.9669843454418773
-0.8952608788363716
-1.1496250248359792
-1.243480505276445
-1.138495510776358
-1.0667720441708524
-1.1880056251010886
-1.281861105541555
-1.1768761110414674
-1.1051526444359618
-0.860526262920959
-0.9543817433614254
-0.8493967488613378
-0.7776732822558323
-0.9661561360536705
-1.0600116164941367
-0.9550266219940491
-0.8833031553885438
-1.137667301388151
-1.2315227818286174
-1.12653778732853
-1.0548143207230245
-1.1760479016532606
-1.2699033820937269
-1.1649183875936395
-1.0931949209881338
-0.9593981984022598
-1.0532536788427262
-0.9482686843426384
-0.8765452177371331
-1.0650280715349711
-1.1588835519754375
-1.05389855747535
-0.9821750908698444
-1.2365392368694519
-1.3303947173099182
-1.2254097228098308
-1.1536862562043253
-1.2749198371345616
-1.3687753175750277
-1.2637903230749403
-1.192066856469435
-0.5599956346938432
-0.6538511151343095
-0.5488661206342219
-0.47714265402871653
-0.6656255078265546
-0.7594809882670209
-0.6544959937669333
-0.5827725271614279
-0.8371366731610353
-0.9309921536015017
-0.8260071591014141
-0.7542836924959087
-0.8755172734261449
-0.9693727538666114
-0.8643877593665238
-0.7926642927610181
-0.8855018609981016
-0.979357341438568
-0.8743723469384804
-0.8026488803329749
-0.9911317341308131
-1.0849872145712791
-0.9800022200711919
-0.9082787534656862
-1.1626428994652938
-1.25649837990576
-1.1515133854056725
-1.079789918800167
-1.2010234997304035
-1.2948789801708693
-1.1898939856707822
-1.1181705190652766
-0.8735441375502737
-0.96739961799074
-0.8624146234906523
-0.7906911568851469
-0.979174010682985
-1.0730294911234515
-0.9680444966233638
-0.8963210300178583
-1.1506851760174657
-1.244540656457932
-1.1395556619578444
-1.0678321953523389
-1.1890657762825756
-1.2829212567230417
-1.1779362622229543
-1.1062127956174486
-0.9724160730315745
-1.0662715534720408
-0.9612865589719531
-0.8895630923664478
-1.0780459461642857
-1.171901426604752
-1.0669164321046647
-0.9951929654991591
-1.2495571114987665
-1.3434125919392323
-1.2384275974391452
-1.16670413083364
-1.2879377117638762
-1.3817931922043423
-1.276808197704255
-1.2050847310987498
-0.4845899433003449
-0.5784454237408113
-0.4734604292407237
-0.40173696263521824
-0.5902198164330563
-0.6840752968735226
-0.5790903023734352
-0.5073668357679296
-0.7617309817675371
-0.8555864622080035
-0.7506014677079158
-0.6788780011024103
-0.8001115820326468
-0.8939670624731131
-0.7889820679730254
-0.7172586013675201
-0.8100961696046035
-0.9039516500450696
-0.7989666555449821
-0.7272431889394766
-0.9157260427373148
-1.0095815231777812
-0.9045965286776935
-0.8328730620721881
-1.0872372080717956
-1.1810926885122617
-1.076107694012174
-1.0043842274066688
-1.125617808336905
-1.2194732887773714
-1.1144882942772838
-1.0427648276717785
-0.7981384461567752
-0.8919939265972415
-0.7870089320971541
-0.7152854654916485
-0.9037683192894868
-0.9976237997299531
-0.8926388052298654
-0.8209153386243601
-1.0752794846239673
-1.1691349650644336
-1.064149970564346
-0.9924265039588407
-1.113660084889077
-1.2075155653295433
-1.1025305708294555
-1.0308071042239504
-0.8970103816380761
-0.9908658620785425
-0.8858808675784549
-0.8141574009729494
-1.0026402547707876
-1.0964957352112537
-0.9915107407111664
-0.9197872741056607
-1.1741514201052683
-1.2680069005457344
-1.163021906045647
-1.0912984394401415
-1.212532020370378
-1.3063875008108439
-1.2014025063107567
-1.1296790397052512
