-0.692519721940347
-0.7087927605193102
-0.6172009771428418
-0.5264523508585649
-0.6338832683262632
-0.6501563069052262
-0.558564523528758
-0.46781589724448097
-0.4025232462549136
-0.4187962848338765
-0.32720450145740826
-0.23645587517313119
-0.7304628161372019
-0.7467358547161648
-0.6551440713396967
-0.5643954450554195
-1.036635918517045
-1.052908957096008
-0.9613171737195398
-0.8705685474352627
-0.9779994649029612
-0.994272503481924
-0.9026807201054557
-0.8119320938211788
-0.7466394428316113
-0.7629124814105741
-0.6713206980341061
-0.5805720717498289
-1.0745790127138997
-1.0908520512928626
-0.9992602679163944
-0.9085116416321173
-0.9217238118544268
-0.9379968504333895
-0.8464050670569214
-0.7556564407726444
-0.8630873582403428
-0.8793603968193057
-0.7877686134428376
-0.6970199871585604
-0.6317273361689931
-0.648000374747956
-0.5564085913714879
-0.4656599650872107
-0.9596669060512814
-0.9759399446302441
-0.884348161253776
-0.7935995349694989
-0.8984924304520477
-0.9147654690310107
-0.8231736856545424
-0.7324250593702654
-0.8398559768379639
-0.8561290154169267
-0.7645372320404585
-0.6737886057561814
-0.6084959547666142
-0.6247689933455772
-0.5331772099691089
-0.44242858368483184
-0.9364355246489026
-0.9527085632278653
-0.861116779851397
-0.7703681535671201
-0.6642209761377068
-0.6804940147166697
-0.5889022313402016
-0.4981536050559244
-0.6055845225236229
-0.6218575611025857
-0.5302657777261176
-0.43951715144184045
-0.37422450045227307
-0.39049753903123585
-0.29890575565476774
-0.20815712937049066
-0.7021640703345614
-0.7184371089135245
-0.6268453255370562
-0.536096699252779
-1.0083371727144046
-1.0246102112933677
-0.9330184279168994
-0.8422698016326222
-0.9497007191003208
-0.9659737576792838
-0.8743819743028155
-0.7836333480185386
-0.718340697028971
-0.7346137356079339
-0.6430219522314656
-0.5522733259471885
-1.0462802669112594
-1.0625533054902223
-0.970961522113754
-0.880212895829477
-0.8934250660517864
-0.9096981046307493
-0.818106321254281
-0.7273576949700041
-0.8347886124377024
-0.8510616510166654
-0.7594698676401973
-0.6687212413559201
-0.6034285903663527
-0.6197016289453156
-0.5281098455688473
-0.4373612192845702
-0.9313681602486411
-0.9476411988276039
-0.8560494154511358
-0.7653007891668586
-0.8701936846494074
-0.8864667232283703
-0.7948749398519023
-0.7041263135676251
-0.8115572310353236
-0.8278302696142864
-0.7362384862378183
-0.6454898599535411
-0.5801972089639738
-0.5964702475429365
-0.5048784641664684
-0.4141298378821913
-0.9081367788462621
-0.9244098174252251
-0.8328180340487568
-0.7420694077644796
-0.8691717739365183
-0.8854448125154813
-0.7938530291390132
-0.7031044028547361
-0.8105353203224345
-0.8268083589013974
-0.7352165755249293
-0.6444679492406522
-0.5791752982510846
-0.5954483368300474
-0.5038565534535793
-0.4131079271693021
-0.9071148681333729
-0.9233879067123358
-0.8317961233358678
-0.7410474970515907
-1.2132879705132165
-1.2295610090921794
-1.137969225715711
-1.0472205994314339
-1.1546515168991325
-1.1709245554780952
-1.079332772101627
-0.98858414581735
-0.9232914948277825
-0.9395645334067453
-0.8479727500302772
-0.7572241237460001
-1.251231064710071
-1.267504103289034
-1.1759123199125656
-1.0851636936282887
-1.098375863850598
-1.114648902429561
-1.0230571190530926
-0.9323084927688154
-1.039739410236514
-1.056012448815477
-0.9644206654390087
-0.8736720391547316
-0.8083793881651643
-0.8246524267441271
-0.7330606433676589
-0.6423120170833819
-1.1363189580474526
-1.1525919966264155
-1.0610002132499474
-0.97025158696567
-1.075144482448219
-1.0914175210271817
-0.9998257376507138
-0.9090771113664364
-1.016508028834135
-1.032781067413098
-0.9411892840366299
-0.8504406577523526
-0.7851480067627853
-0.8014210453417481
-0.7098292619652801
-0.6190806356810029
-1.1130875766450736
-1.1293606152240365
-1.0377688318475684
-0.9470202055632913
-0.47686815246073233
-0.4931411910396951
-0.40154940766322694
-0.31080078137894984
-0.4182316988466484
-0.4345047374256112
-0.34291295404914307
-0.252164327764866
-0.18687167677529862
-0.20314471535426148
-0.11155293197779331
-0.020804305693516205
-0.514811246657587
-0.5310842852365498
-0.43949250186008165
-0.3487438755758046
-0.8209843490374301
-0.8372573876163931
-0.7456656042399248
-0.6549169779556478
-0.7623478954233462
-0.7786209340023091
-0.6870291506258409
-0.5962805243415638
-0.5309878733519964
-0.5472609119309593
-0.45566912855449115
-0.36492050227021405
-0.8589274432342849
-0.8752004818132479
-0.7836086984367796
-0.6928600721525027
-0.706072242374812
-0.7223452809537747
-0.6307534975773064
-0.5400048712930293
-0.647435788760728
-0.6637088273396908
-0.5721170439632227
-0.48136841767894556
-0.4160757666893782
-0.432348805268341
-0.34075702189187285
-0.25000839560759575
-0.7440153365716665
-0.7602883751506295
-0.6686965917741612
-0.5779479654898843
-0.682840860972433
-0.6991138995513957
-0.6075221161749276
-0.5167734898906505
-0.624204407358349
-0.640477445937312
-0.5488856625608437
-0.4581370362765666
-0.3928443852869993
-0.4091174238659621
-0.317525640489494
-0.22677701420521684
-0.7207839551692875
-0.7370569937482505
-0.6454652103717822
-0.5547165840875052
-0.7935978864763429
-0.8098709250553057
-0.7182791416788377
-0.6275305153945605
-0.734961432862259
-0.751234471441222
-0.6596426880647537
-0.5688940617804765
-0.5036014107909093
-0.5198744493698721
-0.428282665993404
-0.33753403970912693
-0.8315409806731976
-0.8478140192521605
-0.7562222358756924
-0.6654736095914153
-1.1377140830530408
-1.1539871216320037
-1.0623953382555353
-0.9716467119712583
-1.0790776294389568
-1.0953506680179197
-1.0037588846414518
-0.9130102583571743
-0.847717607367607
-0.8639906459465699
-0.7723988625701018
-0.6816502362858247
-1.1756571772498956
-1.1919302158288583
-1.1003384324523902
-1.009589806168113
-1.0228019763904226
-1.0390750149693853
-0.9474832315929173
-0.8567346053086401
-0.9641655227763386
-0.9804385613553014
-0.8888467779788333
-0.7980981516945562
-0.7328055007049887
-0.7490785392839517
-0.6574867559074834
-0.5667381296232065
-1.0607450705872772
-1.07701810916624
-0.9854263257897719
-0.8946776995054947
-0.9995705949880435
-1.0158436335670062
-0.9242518501905382
-0.8335032239062611
-0.9409341413739596
-0.9572071799529224
-0.8656153965764543
-0.7748667702921772
-0.7095741193026099
-0.7258471578815727
-0.6342553745051046
-0.5435067482208277
-1.0375136891848984
-1.053786727763861
-0.9621949443873931
-0.8714463181031159
-0.7652991406737024
-0.7815721792526654
-0.6899803958761972
-0.59923176959192
-0.7066626870596188
-0.7229357256385816
-0.6313439422621134
-0.5405953159778362
-0.47530266498826884
-0.49157570356723157
-0.3999839201907635
-0.30923529390648635
-0.8032422348705572
-0.8195152734495202
-0.7279234900730519
-0.6371748637887749
-1.1094153372504003
-1.1256883758293632
-1.034096592452895
-0.943347966168618
-1.0507788836363166
-1.0670519222152792
-0.9754601388388112
-0.8847115125545341
-0.8194188615649668
-0.8356919001439297
-0.7441001167674614
-0.6533514904831842
-1.1473584314472551
-1.163631470026218
-1.0720396866497497
-0.9812910603654729
-0.994503230587782
-1.010776269166745
-0.9191844857902768
-0.8284358595059996
-0.9358667769736982
-0.9521398155526611
-0.8605480321761928
-0.769799405891916
-0.7045067549023485
-0.7207797934813113
-0.6291880101048432
-0.538439383820566
-1.032446324784637
-1.0487193633635996
-0.9571275799871314
-0.8663789537028544
-0.9712718491854031
-0.9875448877643661
-0.8959531043878978
-0.8052044781036206
-0.9126353955713192
-0.9289084341502821
-0.8373166507738138
-0.746568024489537
-0.6812753734999696
-0.6975484120789323
-0.6059566287024641
-0.5152080024181871
-1.009214943382258
-1.0254879819612208
-0.9338961985847526
-0.8431475723004754
-0.9702499384725142
-0.9865229770514771
-0.8949311936750087
-0.8041825673907316
-0.9116134848584302
-0.9278865234373932
-0.8362947400609251
-0.7455461137766479
-0.6802534627870803
-0.6965265013660432
-0.604934717989575
-0.5141860917052979
-1.0081930326693689
-1.0244660712483316
-0.9328742878718636
-0.8421256615875864
-1.314366135049212
-1.3306391736281749
-1.2390473902517065
-1.1482987639674296
-1.2557296814351282
-1.2720027200140909
-1.1804109366376225
-1.0896623103533458
-1.0243696593637783
-1.040642697942741
-0.949050914566273
-0.8583022882819958
-1.3523092292460666
-1.3685822678250297
-1.2769904844485613
-1.1862418581642844
-1.1994540283865935
-1.2157270669655564
-1.124135283589088
-1.0333866573048112
-1.1408175747725098
-1.1570906133514725
-1.0654988299750046
-0.9747502036907273
-0.90945755270116
-0.9257305912801229
-0.8341388079036548
-0.7433901816193774
-1.2373971225834484
-1.2536701611624113
-1.162078377785943
-1.071329751501666
-1.1762226469842147
-1.1924956855631774
-1.1009039021867093
-1.0101552759024321
-1.1175861933701308
-1.1338592319490934
-1.0422674485726255
-0.9515188222883483
-0.886226171298781
-0.9024992098777439
-0.8109074265012758
-0.7201588002169986
-1.2141657411810693
-1.2304387797600322
-1.138846996383564
-1.048098370099287
-0.5779463169967279
-0.5942193555756908
-0.5026275721992227
-0.41187894591494556
-0.5193098633826442
-0.535582901961607
-0.4439911185851388
-0.35324249230086174
-0.2879498413112944
-0.3042228798902572
-0.212631096513789
-0.12188247022951192
-0.6158894111935828
-0.6321624497725457
-0.5405706663960773
-0.4498220401118003
-0.922062513573426
-0.9383355521523888
-0.8467437687759206
-0.7559951424916437
-0.8634260599593421
-0.879699098538305
-0.7881073151618366
-0.6973586888775597
-0.6320660378879921
-0.6483390764669551
-0.5567472930904868
-0.4659986668062098
-0.9600056077702805
-0.9762786463492437
-0.8846868629727754
-0.7939382366884983
-0.8071504069108075
-0.8234234454897705
-0.7318316621133022
-0.6410830358290253
-0.7485139532967237
-0.7647869918756866
-0.6731952084992182
-0.5824465822149413
-0.517153931225374
-0.5334269698043368
-0.4418351864278686
-0.35108656014359146
-0.8450935011076623
-0.8613665396866252
-0.769774756310157
-0.6790261300258801
-0.7839190255084285
-0.8001920640873915
-0.7086002807109234
-0.6178516544266462
-0.7252825718943449
-0.7415556104733078
-0.6499638270968394
-0.5592152008125624
-0.493922549822995
-0.5101955884019579
-0.4186038050254897
-0.3278551787412126
-0.8218621197052833
-0.8381351582842462
-0.746543374907778
-0.6557947486235011
-0.6518337288790551
-0.668106767458018
-0.5765149840815499
-0.48576635779727273
-0.5931972752649712
-0.6094703138439342
-0.5178785304674659
-0.4271299041831889
-0.36183725319362153
-0.3781102917725844
-0.2865185083961163
-0.19576988211183918
-0.6897768230759098
-0.7060498616548727
-0.6144580782784047
-0.5237094519941276
-0.995949925455753
-1.012222964034716
-0.9206311806582479
-0.8298825543739707
-0.9373134718416691
-0.953586510420632
-0.861994727044164
-0.7712461007598869
-0.7059534497703194
-0.7222264883492824
-0.6306347049728142
-0.5398860786885372
-1.033893019652608
-1.0501660582315706
-0.9585742748551025
-0.8678256485708253
-0.8810378187931348
-0.8973108573720976
-0.8057190739956295
-0.7149704477113523
-0.8224013651790508
-0.8386744037580136
-0.7470826203815456
-0.6563339940972684
-0.5910413431077012
-0.607314381686664
-0.515722598310196
-0.4249739720259188
-0.9189809129899894
-0.9352539515689524
-0.8436621681924841
-0.7529135419082069
-0.8578064373907558
-0.8740794759697186
-0.7824876925932505
-0.6917390663089733
-0.7991699837766718
-0.8154430223556346
-0.7238512389791666
-0.6331026126948894
-0.5678099617053223
-0.5840830002842853
-0.49249121690781694
-0.4017425906235399
-0.8957495315876105
-0.9120225701665734
-0.8204307867901053
-0.7296821605058281
-0.6235349830764148
-0.6398080216553778
-0.5482162382789094
-0.45746761199463226
-0.564898529462331
-0.5811715680412938
-0.4895797846648256
-0.39883115838054833
-0.33353850739098106
-0.3498115459699439
-0.25821976259347573
-0.16747113630919866
-0.6614780772732695
-0.6777511158522326
-0.5861593324757642
-0.4954107061914871
-0.9676511796531126
-0.9839242182320755
-0.8923324348556074
-0.8015838085713303
-0.9090147260390289
-0.9252877646179916
-0.8336959812415236
-0.7429473549572464
-0.677654703967679
-0.6939277425466417
-0.6023359591701737
-0.5115873328858965
-1.0055942738499675
-1.0218673124289304
-0.930275529052462
-0.8395269027681851
-0.8527390729904943
-0.8690121115694573
-0.777420328192989
-0.6866717019087119
-0.7941026193764105
-0.8103756579553735
-0.7187838745789051
-0.6280352482946282
-0.5627425973050607
-0.5790156358840235
-0.4874238525075553
-0.39667522622327833
-0.890682167187349
-0.906955205766312
-0.8153634223898436
-0.7246147961055667
-0.8295076915881154
-0.8457807301670783
-0.75418894679061
-0.6634403205063332
-0.7708712379740315
-0.7871442765529945
-0.6955524931765261
-0.6048038668922492
-0.5395112159026818
-0.5557842544816445
-0.4641924711051763
-0.3734438448208993
-0.86745078578497
-0.8837238243639332
-0.7921320409874648
-0.7013834147031877
-0.8284857808752264
-0.8447588194541893
-0.7531670360777211
-0.6624184097934441
-0.7698493272611425
-0.7861223658401054
-0.6945305824636373
-0.6037819561793601
-0.5384893051897925
-0.5547623437687556
-0.4631705603922873
-0.3724219341080102
-0.8664288750720811
-0.8827019136510439
-0.7911101302745759
-0.7003615039902987
-1.1726019774519245
-1.1888750160308872
-1.097283232654419
-1.006534606370142
-1.1139655238378405
-1.1302385624168032
-1.0386467790403349
-0.947898152756058
-0.8826055017664907
-0.8988785403454533
-0.8072867569689852
-0.7165381306847081
-1.210545071648779
-1.226818110227742
-1.1352263268512737
-1.0444777005669967
-1.057689870789306
-1.073962909368269
-0.9823711259918007
-0.8916224997075235
-0.9990534171752221
-1.0153264557541848
-0.9237346723777168
-0.8329860460934396
-0.7676933951038724
-0.7839664336828351
-0.6923746503063671
-0.6016260240220898
-1.0956329649861607
-1.1119060035651236
-1.0203142201886555
-0.9295655939043783
-1.0344584893869269
-1.0507315279658898
-0.9591397445894216
-0.8683911183051445
-0.9758220357728431
-0.9920950743518058
-0.9005032909753378
-0.8097546646910606
-0.7444620137014933
-0.7607350522804561
-0.6691432689039881
-0.578394642619711
-1.072401583583782
-1.0886746221627446
-0.9970828387862765
-0.9063342125019993
-0.4361821593994403
-0.4524551979784031
-0.36086341460193494
-0.2701147883176578
-0.37754570578535634
-0.3938187443643192
-0.302226960987851
-0.21147833470357394
-0.14618568371400664
-0.16245872229296948
-0.07086693891650132
0.019881687367775795
-0.474125253596295
-0.4903982921752578
-0.3988065087987896
-0.3080578825145126
-0.7802983559761382
-0.7965713945551012
-0.7049796111786328
-0.6142309848943559
-0.7216619023620543
-0.7379349409410172
-0.646343157564549
-0.5555945312802718
-0.4903018802907044
-0.5065749188696672
-0.41498313549319904
-0.324234509208922
-0.8182414501729928
-0.8345144887519557
-0.7429227053754877
-0.6521740790912105
-0.6653862493135198
-0.6816592878924828
-0.5900675045160144
-0.4993188782317373
-0.6067497956994359
-0.6230228342783988
-0.5314310509019305
-0.4406824246176536
-0.37538977362808623
-0.39166281220704907
-0.30007102883058084
-0.20932240254630374
-0.7033293435103746
-0.7196023820893376
-0.6280105987128692
-0.5372619724285923
-0.6421548679111411
-0.658427906490104
-0.5668361231136356
-0.4760874968293585
-0.5835184142970571
-0.5997914528760199
-0.5081996694995518
-0.4174510432152746
-0.35215839222570733
-0.36843143080467017
-0.27683964742820194
-0.18609102114392487
-0.6800979621079956
-0.6963710006869586
-0.6047792173104902
-0.5140305910262132
-0.9174246834404879
-0.9336977220194508
-0.8421059386429827
-0.7513573123587055
-0.8587882298264039
-0.8750612684053668
-0.7834694850288986
-0.6927208587446216
-0.6274282077550543
-0.6437012463340172
-0.5521094629575489
-0.4613608366732719
-0.9553677776373426
-0.9716408162163054
-0.8800490328398373
-0.7893004065555601
-1.261540880017186
-1.2778139185961488
-1.1862221352196805
-1.0954735089354035
-1.202904426403102
-1.2191774649820648
-1.1275856816055965
-1.0368370553213195
-0.971544404331752
-0.987817442910715
-0.8962256595342467
-0.8054770332499696
-1.2994839742140405
-1.3157570127930034
-1.224165229416535
-1.1334166031322581
-1.1466287733545675
-1.1629018119335304
-1.0713100285570623
-0.980561402272785
-1.0879923197404835
-1.1042653583194462
-1.0126735749429783
-0.921924948658701
-0.8566322976691337
-0.8729053362480966
-0.7813135528716285
-0.6905649265873514
-1.1845718675514223
-1.200844906130385
-1.1092531227539169
-1.0185044964696397
-1.1233973919521887
-1.1396704305311514
-1.0480786471546832
-0.9573300208704062
-1.0647609383381047
-1.0810339769170674
-0.9894421935405994
-0.8986935672563222
-0.8334009162667547
-0.8496739548457176
-0.7580821714692495
-0.6673335451849723
-1.1613404861490433
-1.177613524728006
-1.0860217413515378
-0.9952731150672608
-0.8891259376378475
-0.9053989762168103
-0.8138071928403422
-0.723058566556065
-0.8304894840237635
-0.8467625226027263
-0.7551707392262583
-0.6644221129419812
-0.5991294619524138
-0.6154025005313765
-0.5238107171549086
-0.43306209087063136
-0.9270690318347021
-0.9433420704136651
-0.851750287037197
-0.7610016607529196
-1.2332421342145454
-1.2495151727935083
-1.15792338941704
-1.067174763132763
-1.1746056806004614
-1.1908787191794246
-1.0992869358029564
-1.0085383095186793
-0.9432456585291117
-0.9595186971080746
-0.8679269137316065
-0.7771782874473293
-1.2711852284114002
-1.287458266990363
-1.1958664836138948
-1.1051178573296176
-1.118330027551927
-1.13460306613089
-1.0430112827544218
-0.9522626564701447
-1.0596935739378432
-1.0759666125168061
-0.9843748291403379
-0.8936262028560608
-0.8283335518664934
-0.8446065904454564
-0.753014807068988
-0.6622661807847111
-1.1562731217487818
-1.1725461603277447
-1.0809543769512764
-0.9902057506669993
-1.0950986461495482
-1.111371684728511
-1.0197799013520428
-0.9290312750677657
-1.0364621925354642
-1.052735231114427
-0.9611434477379589
-0.8703948214536817
-0.8051021704641144
-0.8213752090430774
-0.729783425666609
-0.6390347993823321
-1.1330417403464028
-1.1493147789253657
-1.0577229955488974
-0.9669743692646203
-1.0940767354366592
-1.1103497740156218
-1.018757990639154
-0.9280093643548767
-1.0354402818225752
-1.0517133204015383
-0.96012153702507
-0.8693729107407928
-0.8040802597512254
-0.8203532983301881
-0.72876151495372
-0.638012888669443
-1.1320198296335138
-1.1482928682124767
-1.0567010848360083
-0.9659524585517313
-1.4381929320133569
-1.45446597059232
-1.3628741872158516
-1.2721255609315745
-1.379556478399273
-1.3958295169782358
-1.3042377336017674
-1.2134891073174905
-1.1481964563279232
-1.1644694949068861
-1.0728777115304178
-0.982129085246141
-1.4761360262102117
-1.4924090647891746
-1.4008172814127062
-1.3100686551284293
-1.3232808253507387
-1.3395538639297013
-1.2479620805532332
-1.157213454268956
-1.2646443717366547
-1.2809174103156173
-1.1893256269391492
-1.0985770006548725
-1.033284349665305
-1.0495573882442677
-0.9579656048677997
-0.8672169785835225
-1.3612239195475933
-1.3774969581265561
-1.2859051747500878
-1.1951565484658109
-1.3000494439483596
-1.3163224825273225
-1.2247306991508542
-1.1339820728665773
-1.2414129903342757
-1.2576860289132386
-1.1660942455367702
-1.0753456192524935
-1.010052968262926
-1.0263260068418887
-0.9347342234654207
-0.8439855971811435
-1.3379925381452142
-1.3542655767241771
-1.2626737933477088
-1.1719251670634319
-0.7017731139608732
-0.7180461525398357
-0.6264543691633678
-0.5357057428790905
-0.6431366603467892
-0.659409698925752
-0.567817915549284
-0.47706928926500664
-0.41177663827543926
-0.42804967685440215
-0.336457893477934
-0.2457092671936569
-0.7397162081577277
-0.7559892467366905
-0.6643974633602224
-0.5736488370759453
-1.0458893105375708
-1.0621623491165337
-0.9705705657400654
-0.8798219394557886
-0.9872528569234871
-1.00352589550245
-0.9119341121259815
-0.8211854858417046
-0.7558928348521372
-0.7721658734311002
-0.6805740900546319
-0.5898254637703547
-1.0838324047344257
-1.1001054433133886
-1.0085136599369202
-0.9177650336526433
-0.9309772038749526
-0.9472502424539155
-0.8556584590774473
-0.7649098327931704
-0.8723407502608687
-0.8886137888398317
-0.7970220054633633
-0.7062733791790864
-0.6409807281895188
-0.6572537667684818
-0.5656619833920135
-0.4749133571077364
-0.9689202980718072
-0.9851933366507701
-0.8936015532743018
-0.802852926990025
-0.9077458224725736
-0.9240188610515365
-0.8324270776750683
-0.7416784513907914
-0.8491093688584896
-0.8653824074374526
-0.7737906240609843
-0.6830419977767074
-0.61774934678714
-0.6340223853661028
-0.5424306019896346
-0.45168197570535756
-0.9456889166694282
-0.9619619552483913
-0.870370171871923
-0.779621545587646
