-0.9262160261336994
-1.1076538198333208
-0.9706089704222407
-0.9939506559410651
-0.785266309009172
-0.9667041027087931
-0.8296592532977133
-0.8530009388165377
-0.601165467529868
-0.7826032612294893
-0.6455584118184094
-0.6689000973372339
-0.7233420534800606
-0.9047798471796819
-0.7677349977686021
-0.7910766832874264
-1.1717579039471722
-1.3531956976467934
-1.2161508482357135
-1.239492533754538
-1.0308081868226446
-1.212245980522266
-1.075201131111186
-1.0985428166300106
-0.8467073453433407
-1.028145139042962
-0.891100289631882
-0.9144419751507065
-0.9688839312935332
-1.1503217249931548
-1.0132768755820747
-1.0366185611008991
-1.0385013045144385
-1.2199390982140599
-1.0828942488029798
-1.1062359343218042
-0.8975515873899109
-1.0789893810895324
-0.9419445316784524
-0.9652862171972768
-0.7134507459106071
-0.8948885396102283
-0.7578436901991484
-0.7811853757179729
-0.8356273318607996
-1.0170651255604208
-0.8800202761493411
-0.9033619616681655
-0.981036632588072
-1.1624744262876936
-1.0254295768766135
-1.048771262395438
-0.8400869154635446
-1.021524709163166
-0.884479859752086
-0.9078215452709106
-0.6559860739842409
-0.837423867683862
-0.7003790182727822
-0.7237207037916067
-0.7781626599344332
-0.9596004536340547
-0.8225556042229747
-0.8458972897417991
-0.773815770098755
-0.9552535637983761
-0.8182087143872963
-0.8415503999061207
-0.6328660529742275
-0.8143038466738488
-0.6772589972627688
-0.7006006827815933
-0.44876521149492354
-0.6302030051945449
-0.49315815578346484
-0.5164998413022892
-0.570941797445116
-0.7523795911447375
-0.6153347417336575
-0.6386764272524819
-1.0193576479122275
-1.2007954416118487
-1.0637505922007688
-1.0870922777195935
-0.8784079307877002
-1.0598457244873214
-0.9228008750762415
-0.9461425605950659
-0.6943070893083961
-0.8757448830080176
-0.7387000335969376
-0.762041719115762
-0.8164836752585888
-0.9979214689582101
-0.86087661954713
-0.8842183050659546
-0.8861010484794939
-1.0675388421791152
-0.9304939927680353
-0.9538356782868597
-0.7451513313549666
-0.9265891250545878
-0.7895442756435079
-0.8128859611623322
-0.5610504898756626
-0.742488283575284
-0.605443434164204
-0.6287851196830284
-0.6832270758258552
-0.8646648695254765
-0.7276200201143966
-0.750961705633221
-0.8286363765531276
-1.010074170252749
-0.873029320841669
-0.8963710063604934
-0.6876866594286003
-0.8691244531282216
-0.7320796037171416
-0.7554212892359661
-0.5035858179492964
-0.6850236116489176
-0.5479787622378377
-0.571320447756662
-0.625762403899489
-0.8072001975991101
-0.6701553481880304
-0.6934970337068547
-1.0570755320452132
-1.2385133257448346
-1.1014684763337548
-1.1248101618525792
-0.916125814920686
-1.0975636086203076
-0.9605187592092275
-0.9838604447280519
-0.7320249734413821
-0.9134627671410034
-0.7764179177299233
-0.7997596032487478
-0.8542015593915746
-1.035639353091196
-0.8985945036801161
-0.9219361891989405
-1.302617409858686
-1.4840552035583072
-1.3470103541472271
-1.3703520396660516
-1.1616676927341587
-1.3431054864337801
-1.2060606370226998
-1.2294023225415245
-0.9775668512548547
-1.1590046449544762
-1.021959795543396
-1.0453014810622205
-1.0997434372050476
-1.2811812309046686
-1.1441363814935885
-1.1674780670124132
-1.1693608104259525
-1.350798604125574
-1.2137537547144939
-1.2370954402333183
-1.028411093301425
-1.2098488870010466
-1.0728040375899666
-1.096145723108791
-0.844310251822121
-1.0257480455217425
-0.8887031961106625
-0.912044881629487
-0.9664868377723137
-1.1479246314719351
-1.010879782060855
-1.0342214675796795
-1.111896138499586
-1.2933339321992074
-1.1562890827881274
-1.1796307683069516
-0.9709464213750588
-1.1523842150746801
-1.0153393656636003
-1.0386810511824245
-0.7868455798957548
-0.9682833735953761
-0.8312385241842962
-0.8545802097031205
-0.9090221658459474
-1.0904599595455688
-0.9534151101344889
-0.9767567956533132
-0.8140092284613206
-0.9954470221609417
-0.8584021727498617
-0.8817438582686863
-0.6730595113367931
-0.8544973050364144
-0.7174524556253344
-0.7407941411441588
-0.48895866985748904
-0.6703964635571105
-0.5333516141460304
-0.5566932996648549
-0.6111352558076817
-0.792573049507303
-0.655528200096223
-0.6788698856150474
-1.059551106274793
-1.2409888999744145
-1.1039440505633344
-1.1272857360821587
-0.9186013891502655
-1.100039182849887
-0.9629943334388071
-0.9863360189576315
-0.7345005476709617
-0.9159383413705828
-0.7788934919595031
-0.8022351774783274
-0.8566771336211544
-1.0381149273207755
-0.9010700779096955
-0.92441176342852
-0.9262945068420595
-1.1077323005416808
-0.9706874511306008
-0.9940291366494252
-0.7853447897175322
-0.9667825834171533
-0.8297377340060735
-0.8530794195248979
-0.6012439482382281
-0.7826817419378493
-0.6456368925267696
-0.6689785780455939
-0.7234205341884208
-0.9048583278880419
-0.7678134784769621
-0.7911551639957864
-0.8688298349156932
-1.0502676286153145
-0.9132227792042346
-0.9365644647230589
-0.7278801177911657
-0.909317911490787
-0.772273062079707
-0.7956147475985316
-0.5437792763118617
-0.7252170700114831
-0.5881722206004033
-0.6115139061192277
-0.6659558622620543
-0.8473936559616757
-0.710348806550596
-0.7336904920694203
-0.9532615476395708
-1.1346993413391921
-0.9976544919281122
-1.0209961774469367
-0.8123118305150435
-0.9937496242146647
-0.856704774803585
-0.8800464603224093
-0.6282109890357397
-0.8096487827353609
-0.6726039333242809
-0.6959456188431054
-0.7503875749859322
-0.9318253686855534
-0.7947805192744736
-0.818122204793298
-1.1988034254530437
-1.3802412191526652
-1.243196369741585
-1.2665380552604093
-1.057853708328516
-1.2392915020281376
-1.1022466526170576
-1.125588338135882
-0.8737528668492123
-1.0551906605488335
-0.9181458111377535
-0.9414874966565779
-0.9959294527994049
-1.1773672464990264
-1.040322397087946
-1.0636640826067707
-1.0655468260203098
-1.2469846197199315
-1.1099397703088512
-1.1332814558276756
-0.9245971088957824
-1.1060349025954037
-0.9689900531843239
-0.9923317387031484
-0.7404962674164787
-0.9219340611160998
-0.7848892117050199
-0.8082308972238443
-0.8626728533666712
-1.0441106470662924
-0.9070657976552126
-0.930407483174037
-1.0080821540939437
-1.1895199477935647
-1.0524750983824849
-1.0758167839013093
-0.8671324369694162
-1.0485702306690377
-0.9115253812579576
-0.934867066776782
-0.6830315954901124
-0.8644693891897336
-0.7274245397786536
-0.7507662252974782
-0.8052081814403049
-0.9866459751399261
-0.8496011257288463
-0.8729428112476707
-0.8008612916046264
-0.9822990853042477
-0.8452542358931677
-0.8685959214119922
-0.659911574480099
-0.8413493681797204
-0.7043045187686404
-0.7276462042874648
-0.475810733000795
-0.6572485267004162
-0.5202036772893364
-0.5435453628081607
-0.5979873189509876
-0.779425112650609
-0.642380263239529
-0.6657219487583533
-1.046403169418099
-1.2278409631177205
-1.0907961137066404
-1.1141377992254646
-0.9054534522935717
-1.086891245993193
-0.9498463965821131
-0.9731880821009374
-0.7213526108142677
-0.9027904045138889
-0.7657455551028091
-0.7890872406216334
-0.8435291967644604
-1.0249669904640815
-0.8879221410530016
-0.911263826571826
-0.9131465699853654
-1.0945843636849868
-0.9575395142739068
-0.9808811997927311
-0.7721968528608382
-0.9536346465604593
-0.8165897971493795
-0.8399314826682038
-0.5880960113815341
-0.7695338050811553
-0.6324889556700755
-0.6558306411888999
-0.7102725973317268
-0.8917103910313479
-0.754665541620268
-0.7780072271390924
-0.8556818980589991
-1.0371196917586203
-0.9000748423475405
-0.9234165278663649
-0.7147321809344718
-0.896169974634093
-0.7591251252230132
-0.7824668107418375
-0.5306313394551678
-0.7120691331547891
-0.5750242837437091
-0.5983659692625335
-0.6528079254053604
-0.8342457191049816
-0.6972008696939017
-0.7205425552127261
-1.0841210535510848
-1.2655588472507064
-1.1285139978396264
-1.1518556833584508
-0.9431713364265576
-1.124609130126179
-0.9875642807150988
-1.0109059662339233
-0.7590704949472535
-0.9405082886468749
-0.803463439235795
-0.8268051247546194
-0.8812470808974461
-1.0626848745970674
-0.9256400251859875
-0.9489817107048121
-1.3296629313645574
-1.5111007250641788
-1.3740558756530987
-1.3973975611719232
-1.1887132142400305
-1.3701510079396515
-1.2331061585285714
-1.256447844047396
-1.0046123727607261
-1.1860501664603476
-1.0490053170492675
-1.0723470025680917
-1.126788958710919
-1.3082267524105402
-1.1711819029994603
-1.1945235885182846
-1.1964063319318243
-1.3778441256314453
-1.2407992762203652
-1.2641409617391899
-1.0554566148072966
-1.236894408506918
-1.099849559095838
-1.1231912446146624
-0.8713557733279926
-1.052793567027614
-0.915748717616534
-0.9390904031353584
-0.9935323592781853
-1.1749701529778067
-1.0379253035667266
-1.061266989085551
-1.1389416600054576
-1.320379453705079
-1.183334604293999
-1.2066762898128234
-0.9979919428809303
-1.1794297365805517
-1.0423848871694716
-1.065726572688296
-0.8138911014016263
-0.9953288951012476
-0.8582840456901677
-0.881625731208992
-0.936067687351819
-1.1175054810514404
-0.9804606316403603
-1.0038023171591848
-0.8410547499671919
-1.0224925436668133
-0.8854476942557332
-0.9087893797745578
-0.7001050328426646
-0.881542826542286
-0.7444979771312059
-0.7678396626500302
-0.5160041913633606
-0.6974419850629819
-0.5603971356519019
-0.5837388211707263
-0.638180777313553
-0.8196185710131746
-0.6825737216020946
-0.7059154071209189
-1.0865966277806645
-1.2680344214802861
-1.130989572069206
-1.1543312575880302
-0.9456469106561373
-1.1270847043557586
-0.9900398549446784
-1.013381540463503
-0.7615460691768333
-0.9429838628764544
-0.8059390134653747
-0.829280698984199
-0.8837226551270259
-1.065160448826647
-0.9281155994155671
-0.9514572849343916
-0.953340028347931
-1.1347778220475524
-0.9977329726364723
-1.0210746581552967
-0.8123903112234037
-0.9938281049230249
-0.8567832555119448
-0.8801249410307694
-0.6282894697440997
-0.8097272634437208
-0.6726824140326411
-0.6960240995514654
-0.7504660556942924
-0.9319038493939135
-0.7948589999828337
-0.818200685501658
-0.8958753564215647
-1.077313150121186
-0.940268300710106
-0.9636099862289303
-0.7549256392970372
-0.9363634329966586
-0.7993185835855786
-0.8226602691044032
-0.5708247978177334
-0.7522625915173545
-0.6152177421062747
-0.6385594276250992
-0.6930013837679259
-0.8744391774675472
-0.7373943280564672
-0.7607360135752917
-0.805075533165789
-0.9865133268654102
-0.8494684774543302
-0.8728101629731546
-0.6641258160412615
-0.8455636097408827
-0.7085187603298029
-0.7318604458486272
-0.48002497456195764
-0.6614627682615789
-0.524417918850499
-0.5477596043693235
-0.6022015605121501
-0.7836393542117716
-0.6465945048006916
-0.669936190319516
-1.0506174109792616
-1.232055204678883
-1.095010355267803
-1.1183520407866276
-0.9096676938547341
-1.0911054875543555
-0.9540606381432755
-0.9774023236620999
-0.7255668523754302
-0.9070046460750515
-0.7699597966639716
-0.793301482182796
-0.8477434383256228
-1.029181232025244
-0.8921363826141643
-0.9154780681329886
-0.9173608115465279
-1.0987986052461491
-0.9617537558350692
-0.9850954413538936
-0.7764110944220005
-0.9578488881216217
-0.8208040387105419
-0.8441457242293663
-0.5923102529426967
-0.7737480466423179
-0.636703197231238
-0.6600448827500623
-0.7144868388928892
-0.8959246325925105
-0.7588797831814307
-0.782221468700255
-0.8598961396201616
-1.0413339333197829
-0.904289083908703
-0.9276307694275274
-0.7189464224956342
-0.9003842161952555
-0.7633393667841756
-0.786681052303
-0.5348455810163305
-0.7162833747159515
-0.5792385253048717
-0.6025802108236962
-0.6570221669665229
-0.8384599606661443
-0.7014151112550644
-0.7247567967738887
-0.6526752771308445
-0.8341130708304657
-0.6970682214193858
-0.7204099069382102
-0.5117255600063169
-0.6931633537059383
-0.5561185042948583
-0.5794601898136826
-0.32762471852701297
-0.5090625122266342
-0.3720176628155543
-0.3953593483343788
-0.4498013044772056
-0.631239098176827
-0.49419424876574686
-0.5175359342845713
-0.8982171549443171
-1.0796549486439384
-0.9426100992328583
-0.9659517847516829
-0.7572674378197897
-0.938705231519411
-0.801660382108331
-0.8250020676271553
-0.5731665963404856
-0.754604390040107
-0.6175595406290271
-0.6409012261478514
-0.6953431822906783
-0.8767809759902996
-0.7397361265792196
-0.763077812098044
-0.7649605555115834
-0.9463983492112047
-0.8093534998001248
-0.8326951853189491
-0.6240108383870561
-0.8054486320866773
-0.6684037826755974
-0.6917454681944217
-0.43990999690775207
-0.6213477906073734
-0.4843029411962933
-0.5076446267151178
-0.5620865828579447
-0.743524376557566
-0.6064795271464861
-0.6298212126653104
-0.7074958835852172
-0.8889336772848384
-0.7518888278737584
-0.7752305133925829
-0.5665461664606897
-0.7479839601603111
-0.6109391107492311
-0.6342807962680553
-0.3824453249813858
-0.563883118681007
-0.4268382692699271
-0.4501799547887515
-0.5046219109315783
-0.6860597046311997
-0.5490148552201197
-0.5723565407389442
-0.935935039077303
-1.1173728327769246
-0.9803279833658444
-1.0036696688846687
-0.7949853219527756
-0.9764231156523968
-0.839378266241317
-0.8627199517601414
-0.6108844804734714
-0.7923222741730929
-0.6552774247620129
-0.6786191102808373
-0.7330610664236642
-0.9144988601232854
-0.7774540107122055
-0.80079569623103
-1.1814769168907755
-1.3629147105903967
-1.2258698611793166
-1.249211546698141
-1.0405271997662482
-1.2219649934658696
-1.0849201440547895
-1.108261829573614
-0.8564263582869441
-1.0378641519865655
-0.9008193025754855
-0.9241609880943099
-0.9786029442371368
-1.1600407379367583
-1.0229958885256782
-1.0463375740445027
-1.048220317458042
-1.2296581111576634
-1.0926132617465834
-1.1159549472654078
-0.9072706003335147
-1.0887083940331361
-0.9516635446220559
-0.9750052301408803
-0.7231697588542106
-0.904607552553832
-0.767562703142752
-0.7909043886615765
-0.8453463448044032
-1.0267841385040246
-0.8897392890929446
-0.9130809746117692
-0.9907556455316757
-1.172193439231297
-1.0351485898202168
-1.0584902753390415
-0.8498059284071483
-1.0312437221067696
-0.8941988726956897
-0.9175405582145141
-0.6657050869278442
-0.8471428806274657
-0.7100980312163857
-0.7334397167352101
-0.7878816728780369
-0.9693194665776583
-0.8322746171665784
-0.8556163026854028
-0.6928687354934101
-0.8743065291930312
-0.7372616797819515
-0.7606033653007758
-0.5519190183688825
-0.7333568120685039
-0.5963119626574239
-0.6196536481762482
-0.3678181768895785
-0.5492559705892
-0.4122111211781199
-0.43555280669694435
-0.48999476283977117
-0.6714325565393925
-0.5343877071283125
-0.557729392647137
-0.9384106133068825
-1.119848407006504
-0.9828035575954239
-1.0061452431142484
-0.7974608961823553
-0.9788986898819764
-0.8418538404708966
-0.8651955259897209
-0.6133600547030512
-0.7947978484026726
-0.6577529989915926
-0.6810946845104169
-0.7355366406532439
-0.9169744343528652
-0.7799295849417852
-0.8032712704606095
-0.805154013874149
-0.9865918075737703
-0.8495469581626903
-0.8728886436815146
-0.6642042967496217
-0.8456420904492428
-0.708597241038163
-0.7319389265569873
-0.48010345527031767
-0.661541248969939
-0.5244963995588591
-0.5478380850776835
-0.6022800412205103
-0.7837178349201314
-0.6466729855090516
-0.6700146710278759
-0.7476893419477827
-0.929127135647404
-0.792082286236324
-0.8154239717551484
-0.6067396248232554
-0.7881774185228765
-0.6511325691117967
-0.674474254630621
-0.4226387833439514
-0.6040765770435726
-0.4670317276324926
-0.49037341315131705
-0.5448153692941439
-0.7262531629937652
-0.5892083135826854
-0.6125499991015098
-0.9465550100969093
-1.1279928037965306
-0.9909479543854507
-1.0142896399042751
-0.805605292972382
-0.9870430866720031
-0.8499982372609233
-0.8733399227797477
-0.621504451493078
-0.8029422451926993
-0.6658973957816194
-0.6892390813004438
-0.7436810374432705
-0.9251188311428918
-0.788073981731812
-0.8114156672506364
-1.1920968879103822
-1.3735346816100034
-1.2364898321989233
-1.2598315177177477
-1.0511471707858544
-1.232584964485476
-1.095540115074396
-1.1188818005932204
-0.8670463293065506
-1.0484841230061719
-0.9114392735950919
-0.9347809591139165
-0.9892229152567431
-1.1706607089563648
-1.0336158595452845
-1.0569575450641089
-1.0588402884776482
-1.2402780821772699
-1.1032332327661898
-1.1265749182850142
-0.9178905713531209
-1.0993283650527423
-0.9622835156416623
-0.9856252011604867
-0.733789729873817
-0.9152275235734383
-0.7781826741623584
-0.8015243596811827
-0.8559663158240095
-1.0374041095236308
-0.9003592601125509
-0.9237009456313755
-1.001375616551282
-1.1828134102509034
-1.0457685608398235
-1.0691102463586477
-0.8604258994267546
-1.041863693126376
-0.904818843715296
-0.9281605292341204
-0.6763250579474508
-0.857762851647072
-0.720718002235992
-0.7440596877548166
-0.7985016438976432
-0.9799394375972645
-0.8428945881861847
-0.8662362737050091
-0.7941547540619648
-0.9755925477615861
-0.8385476983505061
-0.8618893838693306
-0.6532050369374375
-0.8346428306370587
-0.6975979812259788
-0.7209396667448031
-0.46910419545813337
-0.6505419891577549
-0.5134971397466748
-0.5368388252654992
-0.591280781408326
-0.7727185751079474
-0.6356737256968674
-0.6590154112156917
-1.0396966318754375
-1.2211344255750585
-1.0840895761639788
-1.107431261682803
-0.8987469147509102
-1.0801847084505314
-0.9431398590394514
-0.9664815445582758
-0.7146460732716061
-0.8960838669712274
-0.7590390175601475
-0.7823807030789719
-0.8368226592217988
-1.0182604529214199
-0.88121560351034
-0.9045572890291644
-0.9064400324427039
-1.0878778261423252
-0.9508329767312452
-0.9741746622500695
-0.7654903153181766
-0.9469281090177977
-0.8098832596067178
-0.8332249451255422
-0.5813894738388725
-0.7628272675384938
-0.625782418127414
-0.6491241036462383
-0.7035660597890652
-0.8850038534886864
-0.7479590040776064
-0.7713006895964309
-0.8489753605163375
-1.030413154215959
-0.8933683048048789
-0.9167099903237033
-0.7080256433918102
-0.8894634370914314
-0.7524185876803515
-0.775760273199176
-0.5239248019125061
-0.7053625956121274
-0.5683177462010476
-0.591659431719872
-0.6461013878626988
-0.8275391815623201
-0.6904943321512401
-0.7138360176700645
-1.0774145160084234
-1.2588523097080446
-1.1218074602969645
-1.1451491458157892
-0.936464798883896
-1.1179025925835175
-0.9808577431724373
-1.0041994286912617
-0.7523639574045919
-0.9338017511042133
-0.7967569016931333
-0.8200985872119577
-0.8745405433547846
-1.055978337054406
-0.9189334876433259
-0.9422751731621504
-1.322956393821896
-1.5043941875215172
-1.3673493381104371
-1.3906910236292616
-1.1820066766973687
-1.3634444703969897
-1.2263996209859098
-1.2497413065047343
-0.9979058352180646
-1.179343628917686
-1.042298779506606
-1.0656404650254303
-1.1200824211682574
-1.3015202148678786
-1.1644753654567985
-1.1878170509756232
-1.1896997943891625
-1.3711375880887835
-1.2340927386777036
-1.257434424196528
-1.048750077264635
-1.2301878709642566
-1.0931430215531763
-1.1164847070720008
-0.864649235785331
-1.0460870294849522
-0.9090421800738724
-0.9323838655926969
-0.9868258217355237
-1.1682636154351451
-1.031218766024065
-1.0545604515428895
-1.132235122462796
-1.3136729161624174
-1.1766280667513374
-1.1999697522701618
-0.9912854053382687
-1.17272319903789
-1.0356783496268103
-1.0590200351456345
-0.8071845638589648
-0.988622357558586
-0.851577508147506
-0.8749191936663305
-0.9293611498091574
-1.1107989435087788
-0.9737540940976986
-0.9970957796165231
-0.8343482124245303
-1.0157860061241517
-0.8787411567130717
-0.9020828422318963
-0.6933984953000031
-0.8748362889996242
-0.7377914395885444
-0.7611331251073687
-0.5092976538206989
-0.6907354475203203
-0.5536905981092403
-0.5770322836280647
-0.6314742397708917
-0.8129120334705128
-0.675867184059433
-0.6992088695782573
-1.0798900902380029
-1.2613278839376245
-1.1242830345265444
-1.1476247200453686
-0.9389403731134754
-1.120378166813097
-0.9833333174020169
-1.0066750029208413
-0.7548395316341715
-0.9362773253337928
-0.7992324759227128
-0.8225741614415374
-0.8770161175843642
-1.0584539112839855
-0.9214090618729055
-0.94475074739173
-0.9466334908052694
-1.1280712845048908
-0.9910264350938108
-1.0143681206126351
-0.8056837736807422
-0.9871215673803633
-0.8500767179692833
-0.8734184034881078
-0.6215829322014381
-0.8030207259010592
-0.6659758764899795
-0.6893175620088038
-0.7437595181516308
-0.9251973118512519
-0.7881524624401719
-0.8114941479589964
-0.8891688188789029
-1.070606612578524
-0.9335617631674445
-0.9569034486862689
-0.7482191017543757
-0.929656895453997
-0.792612046042917
-0.8159537315617416
-0.5641182602750717
-0.745556053974693
-0.608511204563613
-0.6318528900824376
-0.6862948462252643
-0.8677326399248856
-0.7306877905138056
-0.7540294760326302
