-0.7551230452940648
-0.7475074261451744
-0.798770671541242
-0.7431984572751277
-0.7752965842858534
-0.7676809651369629
-0.8189442105330309
-0.7633719962669164
-0.9203062161525355
-0.9126905970036447
-0.9639538423997127
-0.9083816281335982
-0.9590794451634213
-0.9514638260145307
-1.0027270714105985
-0.9471548571444841
-0.7211560738776636
-0.7135404547287731
-0.7648037001248409
-0.7092314858587265
-0.7413296128694523
-0.7337139937205617
-0.7849772391166296
-0.7294050248505151
-0.8863392447361342
-0.8787236255872435
-0.9299868709833115
-0.8744146567171971
-0.9251124737470202
-0.9174968545981295
-0.9687600999941974
-0.9131878857280831
-0.8328328435706678
-0.8252172244217771
-0.8764804698178449
-0.8209082555517306
-0.8530063825624564
-0.8453907634135657
-0.8966540088096336
-0.8410817945435193
-0.9980160144291382
-0.9904003952802476
-1.0416636406763156
-0.9860914264102011
-1.036789243440024
-1.0291736242911336
-1.0804368696872015
-1.024864655421087
-0.8952227426323961
-0.8876071234835053
-0.9388703688795733
-0.8832981546134587
-0.9153962816241846
-0.9077806624752939
-0.9590439078713618
-0.9034716936052475
-1.0604059134908665
-1.0527902943419758
-1.1040535397380438
-1.0484813254719294
-1.0991791425017525
-1.0915635233528618
-1.1428267687489295
-1.0872545544828152
-0.944625429069981
-0.9370098099210903
-0.9882730553171583
-0.9327008410510439
-0.9647989680617696
-0.957183348912879
-1.008446594308947
-0.9528743800428324
-1.1098085999284515
-1.1021929807795607
-1.1534562261756287
-1.0978840119095143
-1.1485818289393375
-1.1409662097904467
-1.192229455186515
-1.1366572409204003
-0.9106584576535798
-0.903042838504689
-0.954306083900757
-0.8987338696346426
-0.9308319966453683
-0.9232163774964779
-0.9744796228925456
-0.9189074086264312
-1.0758416285120502
-1.0682260093631595
-1.1194892547592277
-1.063917040493113
-1.1146148575229362
-1.1069992383740455
-1.1582624837701136
-1.102690269503999
-1.0223352273465838
-1.0147196081976932
-1.0659828535937612
-1.0104106393276466
-1.0425087663383723
-1.0348931471894818
-1.0861563925855497
-1.0305841783194352
-1.1875183982050543
-1.1799027790561636
-1.231166024452232
-1.1755938101861174
-1.2262916272159403
-1.2186760080670498
-1.2699392534631178
-1.2143670391970034
-1.084725126408312
-1.0771095072594215
-1.1283727526554894
-1.0728005383893746
-1.1048986654001005
-1.09728304625121
-1.148546291647278
-1.0929740773811636
-1.2499082972667823
-1.2422926781178918
-1.29355592351396
-1.2379837092478456
-1.2886815262776685
-1.2810659071287778
-1.332329152524846
-1.2767569382587316
-0.7478687276265154
-0.7402531084776246
-0.7915163538736926
-0.7359441396075782
-0.7680422666183039
-0.7604266474694134
-0.8116898928654811
-0.7561176785993667
-0.9130518984849857
-0.9054362793360952
-0.9566995247321631
-0.9011273104660485
-0.9518251274958717
-0.9442095083469813
-0.9954727537430491
-0.9399005394769345
-0.7139017562101141
-0.7062861370612236
-0.7575493824572913
-0.701977168191177
-0.7340752952019026
-0.7264596760530122
-0.77772292144908
-0.7221507071829655
-0.8790849270685844
-0.871469307919694
-0.9227325533157616
-0.8671603390496474
-0.9178581560794706
-0.91024253693058
-0.9615057823266479
-0.9059335680605334
-0.8255785259031181
-0.8179629067542276
-0.8692261521502955
-0.813653937884181
-0.8457520648949066
-0.8381364457460162
-0.889399691142084
-0.8338274768759696
-0.9907616967615884
-0.983146077612698
-1.0344093230087659
-0.9788371087426514
-1.0295349257724746
-1.021919306623584
-1.0731825520196518
-1.0176103377535375
-0.8879684249648463
-0.8803528058159559
-0.9316160512120236
-0.8760438369459091
-0.9081419639566352
-0.9005263448077444
-0.9517895902038123
-0.8962173759376978
-1.0531515958233166
-1.0455359766744263
-1.0967992220704943
-1.0412270078043797
-1.0919248248342028
-1.084309205685312
-1.13557245108138
-1.080000236815266
-0.7442342826942164
-0.7366186635453259
-0.7878819089413938
-0.7323096946752794
-0.764407821686005
-0.7567922025371145
-0.8080554479331823
-0.7524832336670679
-0.9094174535526868
-0.9018018344037964
-0.9530650797998643
-0.8974928655337497
-0.9481906825635728
-0.9405750634146822
-0.9918383088107503
-0.9362660945446357
-0.7102673112778152
-0.7026516921289246
-0.7539149375249925
-0.6983427232588781
-0.7304408502696037
-0.7228252311207133
-0.7740884765167811
-0.7185162622506667
-0.8754504821362857
-0.8678348629873951
-0.9190981083834628
-0.8635258941173485
-0.9142237111471717
-0.9066080919982812
-0.9578713373943489
-0.9022991231282345
-0.8219440809708192
-0.8143284618219288
-0.8655917072179965
-0.8100194929518821
-0.8421176199626079
-0.8345020008137174
-0.8857652462097853
-0.8301930319436707
-0.9871272518292897
-0.9795116326803992
-1.030774878076467
-0.9752026638103525
-1.0259004808401757
-1.0182848616912852
-1.069548107087353
-1.0139758928212386
-0.8843339800325474
-0.876718360883657
-0.9279816062797248
-0.8724093920136103
-0.9045075190243359
-0.8968918998754456
-0.9481551452715135
-0.8925829310053989
-1.049517150891018
-1.0419015317421274
-1.0931647771381954
-1.0375925628720808
-1.088290379901904
-1.0806747607530134
-1.1319380061490814
-1.0763657918829668
-0.8520526196211231
-0.8444370004722327
-0.8957002458683007
-0.8401280316021862
-0.872226158612912
-0.8646105394640212
-0.9158737848600892
-0.8603015705939748
-1.0172357904795937
-1.0096201713307031
-1.0608834167267711
-1.0053112024606565
-1.0560090194904797
-1.0483934003415891
-1.0996566457376569
-1.0440844314715425
-0.8180856482047221
-0.8104700290558314
-0.8617332744518993
-0.8061610601857849
-0.8382591871965107
-0.8306435680476201
-0.8819068134436879
-0.8263345991775736
-0.9832688190631925
-0.975653199914302
-1.0269164453103696
-0.9713442310442555
-1.0220420480740784
-1.014426428925188
-1.0656896743212558
-1.0101174600551412
-0.9297624178977261
-0.9221467987488355
-0.9734100441449034
-0.9178378298787889
-0.9499359568895147
-0.9423203377406242
-0.993583583136692
-0.9380113688705776
-1.0949455887561965
-1.087329969607306
-1.1385932150033742
-1.0830210007372594
-1.1337188177670825
-1.126103198618192
-1.1773664440142602
-1.1217942297481456
-0.9921523169594544
-0.9845366978105636
-1.0357999432066316
-0.9802277289405172
-1.012325855951243
-1.0047102368023524
-1.0559734821984204
-1.0004012679323058
-1.1573354878179247
-1.1497198686690342
-1.200983114065102
-1.1454108997989878
-1.1961087168288107
-1.18849309767992
-1.2397563430759881
-1.1841841288098736
-1.0415550033970393
-1.0339393842481488
-1.0852026296442168
-1.0296304153781022
-1.0617285423888279
-1.0541129232399373
-1.1053761686360053
-1.0498039543698907
-1.2067381742555099
-1.1991225551066191
-1.2503858005026875
-1.194813586236573
-1.2455114032663956
-1.2378957841175051
-1.2891590295135733
-1.2335868152474587
-1.0075880319806383
-0.9999724128317475
-1.0512356582278155
-0.995663443961701
-1.0277615709724268
-1.020145951823536
-1.071409197219604
-1.0158369829534897
-1.1727712028391089
-1.1651555836902179
-1.2164188290862863
-1.1608466148201717
-1.2115444318499948
-1.203928812701104
-1.2551920580971723
-1.199619843831058
-1.1192648016736422
-1.1116491825247514
-1.1629124279208196
-1.107340213654705
-1.139438340665431
-1.13182272151654
-1.1830859669126081
-1.1275137526464938
-1.284447972532113
-1.2768323533832222
-1.3280955987792902
-1.2725233845131758
-1.323221201542999
-1.3156055823941082
-1.3668688277901764
-1.3112966135240618
-1.1816547007353706
-1.1740390815864796
-1.2253023269825478
-1.1697301127164335
-1.2018282397271591
-1.1942126205782684
-1.2454758659743361
-1.1899036517082218
-1.346837871593841
-1.3392222524449502
-1.3904854978410184
-1.3349132835749038
-1.385611100604727
-1.3779954814558364
-1.4292587268519044
-1.3736865125857898
-0.8447983019535739
-0.8371826828046831
-0.8884459282007511
-0.8328737139346366
-0.8649718409453622
-0.8573562217964718
-0.9086194671925397
-0.8530472529264251
-1.0099814728120442
-1.0023658536631534
-1.0536290990592214
-0.998056884793107
-1.0487547018229302
-1.0411390826740397
-1.0924023280701074
-1.036830113803993
-0.8108313305371724
-0.8032157113882818
-0.8544789567843498
-0.7989067425182355
-0.8310048695289611
-0.8233892503800705
-0.8746524957761384
-0.819080281510024
-0.9760145013956429
-0.9683988822467524
-1.0196621276428202
-0.9640899133767058
-1.014787730406529
-1.0071721112576384
-1.0584353566537061
-1.002863142387592
-0.9225081002301766
-0.9148924810812861
-0.9661557264773538
-0.9105835122112395
-0.9426816392219651
-0.9350660200730746
-0.9863292654691425
-0.930757051203028
-1.087691271088647
-1.0800756519397565
-1.1313388973358243
-1.0757666830697097
-1.126464500099533
-1.1188488809506425
-1.1701121263467107
-1.1145399120805959
-0.9848979992919048
-0.9772823801430142
-1.0285456255390821
-0.9729734112729677
-1.0050715382836934
-0.9974559191348027
-1.0487191645308707
-0.9931469502647563
-1.1500811701503753
-1.1424655510014847
-1.1937287963975527
-1.138156582131438
-1.1888543991612612
-1.1812387800123707
-1.2325020254084385
-1.176929811142324
-0.8411638570212749
-0.8335482378723842
-0.8848114832684522
-0.8292392690023378
-0.8613373960130635
-0.8537217768641728
-0.9049850222602408
-0.8494128079941262
-1.0063470278797453
-0.9987314087308548
-1.0499946541269225
-0.9944224398608081
-1.0451202568906313
-1.0375046377417407
-1.0887678831378085
-1.0331956688716941
-0.8071968856048737
-0.799581266455983
-0.850844511852051
-0.7952722975859365
-0.8273704245966622
-0.8197548054477717
-0.8710180508438395
-0.8154458365777251
-0.972380056463344
-0.9647644373144535
-1.0160276827105215
-0.960455468444407
-1.01115328547423
-1.0035376663253395
-1.0548009117214074
-0.999228697455293
-0.9188736552978777
-0.9112580361489871
-0.962521281545055
-0.9069490672789406
-0.9390471942896662
-0.9314315751407757
-0.9826948205368436
-0.9271226062707292
-1.0840568261563481
-1.0764412070074576
-1.1277044524035253
-1.072132238137411
-1.122830055167234
-1.1152144360183436
-1.1664776814144118
-1.110905467148297
-0.9812635543596059
-0.9736479352107154
-1.0249111806067832
-0.9693389663406689
-1.0014370933513945
-0.9938214742025039
-1.0450847195985717
-0.9895125053324575
-1.1464467252180763
-1.1388311060691858
-1.1900943514652538
-1.1345221371991392
-1.1852199542289623
-1.1776043350800718
-1.2288675804761398
-1.1732953662100252
-0.7843211050539597
-0.7767054859050692
-0.8279687313011371
-0.7723965170350228
-0.8044946440457484
-0.7968790248968578
-0.8481422702929257
-0.7925700560268113
-0.9495042759124303
-0.9418886567635397
-0.9931519021596075
-0.9375796878934931
-0.9882775049233162
-0.9806618857744257
-1.0319251311704936
-0.9763529169043791
-0.7503541336375587
-0.7427385144886679
-0.7940017598847359
-0.7384295456186215
-0.7705276726293472
-0.7629120534804567
-0.8141752988765244
-0.75860308461041
-0.915537304496029
-0.9079216853471386
-0.9591849307432062
-0.903612716477092
-0.954310533506915
-0.9466949143580246
-0.9979581597540922
-0.9423859454879778
-0.8620309033305626
-0.854415284181672
-0.9056785295777399
-0.8501063153116255
-0.8822044423223512
-0.8745888231734608
-0.9258520685695285
-0.870279854303414
-1.027214074189033
-1.0195984550401425
-1.0708617004362107
-1.015289486170096
-1.065987303199919
-1.0583716840510284
-1.1096349294470966
-1.054062715180982
-0.9244208023922909
-0.9168051832434002
-0.9680684286394681
-0.9124962143733537
-0.9445943413840794
-0.936978722235189
-0.9882419676312568
-0.9326697533651422
-1.0896039732507612
-1.0819883541018707
-1.1332515994979384
-1.0776793852318243
-1.1283772022616472
-1.1207615831127564
-1.1720248285088246
-1.11645261424271
-0.9738234888298758
-0.9662078696809854
-1.0174711150770532
-0.9618989008109388
-0.9939970278216644
-0.9863814086727739
-1.0376446540688418
-0.9820724398027273
-1.1390066596883464
-1.1313910405394556
-1.182654285935524
-1.1270820716694094
-1.1777798886992321
-1.1701642695503416
-1.2214275149464098
-1.1658553006802952
-0.9398565174134748
-0.9322408982645841
-0.983504143660652
-0.9279319293945375
-0.9600300564052634
-0.9524144372563726
-1.0036776826524405
-0.948105468386326
-1.1050396882719453
-1.0974240691230543
-1.1486873145191228
-1.0931151002530082
-1.1438129172828313
-1.1361972981339405
-1.1874605435300087
-1.1318883292638944
-1.0515332871064789
-1.0439176679575881
-1.095180913353656
-1.0396086990875417
-1.0717068260982674
-1.0640912069493766
-1.1153544523454448
-1.0597822380793303
-1.2167164579649494
-1.2091008388160587
-1.2603640842121269
-1.2047918699460125
-1.2554896869758354
-1.2478740678269447
-1.2991373132230128
-1.2435650989568985
-1.113923186168207
-1.1063075670193163
-1.1575708124153843
-1.10199859814927
-1.1340967251599956
-1.1264811060111048
-1.1777443514071728
-1.1221721371410582
-1.2791063570266774
-1.2714907378777867
-1.3227539832738548
-1.2671817690077405
-1.3178795860375634
-1.3102639668886729
-1.3615272122847408
-1.3059549980186265
-0.7770667873864103
-0.7694511682375197
-0.8207144136335877
-0.7651421993674731
-0.7972403263781987
-0.7896247072293082
-0.8408879526253762
-0.7853157383592617
-0.9422499582448808
-0.93463433909599
-0.985897584492058
-0.9303253702259435
-0.9810231872557668
-0.973407568106876
-1.024670813502944
-0.9690985992368295
-0.7430998159700088
-0.7354841968211184
-0.7867474422171863
-0.7311752279510719
-0.7632733549617977
-0.755657735812907
-0.8069209812089749
-0.7513487669428606
-0.9082829868284795
-0.9006673676795889
-0.9519306130756567
-0.8963583988095424
-0.9470562158393655
-0.9394405966904749
-0.9907038420865427
-0.9351316278204285
-0.8547765856630131
-0.8471609665141225
-0.8984242119101904
-0.8428519976440759
-0.8749501246548017
-0.8673345055059111
-0.9185977509019789
-0.8630255366358646
-1.0199597565214835
-1.012344137372593
-1.063607382768661
-1.0080351685025464
-1.0587329855323695
-1.051117366383479
-1.1023806117795472
-1.0468083975134326
-0.9171664847247414
-0.9095508655758506
-0.9608141109719186
-0.9052418967058042
-0.9373400237165299
-0.9297244045676393
-0.9809876499637071
-0.9254154356975928
-1.0823496555832117
-1.0747340364343212
-1.1259972818303892
-1.0704250675642748
-1.1211228845940977
-1.1135072654452072
-1.164770510841275
-1.1091982965751608
-0.7734323424541114
-0.7658167233052208
-0.8170799687012887
-0.7615077544351743
-0.7936058814459
-0.7859902622970093
-0.8372535076930773
-0.7816812934269628
-0.9386155133125819
-0.9309998941636912
-0.9822631395597591
-0.9266909252936447
-0.9773887423234678
-0.9697731231745773
-1.0210363685706452
-0.9654641543045307
-0.7394653710377102
-0.7318497518888196
-0.7831129972848875
-0.727540783018773
-0.7596389100294988
-0.7520232908806082
-0.8032865362766761
-0.7477143220105616
-0.9046485418961806
-0.89703292274729
-0.9482961681433579
-0.8927239538772436
-0.9434217709070666
-0.9358061517581759
-0.9870693971542439
-0.9314971828881295
-0.8511421407307141
-0.8435265215818236
-0.8947897669778916
-0.8392175527117771
-0.8713156797225028
-0.8637000605736121
-0.9149633059696801
-0.8593910917035658
-1.0163253115891846
-1.008709692440294
-1.059972937836362
-1.0044007235702475
-1.0550985406000706
-1.04748292145118
-1.0987461668472482
-1.0431739525811337
-0.9135320397924425
-0.9059164206435518
-0.9571796660396198
-0.9016074517735054
-0.933705578784231
-0.9260899596353405
-0.9773532050314083
-0.921780990765294
-1.0787152106509128
-1.0710995915020223
-1.1223628368980902
-1.0667906226319759
-1.1174884396617988
-1.1098728205129083
-1.1611360659089762
-1.1055638516428619
-0.8773793241143387
-0.8697637049654482
-0.9210269503615159
-0.8654547360954016
-0.8975528631061274
-0.8899372439572367
-0.9412004893533046
-0.8856282750871902
-1.0425624949728092
-1.0349468758239186
-1.0862101212199866
-1.030637906953872
-1.0813357239836952
-1.0737201048348046
-1.1249833502308726
-1.0694111359647578
-0.8434123526979375
-0.835796733549047
-0.8870599789451147
-0.8314877646790003
-0.863585891689726
-0.8559702725408356
-0.9072335179369034
-0.8516613036707888
-1.0085955235564081
-1.0009799044075174
-1.0522431498035854
-0.9966709355374709
-1.047368752567294
-1.0397531334184034
-1.0910163788144709
-1.0354441645483567
-0.9550891223909415
-0.947473503242051
-0.9987367486381188
-0.9431645343720043
-0.9752626613827301
-0.9676470422338396
-1.0189102876299077
-0.9633380733637931
-1.120272293249412
-1.1126566741005213
-1.1639199194965895
-1.1083477052304749
-1.1590455222602982
-1.1514299031114072
-1.2026931485074754
-1.147120934241361
-1.0174790214526699
-1.0098634023037794
-1.061126647699847
-1.0055544334337325
-1.0376525604444582
-1.0300369412955679
-1.0813001866916356
-1.0257279724255215
-1.1826621923111402
-1.1750465731622493
-1.2263098185583174
-1.1707376042922029
-1.2214354213220262
-1.2138198021731352
-1.2650830475692034
-1.209510833303089
-1.0668817078902548
-1.0592660887413643
-1.1105293341374323
-1.0549571198713177
-1.0870552468820436
-1.0794396277331526
-1.1307028731292208
-1.0751306588631062
-1.2320648787487256
-1.2244492595998346
-1.2757125049959026
-1.2201402907297882
-1.2708381077596114
-1.2632224886107208
-1.3144857340067888
-1.2589135197406742
-1.0329147364738536
-1.025299117324963
-1.0765623627210308
-1.0209901484549164
-1.0530882754656423
-1.0454726563167516
-1.0967359017128195
-1.0411636874467052
-1.1980979073323244
-1.1904822881834334
-1.2417455335795016
-1.1861733193133872
-1.2368711363432103
-1.2292555171943194
-1.2805187625903875
-1.2249465483242732
-1.1445915061668577
-1.1369758870179671
-1.1882391324140351
-1.1326669181479205
-1.1647650451586464
-1.1571494260097557
-1.2084126714058239
-1.1528404571397093
-1.3097746770253285
-1.3021590578764375
-1.3534223032725057
-1.2978500890063913
-1.3485479060362142
-1.3409322868873235
-1.3921955322833919
-1.3366233180172773
-1.2069814052285859
-1.1993657860796951
-1.2506290314757633
-1.195056817209649
-1.2271549442203744
-1.2195393250714839
-1.2708025704675519
-1.2152303562014375
-1.3721645760870562
-1.3645489569381657
-1.4158122023342339
-1.3602399880681193
-1.4109378050979422
-1.4033221859490514
-1.4545854313451196
-1.3990132170790053
-0.8701250064467893
-0.8625093872978985
-0.9137726326939665
-0.8582004184278521
-0.8902985454385778
-0.8826829262896871
-0.933946171685755
-0.8783739574196406
-1.0353081773052597
-1.027692558156369
-1.0789558035524367
-1.0233835892863226
-1.0740814063161457
-1.0664657871672552
-1.117729032563323
-1.0621568182972085
-0.836158035030388
-0.8285424158814974
-0.8798056612775652
-0.8242334470114508
-0.8563315740221765
-0.848715954873286
-0.8999792002693539
-0.8444069860032394
-1.0013412058888584
-0.9937255867399679
-1.0449888321360357
-0.9894166178699213
-1.0401144348997446
-1.032498815750854
-1.0837620611469216
-1.0281898468808073
-0.947834804723392
-0.9402191855745016
-0.9914824309705694
-0.935910216704455
-0.9680083437151805
-0.9603927245662901
-1.0116559699623577
-0.9560837556962434
-1.1130179755818623
-1.1054023564329718
-1.15666560182904
-1.1010933875629254
-1.1517912045927485
-1.1441755854438578
-1.1954388308399262
-1.1398666165738116
-1.0102247037851202
-1.0026090846362297
-1.0538723300322974
-0.998300115766183
-1.0303982427769087
-1.0227826236280184
-1.0740458690240862
-1.0184736547579718
-1.1754078746435905
-1.1677922554947
-1.2190555008907682
-1.1634832866246536
-1.2141811036544767
-1.2065654845055858
-1.257828729901654
-1.2022565156355398
-0.8664905615144903
-0.8588749423655997
-0.9101381877616675
-0.8545659734955532
-0.8866641005062789
-0.8790484813573883
-0.9303117267534563
-0.8747395124873417
-1.0316737323729608
-1.02405811322407
-1.0753213586201378
-1.0197491443540236
-1.0704469613838468
-1.0628313422349562
-1.114094587631024
-1.0585223733649096
-0.8325235900980891
-0.8249079709491984
-0.8761712163452664
-0.820599002079152
-0.8526971290898776
-0.8450815099409871
-0.8963447553370549
-0.8407725410709406
-0.9977067609565594
-0.990091141807669
-1.041354387203737
-0.9857821729376224
-1.0364799899674455
-1.028864370818555
-1.0801276162146227
-1.0245554019485084
-0.9442003597910931
-0.9365847406422027
-0.9878479860382704
-0.932275771772156
-0.9643738987828816
-0.9567582796339912
-1.008021525030059
-0.9524493107639446
-1.1093835306495634
-1.101767911500673
-1.153031156896741
-1.0974589426306265
-1.1481567596604496
-1.1405411405115589
-1.1918043859076273
-1.1362321716415125
-1.0065902588528213
-0.9989746397039307
-1.0502378850999987
-0.9946656708338842
-1.0267637978446098
-1.0191481786957193
-1.0704114240917872
-1.0148392098256729
-1.1717734297112916
-1.164157810562401
-1.215421055958469
-1.1598488416923547
-1.2105466587221776
-1.202931039573287
-1.254194284969355
-1.1986220707032407
