-1.289767253803437
-1.289713699798022
-1.1811530442838414
-1.2245550879177798
-1.266279632908333
-1.266226078902918
-1.1576654233887376
-1.2010674670226757
-1.2686980334719338
-1.2686444794665188
-1.160083823952338
-1.2034858675862765
-1.418211455560161
-1.418157901554746
-1.3095972460405652
-1.3529992896745038
-1.114983960957096
-1.114930406951681
-1.0063697514374998
-1.0497717950714387
-1.0914963400619917
-1.0914427860565767
-0.9828821305423959
-1.0262841741763347
-1.0939147406255922
-1.0938611866201775
-0.9853005311059966
-1.028702574739935
-1.2434281627138195
-1.2433746087084045
-1.1348139531942236
-1.1782159968281622
-1.1838909988471218
-1.1838374448417068
-1.0752767893275257
-1.1186788329614645
-1.1604033779520178
-1.1603498239466028
-1.0517891684324219
-1.0951912120663605
-1.1628217785156183
-1.1627682245102033
-1.0542075689960224
-1.0976096126299608
-1.3123352006038458
-1.3122816465984306
-1.2037209910842497
-1.2471230347181885
-1.236222694535442
-1.236169140530027
-1.1276084850158463
-1.1710105286497847
-1.2127350736403382
-1.212681519634923
-1.1041208641207423
-1.1475229077546807
-1.2151534742039385
-1.2150999201985235
-1.106539264684343
-1.1499413083182815
-1.364666896292166
-1.364613342286751
-1.25605268677257
-1.2994547304065087
-1.3177689478256223
-1.3177153938202073
-1.2091547383060264
-1.252556781939965
-1.2942813269305182
-1.2942277729251033
-1.1856671174109223
-1.229069161044861
-1.2966997274941188
-1.2966461734887038
-1.1880855179745227
-1.2314875616084615
-1.446213149582346
-1.4461595955769306
-1.3375989400627504
-1.3810009836966883
-1.1429856549792805
-1.1429321009738658
-1.0343714454596848
-1.0777734890936232
-1.1194980340841767
-1.1194444800787617
-1.0108838245645808
-1.0542858681985194
-1.121916434647777
-1.1218628806423623
-1.0133022251281814
-1.0567042687621198
-1.2714298567360047
-1.2713763027305898
-1.1628156472164088
-1.2062176908503475
-1.2118926928693068
-1.2118391388638916
-1.103278483349711
-1.1466805269836493
-1.1884050719742025
-1.1883515179687876
-1.0797908624546069
-1.1231929060885453
-1.1908234725378033
-1.1907699185323883
-1.0822092630182074
-1.125611306652146
-1.3403368946260306
-1.3402833406206156
-1.2317226851064347
-1.2751247287403733
-1.264224388557627
-1.264170834552212
-1.1556101790380313
-1.19901222267197
-1.240736767662523
-1.240683213657108
-1.1321225581429275
-1.1755246017768657
-1.2431551682261237
-1.2431016142207085
-1.1345409587065278
-1.1779430023404662
-1.392668590314351
-1.3926150363089358
-1.2840543807947553
-1.3274564244286937
-1.2004623646705985
-1.2004088106651836
-1.0918481551510029
-1.1352501987849413
-1.1769747437754947
-1.1769211897700798
-1.0683605342558986
-1.1117625778898372
-1.179393144339095
-1.17933959033368
-1.0707789348194994
-1.1141809784534378
-1.3289065664273223
-1.3288530124219073
-1.2202923569077266
-1.2636944005416653
-1.0256790718242572
-1.0256255178188425
-0.9170648623046613
-0.9604669059386001
-1.0021914509291532
-1.0021378969237384
-0.8935772414095574
-0.9369792850434959
-1.0046098514927537
-1.004556297487339
-0.895995641973158
-0.9393976856070965
-1.154123273580981
-1.1540697195755663
-1.0455090640613853
-1.0889111076953237
-1.094586109714283
-1.094532555708868
-0.9859719001946874
-1.029373943828626
-1.0710984888191792
-1.0710449348137643
-0.9624842792995832
-1.005886322933522
-1.0735168893827798
-1.0734633353773648
-0.9649026798631838
-1.0083047234971225
-1.2230303114710073
-1.222976757465592
-1.1144161019514114
-1.1578181455853498
-1.1469178054026037
-1.1468642513971887
-1.0383035958830078
-1.0817056395169464
-1.1234301845074997
-1.123376630502085
-1.0148159749879038
-1.0582180186218424
-1.1258485850711002
-1.1257950310656852
-1.0172343755515043
-1.060636419185443
-1.2753620071593275
-1.2753084531539125
-1.1667477976397318
-1.2101498412736698
-1.160876518766005
-1.1608229647605903
-1.0522623092464092
-1.0956643528803478
-1.1373888978709012
-1.1373353438654863
-1.0287746883513054
-1.0721767319852438
-1.1398072984345016
-1.1397537444290868
-1.031193088914906
-1.0745951325488443
-1.2893207205227288
-1.2892671665173139
-1.1807065110031332
-1.2241085546370718
-0.9860932259196638
-0.9860396719142488
-0.8774790164000679
-0.9208810600340064
-0.9626056050245597
-0.962552051019145
-0.853991395504964
-0.8973934391389025
-0.9650240055881601
-0.9649704515827454
-0.8564097960685645
-0.899811839702503
-1.1145374276763875
-1.1144838736709728
-1.0059232181567916
-1.0493252617907303
-1.0550002638096896
-1.0549467098042746
-0.9463860542900939
-0.9897880979240324
-1.0315126429145856
-1.0314590889091708
-0.9228984333949898
-0.9663004770289285
-1.0339310434781863
-1.0338774894727714
-0.9253168339585904
-0.968718877592529
-1.1834444655664136
-1.1833909115609986
-1.0748302560468175
-1.1182322996807563
-1.10733195949801
-1.1072784054925953
-0.9987177499784143
-1.042119793612353
-1.0838443386029062
-1.0837907845974912
-0.9752301290833103
-1.018632172717249
-1.0862627391665067
-1.0862091851610918
-0.9776485296469108
-1.0210505732808495
-1.2357761612547338
-1.2357226072493188
-1.1271619517351381
-1.1705639953690765
-1.3045401661879528
-1.3044866121825378
-1.195925956668357
-1.239328000302295
-1.2810525452928487
-1.2809989912874338
-1.172438335773253
-1.2158403794071915
-1.2834709458564495
-1.2834173918510343
-1.1748567363368534
-1.2182587799707918
-1.4329843679446768
-1.4329308139392614
-1.3243701584250804
-1.3677722020590195
-1.1297568733416115
-1.1297033193361965
-1.0211426638220156
-1.0645447074559542
-1.1062692524465076
-1.1062156984410927
-0.9976550429269117
-1.0410570865608502
-1.108687653010108
-1.108634099004693
-1.000073443490512
-1.0434754871244507
-1.2582010750983352
-1.2581475210929203
-1.1495868655787396
-1.192988909212678
-1.1986639112316375
-1.1986103572262226
-1.0900497017120414
-1.1334517453459803
-1.1751762903365335
-1.1751227363311185
-1.0665620808169376
-1.1099641244508762
-1.1775946909001338
-1.1775411368947188
-1.0689804813805381
-1.1123825250144768
-1.3271081129883615
-1.3270545589829463
-1.2184939034687654
-1.261895947102704
-1.2509956069199577
-1.2509420529145427
-1.1423813974003623
-1.1857834410343004
-1.2275079860248537
-1.2274544320194387
-1.118893776505258
-1.1622958201391964
-1.229926386588454
-1.229872832583039
-1.1213121770688586
-1.164714220702797
-1.3794398086766817
-1.3793862546712667
-1.2708255991570858
-1.3142276427910242
-1.332541860210138
-1.332488306204723
-1.223927650690542
-1.2673296943244807
-1.309054239315034
-1.309000685309619
-1.200440029795438
-1.2438420734293767
-1.311472639878634
-1.311419085873219
-1.2028584303590386
-1.2462604739929768
-1.4609860619668613
-1.4609325079614464
-1.352371852447266
-1.3957738960812043
-1.1577585673637962
-1.1577050133583813
-1.0491443578442003
-1.092546401478139
-1.1342709464686924
-1.1342173924632775
-1.0256567369490965
-1.069058780583035
-1.1366893470322927
-1.1366357930268778
-1.0280751375126969
-1.0714771811466357
-1.2862027691205205
-1.2861492151151055
-1.1775885596009243
-1.2209906032348632
-1.2266656052538223
-1.226612051248407
-1.1180513957342266
-1.1614534393681653
-1.2031779843587183
-1.2031244303533033
-1.0945637748391224
-1.137965818473061
-1.205596384922319
-1.2055428309169038
-1.0969821754027227
-1.1403842190366615
-1.3551098070105463
-1.3550562530051313
-1.2464955974909506
-1.289897641124889
-1.278997300942143
-1.2789437469367277
-1.170383091422547
-1.2137851350564854
-1.2555096800470387
-1.2554561260416237
-1.146895470527443
-1.1902975141613816
-1.2579280806106392
-1.2578745266052243
-1.1493138710910433
-1.192715914724982
-1.4074415026988667
-1.4073879486934515
-1.2988272931792708
-1.3422293368132092
-1.2152352770551142
-1.2151817230496993
-1.1066210675355184
-1.150023111169457
-1.1917476561600102
-1.1916941021545955
-1.0831334466404143
-1.1265354902743532
-1.1941660567236108
-1.1941125027181958
-1.0855518472040149
-1.1289538908379535
-1.3436794788118376
-1.3436259248064226
-1.2350652692922424
-1.2784673129261805
-1.0404519842087727
-1.040398430203358
-0.9318377746891771
-0.9752398183231157
-1.016964363313669
-1.0169108093082542
-0.908350153794073
-0.9517521974280118
-1.0193827638772694
-1.0193292098718545
-0.9107685543576737
-0.9541705979916121
-1.1688961859654967
-1.1688426319600818
-1.0602819764459008
-1.1036840200798395
-1.109359022098799
-1.109305468093384
-1.000744812579203
-1.0441468562131415
-1.0858714012036947
-1.0858178471982798
-0.9772571916840991
-1.0206592353180377
-1.0882898017672953
-1.0882362477618803
-0.9796755922476995
-1.023077635881638
-1.2378032238555228
-1.2377496698501076
-1.1291890143359269
-1.1725910579698653
-1.1616907177871194
-1.1616371637817045
-1.0530765082675235
-1.096478551901462
-1.1382030968920154
-1.1381495428866004
-1.0295888873724193
-1.0729909310063581
-1.1406214974556157
-1.1405679434502007
-1.03200728793602
-1.0754093315699584
-1.2901349195438432
-1.2900813655384278
-1.1815207100242475
-1.2249227536581855
-1.1756494311505208
-1.1755958771451058
-1.067035221630925
-1.1104372652648635
-1.1521618102554168
-1.152108256250002
-1.043547600735821
-1.0869496443697595
-1.154580210819017
-1.1545266568136023
-1.0459660012994214
-1.0893680449333598
-1.3040936329072446
-1.3040400789018298
-1.195479423387649
-1.2388814670215875
-1.0008661383041795
-1.0008125842987645
-0.8922519287845835
-0.9356539724185222
-0.9773785174090754
-0.9773249634036605
-0.8687643078894797
-0.9121663515234182
-0.9797969179726759
-0.979743363967261
-0.8711827084530801
-0.9145847520870185
-1.1293103400609033
-1.1292567860554883
-1.0206961305413074
-1.064098174175246
-1.0697731761942053
-1.0697196221887906
-0.9611589666746096
-1.0045610103085483
-1.0462855552991013
-1.0462320012936865
-0.9376713457795056
-0.9810733894134441
-1.0487039558627018
-1.0486504018572869
-0.940089746343106
-0.9834917899770447
-1.1982173779509293
-1.1981638239455141
-1.0896031684313334
-1.1330052120652718
-1.122104871882526
-1.122051317877111
-1.01349066236293
-1.0568927059968687
-1.0986172509874217
-1.0985636969820072
-0.990003041467826
-1.0334050851017647
-1.1010356515510222
-1.1009820975456075
-0.9924214420314266
-1.0358234856653652
-1.2505490736392495
-1.2504955196338345
-1.1419348641196538
-1.1853369077535922
-1.2368086516207895
-1.2367550976153745
-1.1281944421011936
-1.1715964857351318
-1.2133210307256852
-1.2132674767202702
-1.1047068212060895
-1.1481088648400282
-1.215739431289286
-1.2156858772838708
-1.1071252217696899
-1.1505272654036283
-1.3652528533775132
-1.3651992993720978
-1.2566386438579171
-1.300040687491856
-1.062025358774448
-1.061971804769033
-0.9534111492548522
-0.9968131928887907
-1.0385377378793441
-1.0384841838739292
-0.9299235283597481
-0.9733255719936867
-1.0409561384429444
-1.0409025844375297
-0.9323419289233487
-0.9757439725572873
-1.1904695605311717
-1.190416006525757
-1.081855351011576
-1.1252573946455147
-1.130932396664474
-1.130878842659059
-1.022318187144878
-1.0657202307788167
-1.10744477576937
-1.107391221763955
-0.9988305662497741
-1.0422326098837127
-1.1098631763329705
-1.1098096223275555
-1.0012489668133746
-1.0446510104473132
-1.259376598421198
-1.2593230444157828
-1.1507623889016019
-1.1941644325355405
-1.1832640923527942
-1.1832105383473792
-1.0746498828331987
-1.118051926467137
-1.1597764714576901
-1.1597229174522752
-1.0511622619380947
-1.0945643055720329
-1.1621948720212907
-1.1621413180158757
-1.053580662501695
-1.0969827061356334
-1.3117082941095182
-1.3116547401041032
-1.2030940845899223
-1.2464961282238607
-1.2648103456429745
-1.2647567916375595
-1.1561961361233786
-1.1995981797573172
-1.2413227247478704
-1.2412691707424555
-1.1327085152282745
-1.1761105588622132
-1.2437411253114705
-1.2436875713060556
-1.135126915791875
-1.1785289594258133
-1.393254547399698
-1.393200993394283
-1.2846403378801026
-1.3280423815140407
-1.0900270527966327
-1.0899734987912177
-0.9814128432770369
-1.0248148869109754
-1.066539431901529
-1.066485877896114
-0.957925222381933
-1.0013272660158716
-1.0689578324651294
-1.0689042784597145
-0.9603436229455334
-1.0037456665794722
-1.218471254553357
-1.218417700547942
-1.1098570450337608
-1.1532590886676997
-1.158934090686659
-1.1588805366812438
-1.050319881167063
-1.0937219248010017
-1.1354464697915547
-1.13539291578614
-1.0268322602719588
-1.0702343039058977
-1.1378648703551555
-1.1378113163497403
-1.0292506608355594
-1.072652704469498
-1.2873782924433828
-1.2873247384379678
-1.178764082923787
-1.2221661265577255
-1.2112657863749794
-1.2112122323695642
-1.1026515768553835
-1.146053620489322
-1.1877781654798754
-1.1877246114744604
-1.0791639559602795
-1.122565999594218
-1.1901965660434757
-1.1901430120380607
-1.08158235652388
-1.1249844001578184
-1.3397099881317032
-1.339656434126288
-1.2310957786121073
-1.274497822246046
-1.1475037624879507
-1.1474502084825358
-1.038889552968355
-1.0822915966022935
-1.1240161415928467
-1.123962587587432
-1.015401932073251
-1.0588039757071896
-1.1264345421564472
-1.1263809881510325
-1.0178203326368513
-1.0612223762707902
-1.2759479642446743
-1.2758944102392593
-1.1673337547250788
-1.210735798359017
-0.9727204696416093
-0.9726669156361945
-0.8641062601220136
-0.9075083037559522
-0.9492328487465055
-0.9491792947410906
-0.8406186392269095
-0.8840206828608482
-0.9516512493101058
-0.9515976953046911
-0.8430370397905101
-0.8864390834244487
-1.1011646713983332
-1.1011111173929182
-0.9925504618787374
-1.035952505512676
-1.0416275075316355
-1.0415739535262205
-0.9330132980120395
-0.9764153416459781
-1.0181398866365314
-1.0180863326311165
-0.9095256771169355
-0.9529277207508742
-1.0205582872001318
-1.020504733194717
-0.911944077680536
-0.9553461213144746
-1.1700717092883592
-1.170018155282944
-1.0614574997687634
-1.104859543402702
-1.0939592032199559
-1.093905649214541
-0.98534499370036
-1.0287470373342986
-1.0704715823248518
-1.0704180283194369
-0.9618573728052559
-1.0052594164391946
-1.0728899828884522
-1.0728364288830372
-0.9642757733688565
-1.0076778170027951
-1.2224034049766799
-1.2223498509712643
-1.113789195457084
-1.1571912390910222
-1.1079179165833573
-1.1078643625779423
-0.9993037070637615
-1.0427057506977002
-1.0844302956882532
-1.0843767416828385
-0.9758160861686576
-1.0192181298025962
-1.0868486962518535
-1.0867951422464388
-0.9782344867322579
-1.0216365303661965
-1.2363621183400813
-1.2363085643346663
-1.1277479088204854
-1.171149952454424
-0.9331346237370161
-0.9330810697316011
-0.82452041421742
-0.8679224578513587
-0.9096470028419119
-0.9095934488364971
-0.8010327933223161
-0.8444348369562548
-0.9120654034055123
-0.9120118494000976
-0.8034511938859166
-0.8468532375198551
-1.0615788254937397
-1.0615252714883248
-0.952964615974144
-0.9963666596080825
-1.002041661627042
-1.001988107621627
-0.8934274521074461
-0.9368294957413847
-0.9785540407319379
-0.978500486726523
-0.8699398312123421
-0.9133418748462806
-0.9809724412955383
-0.9809188872901234
-0.8723582317759425
-0.9157602754098811
-1.1304858633837658
-1.1304323093783506
-1.02187165386417
-1.0652736974981083
-1.0543733573153624
-1.0543198033099475
-0.9457591477957666
-0.9891611914297052
-1.0308857364202584
-1.0308321824148436
-0.9222715269006625
-0.9656735705346011
-1.0333041369838587
-1.033250582978444
-0.924689927464263
-0.9680919710982017
-1.182817559072086
-1.182764005066671
-1.0742033495524903
-1.117605393186429
-1.318291506379166
-1.318237952373751
-1.2096772968595708
-1.253079340493509
-1.2948038854840624
-1.2947503314786475
-1.1861896759644668
-1.2295917195984054
-1.2972222860476628
-1.2971687320422478
-1.1886080765280673
-1.2320101201620055
-1.44673570813589
-1.446682154130475
-1.3381214986162944
-1.3815235422502328
-1.1435082135328252
-1.1434546595274102
-1.0348940040132293
-1.0782960476471677
-1.1200205926377211
-1.1199670386323062
-1.0114063831181253
-1.0548084267520639
-1.1224389932013217
-1.1223854391959065
-1.0138247836817258
-1.0572268273156644
-1.271952415289549
-1.2718988612841342
-1.1633382057699533
-1.206740249403892
-1.2124152514228512
-1.212361697417436
-1.1038010419032553
-1.1472030855371937
-1.1889276305277472
-1.1888740765223322
-1.080313421008151
-1.12371546464209
-1.1913460310913477
-1.1912924770859328
-1.0827318215717519
-1.1261338652056905
-1.3408594531795748
-1.34080589917416
-1.2322452436599791
-1.2756472872939175
-1.2647469471111712
-1.2646933931057565
-1.1561327375915758
-1.199534781225514
-1.2412593262160674
-1.2412057722106524
-1.132645116696472
-1.17604716033041
-1.243677726779668
-1.243624172774253
-1.1350635172600723
-1.1784655608940107
-1.393191148867895
-1.39313759486248
-1.2845769393482993
-1.3279789829822377
-1.3462932004013513
-1.3462396463959363
-1.2376789908817556
-1.281081034515694
-1.3228055795062477
-1.3227520255008327
-1.2141913699866518
-1.2575934136205904
-1.3252239800698478
-1.3251704260644328
-1.216609770550252
-1.2600118141841905
-1.4747374021580753
-1.4746838481526603
-1.3661231926384794
-1.409525236272418
-1.1715099075550102
-1.171456353549595
-1.062895698035414
-1.1062977416693527
-1.148022286659906
-1.147968732654491
-1.0394080771403102
-1.0828101207742487
-1.1504406872235067
-1.1503871332180917
-1.0418264777039108
-1.0852285213378492
-1.299954109311734
-1.299900555306319
-1.1913398997921383
-1.2347419434260767
-1.2404169454450362
-1.240363391439621
-1.1318027359254401
-1.175204779559379
-1.216929324549932
-1.2168757705445172
-1.1083151150303363
-1.151717158664275
-1.2193477251135325
-1.2192941711081176
-1.1107335155939366
-1.1541355592278753
-1.36886114720176
-1.3688075931963448
-1.2602469376821643
-1.3036489813161025
-1.2927486411333566
-1.2926950871279415
-1.1841344316137608
-1.2275364752476992
-1.2692610202382526
-1.2692074662328374
-1.1606468107186567
-1.2040488543525951
-1.271679420801853
-1.271625866796438
-1.1630652112822573
-1.2064672549161957
-1.4211928428900802
-1.4211392888846652
-1.3125786333704845
-1.3559806770044227
-1.228986617246328
-1.228933063240913
-1.1203724077267323
-1.1637744513606707
-1.205498996351224
-1.205445442345809
-1.0968847868316283
-1.1402868304655667
-1.2079173969148245
-1.2078638429094097
-1.0993031873952288
-1.1427052310291674
-1.3574308190030515
-1.3573772649976366
-1.248816609483456
-1.2922186531173943
-1.0542033243999864
-1.0541497703945717
-0.9455891148803908
-0.9889911585143293
-1.0307157035048826
-1.0306621494994677
-0.9221014939852867
-0.9655035376192252
-1.0331341040684832
-1.0330805500630682
-0.9245198945488873
-0.9679219381828259
-1.1826475261567104
-1.1825939721512955
-1.0740333166371143
-1.1174353602710532
-1.1231103622900125
-1.1230568082845975
-1.0144961527704166
-1.0578981964043552
-1.0996227413949087
-1.0995691873894937
-0.9910085318753127
-1.0344105755092514
-1.102041141958509
-1.101987587953094
-0.9934269324389132
-1.0368289760728517
-1.2515545640467363
-1.2515010100413213
-1.1429403545271406
-1.1863423981610792
-1.175442057978333
-1.175388503972918
-1.066827848458737
-1.1102298920926756
-1.151954437083229
-1.1519008830778141
-1.0433402275636332
-1.0867422711975718
-1.1543728376468294
-1.1543192836414145
-1.0457586281272337
-1.0891606717611721
-1.3038862597350565
-1.3038327057296415
-1.1952720502154608
-1.2386740938493994
-1.1894007713417345
-1.1893472173363195
-1.0807865618221384
-1.1241886054560772
-1.1659131504466305
-1.1658595964412155
-1.0572989409270346
-1.1007009845609734
-1.168331551010231
-1.168277997004816
-1.0597173414906351
-1.103119385124574
-1.3178449730984585
-1.317791419093043
-1.2092307635788626
-1.2526328072128008
-1.014617478495393
-1.0145639244899782
-0.9060032689757972
-0.9494053126097358
-0.9911298576002889
-0.9910763035948743
-0.8825156480806932
-0.9259176917146319
-0.9935482581638896
-0.9934947041584749
-0.8849340486442938
-0.9283360922782323
-1.1430616802521167
-1.143008126246702
-1.0344474707325209
-1.0778495143664595
-1.083524516385419
-1.0834709623800043
-0.9749103068658231
-1.0183123504997618
-1.0600368954903152
-1.0599833414849003
-0.9514226859707193
-0.9948247296046577
-1.0624552960539155
-1.0624017420485008
-0.9538410865343198
-0.9972431301682584
-1.2119687181421428
-1.2119151641367278
-1.103354508622547
-1.1467565522564855
-1.1358562120737394
-1.1358026580683245
-1.0272420025541436
-1.0706440461880822
-1.1123685911786356
-1.1123150371732207
-1.0037543816590397
-1.0471564252929781
-1.114786991742236
-1.1147334377368212
-1.0061727822226403
-1.049574825856579
-1.2643004138304632
-1.2642468598250483
-1.1556862043108675
-1.199088247944806
