-1.3007696619178335
-1.3946251423582998
-1.2896401478582122
-1.2423716579554969
-0.9523365959535149
-1.0461920763939814
-0.9412070818938936
-0.8939385919911782
-0.9936733565409863
-1.0875288369814526
-0.982543842481365
-0.9352753525786496
-0.8846551553572864
-0.9785106357977527
-0.873525641297665
-0.8262571513949497
-1.4871325485832259
-1.5809880290236922
-1.4760030345236046
-1.428734544620889
-1.1386994826189072
-1.2325549630593737
-1.127569968559286
-1.0803014786565706
-1.1800362432063785
-1.273891723646845
-1.1689067291467574
-1.121638239244042
-1.0710180420226787
-1.164873522463145
-1.0598885279630577
-1.012620038060342
-1.3778928727882933
-1.4717483532287592
-1.3667633587286718
-1.3194948688259562
-1.0294598068239746
-1.1233152872644407
-1.0183302927643532
-0.9710618028616379
-1.0707965674114457
-1.1646520478519122
-1.0596670533518247
-1.0123985634491093
-0.9617783662277459
-1.0556338466682125
-0.9506488521681248
-0.9033803622654094
-1.1771963092096727
-1.2710517896501388
-1.1660667951500516
-1.118798305247336
-0.8287632432453541
-0.9226187236858205
-0.817633729185733
-0.7703652392830176
-0.8701000038328254
-0.9639554842732919
-0.8589704897732043
-0.8117019998704887
-0.7610818026491255
-0.854937283089592
-0.7499522885895044
-0.7026837986867889
-1.225377497207336
-1.3192329776478018
-1.2142479831477146
-1.166979493244999
-0.8769444312430174
-0.9707999116834837
-0.8658149171833961
-0.8185464272806807
-0.9182811918304886
-1.0121366722709548
-0.9071516777708674
-0.8598831878681519
-0.8092629906467885
-0.9031184710872551
-0.7981334765871674
-0.7508649866844519
-1.4117403838727283
-1.5055958643131944
-1.400610869813107
-1.3533423799103916
-1.0633073179084098
-1.157162798348876
-1.0521778038487883
-1.0049093139460732
-1.1046440784958809
-1.1984995589363472
-1.0935145644362596
-1.0462460745335445
-0.9956258773121811
-1.0894813577526474
-0.9844963632525598
-0.9372278733498445
-1.3025007080777955
-1.3963561885182616
-1.2913711940181745
-1.2441027041154586
-0.954067642113477
-1.0479231225539434
-0.9429381280538557
-0.8956696381511403
-0.9954044027009484
-1.0892598831414146
-0.9842748886413271
-0.9370063987386117
-0.8863862015172486
-0.9802416819577147
-0.8752566874576271
-0.8279881975549117
-1.101804144499175
-1.1956596249396412
-1.0906746304395538
-1.0434061405368384
-0.7533710785348566
-0.8472265589753231
-0.7422415644752353
-0.6949730745725199
-0.7947078391223278
-0.8885633195627942
-0.7835783250627066
-0.7363098351599913
-0.6856896379386279
-0.7795451183790943
-0.6745601238790067
-0.6272916339762913
-1.2752907471108776
-1.3691462275513437
-1.2641612330512566
-1.216892743148541
-0.926857681146559
-1.0207131615870253
-0.9157281670869377
-0.8684596771842223
-0.9681944417340304
-1.0620499221744966
-0.9570649276744091
-0.9097964377716937
-0.8591762405503304
-0.9530317209907967
-0.8480467264907092
-0.8007782365879936
-1.46165363377627
-1.555509114216736
-1.450524119716649
-1.4032556298139334
-1.1132205678119511
-1.2070760482524177
-1.10209105375233
-1.0548225638496147
-1.1545573283994226
-1.248412808839889
-1.1434278143398016
-1.096159324437086
-1.045539127215723
-1.1393946076561892
-1.0344096131561016
-0.9871411232533862
-1.3524139579813372
-1.4462694384218036
-1.3412844439217162
-1.2940159540190004
-1.0039808920170186
-1.097836372457485
-0.9928513779573974
-0.9455828880546819
-1.04531765260449
-1.1391731330449562
-1.0341881385448688
-0.9869196486421533
-0.9362994514207902
-1.0301549318612564
-0.9251699373611688
-0.8779014474584534
-1.1517173944027168
-1.2455728748431831
-1.1405878803430956
-1.0933193904403802
-0.8032843284383983
-0.8971398088788647
-0.792154814378777
-0.7448863244760615
-0.8446210890258696
-0.9384765694663361
-0.8334915749662483
-0.7862230850635329
-0.7356028878421698
-0.829458368282636
-0.7244733737825484
-0.677204883879833
-1.2131151090281274
-1.3069705894685937
-1.201985594968506
-1.1547171050657907
-0.8646820430638086
-0.958537523504275
-0.8535525290041874
-0.8062840391014721
-0.90601880365128
-0.9998742840917463
-0.8948892895916588
-0.8476207996889433
-0.7970006024675801
-0.8908560829080464
-0.7858710884079587
-0.7386025985052433
-1.3994779956935197
-1.493333476133986
-1.3883484816338987
-1.3410799917311833
-1.051044929729201
-1.1449004101696674
-1.0399154156695798
-0.9926469257668644
-1.092381690316672
-1.1862371707571386
-1.0812521762570513
-1.0339836863543357
-0.9833634891329724
-1.0772189695734389
-0.9722339750733512
-0.9249654851706358
-1.2902383198985872
-1.3840938003390533
-1.279108805838966
-1.2318403159362503
-0.9418052539342683
-1.0356607343747346
-0.9306757398746471
-0.8834072499719317
-0.9831420145217397
-1.076997494962206
-0.9720125004621185
-0.924744010559403
-0.8741238133380398
-0.9679792937785062
-0.8629942992784184
-0.815725809375703
-1.0895417563199665
-1.1833972367604326
-1.0784122422603453
-1.03114375235763
-0.741108690355648
-0.8349641707961143
-0.7299791762960267
-0.6827106863933113
-0.7824454509431192
-0.8763009313835857
-0.7713159368834981
-0.7240474469807826
-0.6734272497594194
-0.7672827301998857
-0.6622977356997982
-0.6150292457970827
-1.2565640113211496
-1.3504194917616157
-1.2454344972615283
-1.198166007358813
-0.908130945356831
-1.0019864257972975
-0.8970014312972098
-0.8497329413944944
-0.9494677059443024
-1.0433231863847687
-0.9383381918846811
-0.8910697019819658
-0.8404495047606025
-0.9343049852010689
-0.8293199907009812
-0.7820515007982658
-1.442926897986542
-1.536782378427008
-1.4317973839269207
-1.3845288940242049
-1.0944938320222233
-1.1883493124626898
-1.083364317962602
-1.0360958280598866
-1.1358305926096945
-1.229686073050161
-1.1247010785500737
-1.0774325886473581
-1.0268123914259948
-1.1206678718664613
-1.0156828773663737
-0.9684143874636583
-1.3336872221916092
-1.4275427026320753
-1.3225577081319881
-1.2752892182292723
-0.9852541562272907
-1.0791096366677568
-0.9741246421676695
-0.926856152264954
-1.0265909168147622
-1.1204463972552283
-1.0154614027551407
-0.9681929128524255
-0.9175727156310622
-1.0114281960715286
-0.906443201571441
-0.8591747116687255
-1.1329906586129888
-1.2268461390534549
-1.1218611445533675
-1.0745926546506521
-0.7845575926486702
-0.8784130730891367
-0.773428078589049
-0.7261595886863337
-0.8258943532361418
-0.9197498336766081
-0.8147648391765205
-0.7674963492738051
-0.7168761520524416
-0.8107316324929081
-0.7057466379928206
-0.6584781480901051
-1.181171846610652
-1.275027327051118
-1.1700423325510307
-1.1227738426483151
-0.8327387806463334
-0.9265942610867999
-0.8216092665867122
-0.7743407766839968
-0.8740755412338047
-0.9679310216742711
-0.8629460271741836
-0.8156775372714681
-0.7650573400501048
-0.8589128204905712
-0.7539278259904835
-0.7066593360877681
-1.3675347332760444
-1.4613902137165105
-1.356405219216423
-1.3091367293137077
-1.019101667311726
-1.112957147752192
-1.0079721532521047
-0.9607036633493892
-1.0604384278991974
-1.1542939083396635
-1.049308913839576
-1.0020404239368605
-0.9514202267154972
-1.0452757071559635
-0.940290712655876
-0.8930222227531607
-1.2582950574811116
-1.3521505379215777
-1.2471655434214906
-1.199897053518775
-0.9098619915167931
-1.0037174719572595
-0.8987324774571718
-0.8514639875544565
-0.9511987521042645
-1.045054232544731
-0.9400692380446433
-0.8928007481419278
-0.8421805509205647
-0.936036031361031
-0.8310510368609433
-0.7837825469582279
-1.0575984939024912
-1.1514539743429573
-1.04646897984287
-0.9992004899401545
-0.7091654279381727
-0.8030209083786392
-0.6980359138785514
-0.650767423975836
-0.7505021885256441
-0.8443576689661104
-0.7393726744660227
-0.6921041845633074
-0.6414839873419442
-0.7353394677824104
-0.6303544732823229
-0.5830859833796075
-1.2310850965141937
-1.3249405769546598
-1.2199555824545727
-1.172687092551857
-0.8826520305498751
-0.9765075109903415
-0.8715225164902538
-0.8242540265875385
-0.9239887911373464
-1.0178442715778129
-0.9128592770777252
-0.8655907871750099
-0.8149705899536465
-0.908826070394113
-0.8038410758940253
-0.7565725859913098
-1.417447983179586
-1.5113034636200522
-1.406318469119965
-1.3590499792172495
-1.0690149172152674
-1.1628703976557337
-1.0578854031556464
-1.0106169132529308
-1.110351677802739
-1.204207158243205
-1.0992221637431177
-1.0519536738404023
-1.0013334766190392
-1.0951889570595053
-0.9902039625594178
-0.9429354726567023
-1.3082083073846535
-1.4020637878251196
-1.2970787933250323
-1.249810303422317
-0.9597752414203348
-1.0536307218608012
-0.9486457273607136
-0.9013772374579982
-1.0011120020078061
-1.0949674824482722
-0.989982487948185
-0.9427139980454696
-0.8920938008241063
-0.9859492812645726
-0.8809642867644849
-0.8336957968617696
-1.107511743806033
-1.2013672242464992
-1.0963822297464116
-1.0491137398436963
-0.7590786778417143
-0.8529341582821808
-0.7479491637820932
-0.7006806738793777
-0.8004154384291857
-0.8942709188696522
-0.7892859243695646
-0.7420174344668491
-0.6913972372454859
-0.7852527176859522
-0.6802677231858646
-0.6329992332831491
-1.1689094584314434
-1.2627649388719098
-1.1577799443718222
-1.1105114544691068
-0.8204763924671249
-0.9143318729075912
-0.8093468784075035
-0.7620783885047882
-0.8618131530545963
-0.9556686334950625
-0.8506836389949749
-0.8034151490922595
-0.7527949518708962
-0.8466504323113625
-0.741665437811275
-0.6943969479085597
-1.3552723450968358
-1.4491278255373021
-1.3441428310372145
-1.296874341134499
-1.0068392791325171
-1.1006947595729835
-0.995709765072896
-0.9484412751701806
-1.0481760397199886
-1.142031520160455
-1.0370465256603674
-0.989778035757652
-0.9391578385362888
-1.033013318976755
-0.9280283244766674
-0.8807598345739521
-1.2460326693019033
-1.3398881497423694
-1.234903155242282
-1.1876346653395664
-0.8975996033375844
-0.9914550837780509
-0.8864700892779632
-0.8392015993752477
-0.9389363639250558
-1.0327918443655222
-0.9278068498654347
-0.8805383599627192
-0.8299181627413559
-0.9237736431818224
-0.8187886486817347
-0.7715201587790192
-1.0453361057232826
-1.1391915861637492
-1.0342065916636616
-0.986938101760946
-0.6969030397589641
-0.7907585201994305
-0.6857735256993428
-0.6385050357966274
-0.7382398003464353
-0.8320952807869019
-0.7271102862868142
-0.6798417963840987
-0.6292215991627358
-0.723077079603202
-0.6180920851031144
-0.5708235952003988
-1.2565640113211496
-1.3504194917616157
-1.2454344972615283
-1.198166007358813
-0.908130945356831
-1.0019864257972975
-0.8970014312972098
-0.8497329413944944
-0.9494677059443024
-1.0433231863847687
-0.9383381918846811
-0.8910697019819658
-0.8404495047606025
-0.9343049852010689
-0.8293199907009812
-0.7820515007982658
-1.442926897986542
-1.536782378427008
-1.4317973839269207
-1.3845288940242049
-1.0944938320222233
-1.1883493124626898
-1.083364317962602
-1.0360958280598866
-1.1358305926096945
-1.229686073050161
-1.1247010785500737
-1.0774325886473581
-1.0268123914259948
-1.1206678718664613
-1.0156828773663737
-0.9684143874636583
-1.3336872221916092
-1.4275427026320753
-1.3225577081319881
-1.2752892182292723
-0.9852541562272907
-1.0791096366677568
-0.9741246421676695
-0.926856152264954
-1.0265909168147622
-1.1204463972552283
-1.0154614027551407
-0.9681929128524255
-0.9175727156310622
-1.0114281960715286
-0.906443201571441
-0.8591747116687255
-1.1329906586129888
-1.2268461390534549
-1.1218611445533675
-1.0745926546506521
-0.7845575926486702
-0.8784130730891367
-0.773428078589049
-0.7261595886863337
-0.8258943532361418
-0.9197498336766081
-0.8147648391765205
-0.7674963492738051
-0.7168761520524416
-0.8107316324929081
-0.7057466379928206
-0.6584781480901051
-1.181171846610652
-1.275027327051118
-1.1700423325510307
-1.1227738426483151
-0.8327387806463334
-0.9265942610867999
-0.8216092665867122
-0.7743407766839968
-0.8740755412338047
-0.9679310216742711
-0.8629460271741836
-0.8156775372714681
-0.7650573400501048
-0.8589128204905712
-0.7539278259904835
-0.7066593360877681
-1.3675347332760444
-1.4613902137165105
-1.356405219216423
-1.3091367293137077
-1.019101667311726
-1.112957147752192
-1.0079721532521047
-0.9607036633493892
-1.0604384278991974
-1.1542939083396635
-1.049308913839576
-1.0020404239368605
-0.9514202267154972
-1.0452757071559635
-0.940290712655876
-0.8930222227531607
-1.2582950574811116
-1.3521505379215777
-1.2471655434214906
-1.199897053518775
-0.9098619915167931
-1.0037174719572595
-0.8987324774571718
-0.8514639875544565
-0.9511987521042645
-1.045054232544731
-0.9400692380446433
-0.8928007481419278
-0.8421805509205647
-0.936036031361031
-0.8310510368609433
-0.7837825469582279
-1.0575984939024912
-1.1514539743429573
-1.04646897984287
-0.9992004899401545
-0.7091654279381727
-0.8030209083786392
-0.6980359138785514
-0.650767423975836
-0.7505021885256441
-0.8443576689661104
-0.7393726744660227
-0.6921041845633074
-0.6414839873419442
-0.7353394677824104
-0.6303544732823229
-0.5830859833796075
-1.2310850965141937
-1.3249405769546598
-1.2199555824545727
-1.172687092551857
-0.8826520305498751
-0.9765075109903415
-0.8715225164902538
-0.8242540265875385
-0.9239887911373464
-1.0178442715778129
-0.9128592770777252
-0.8655907871750099
-0.8149705899536465
-0.908826070394113
-0.8038410758940253
-0.7565725859913098
-1.417447983179586
-1.5113034636200522
-1.406318469119965
-1.3590499792172495
-1.0690149172152674
-1.1628703976557337
-1.0578854031556464
-1.0106169132529308
-1.110351677802739
-1.204207158243205
-1.0992221637431177
-1.0519536738404023
-1.0013334766190392
-1.0951889570595053
-0.9902039625594178
-0.9429354726567023
-1.3082083073846535
-1.4020637878251196
-1.2970787933250323
-1.249810303422317
-0.9597752414203348
-1.0536307218608012
-0.9486457273607136
-0.9013772374579982
-1.0011120020078061
-1.0949674824482722
-0.989982487948185
-0.9427139980454696
-0.8920938008241063
-0.9859492812645726
-0.8809642867644849
-0.8336957968617696
-1.107511743806033
-1.2013672242464992
-1.0963822297464116
-1.0491137398436963
-0.7590786778417143
-0.8529341582821808
-0.7479491637820932
-0.7006806738793777
-0.8004154384291857
-0.8942709188696522
-0.7892859243695646
-0.7420174344668491
-0.6913972372454859
-0.7852527176859522
-0.6802677231858646
-0.6329992332831491
-1.1689094584314434
-1.2627649388719098
-1.1577799443718222
-1.1105114544691068
-0.8204763924671249
-0.9143318729075912
-0.8093468784075035
-0.7620783885047882
-0.8618131530545963
-0.9556686334950625
-0.8506836389949749
-0.8034151490922595
-0.7527949518708962
-0.8466504323113625
-0.741665437811275
-0.6943969479085597
-1.3552723450968358
-1.4491278255373021
-1.3441428310372145
-1.296874341134499
-1.0068392791325171
-1.1006947595729835
-0.995709765072896
-0.9484412751701806
-1.0481760397199886
-1.142031520160455
-1.0370465256603674
-0.989778035757652
-0.9391578385362888
-1.033013318976755
-0.9280283244766674
-0.8807598345739521
-1.2460326693019033
-1.3398881497423694
-1.234903155242282
-1.1876346653395664
-0.8975996033375844
-0.9914550837780509
-0.8864700892779632
-0.8392015993752477
-0.9389363639250558
-1.0327918443655222
-0.9278068498654347
-0.8805383599627192
-0.8299181627413559
-0.9237736431818224
-0.8187886486817347
-0.7715201587790192
-1.0453361057232826
-1.1391915861637492
-1.0342065916636616
-0.986938101760946
-0.6969030397589641
-0.7907585201994305
-0.6857735256993428
-0.6385050357966274
-0.7382398003464353
-0.8320952807869019
-0.7271102862868142
-0.6798417963840987
-0.6292215991627358
-0.723077079603202
-0.6180920851031144
-0.5708235952003988
-1.2576467005859489
-1.3515021810264154
-1.2465171865263278
-1.1992486966236124
-0.9092136346216305
-1.003069115062097
-0.8980841205620093
-0.8508156306592939
-0.9505503952091019
-1.0444058756495682
-0.9394208811494805
-0.8921523912467653
-0.841532194025402
-0.9353876744658682
-0.8304026799657807
-0.7831341900630652
-1.4440095872513412
-1.5378650676918078
-1.4328800731917204
-1.3856115832890048
-1.0955765212870228
-1.1894320017274893
-1.0844470072274015
-1.0371785173246861
-1.1369132818744943
-1.2307687623149606
-1.125783767814873
-1.0785152779121576
-1.0278950806907943
-1.1217505611312606
-1.016765566631173
-0.9694970767284576
-1.3347699114564087
-1.428625391896875
-1.3236403973967874
-1.2763719074940723
-0.9863368454920902
-1.0801923259325565
-0.9752073314324688
-0.9279388415297535
-1.0276736060795615
-1.1215290865200278
-1.0165440920199404
-0.969275602117225
-0.9186554048958615
-1.012510885336328
-0.9075258908362402
-0.8602574009335249
-1.1340733478777882
-1.2279288283182546
-1.122943833818167
-1.0756753439154518
-0.7856402819134696
-0.8794957623539362
-0.7745107678538485
-0.727242277951133
-0.826977042500941
-0.9208325229414075
-0.8158475284413199
-0.7685790385386044
-0.7179588413172411
-0.8118143217577075
-0.7068293272576198
-0.6595608373549045
-1.1822545358754515
-1.2761100163159178
-1.1711250218158302
-1.1238565319131149
-0.8338214699111328
-0.9276769503515992
-0.8226919558515114
-0.7754234659487962
-0.875158230498604
-0.9690137109390704
-0.8640287164389828
-0.8167602265362675
-0.7661400293149041
-0.8599955097553705
-0.7550105152552828
-0.7077420253525675
-1.3686174225408438
-1.4624729029813102
-1.3574879084812226
-1.3102194185785072
-1.0201843565765252
-1.1140398370169917
-1.0090548425169041
-0.9617863526141887
-1.0615211171639964
-1.1553765976044628
-1.0503916031043754
-1.0031231132016598
-0.9525029159802967
-1.046358396420763
-0.9413734019206753
-0.89410491201796
-1.2593777467459113
-1.3532332271863774
-1.2482482326862898
-1.2009797427835744
-0.9109446807815925
-1.004800161222059
-0.8998151667219713
-0.8525466768192558
-0.9522814413690639
-1.0461369218095302
-0.9411519273094426
-0.8938834374067272
-0.8432632401853638
-0.9371187206258303
-0.8321337261257428
-0.7848652362230273
-1.0586811831672907
-1.152536663607757
-1.0475516691076694
-1.000283179204954
-0.7102481172029722
-0.8041035976434385
-0.6991186031433508
-0.6518501132406355
-0.7515848777904434
-0.8454403582309099
-0.7404553637308222
-0.6931868738281068
-0.6425666766067434
-0.7364221570472098
-0.6314371625471222
-0.5841686726444068
-1.2321677857789934
-1.3260232662194593
-1.2210382717193722
-1.1737697818166566
-0.8837347198146744
-0.977590200255141
-0.8726052057550533
-0.8253367158523379
-0.9250714804021458
-1.0189269608426121
-0.9139419663425247
-0.8666734764398092
-0.816053279218446
-0.9099087596589122
-0.8049237651588247
-0.7576552752561092
-1.4185306724443858
-1.512386152884852
-1.4074011583847645
-1.360132668482049
-1.0700976064800671
-1.1639530869205332
-1.0589680924204457
-1.0116996025177303
-1.1114343670675384
-1.2052898475080047
-1.1003048530079171
-1.0530363631052018
-1.0024161658838382
-1.0962716463243047
-0.9912866518242172
-0.9440181619215018
-1.3092909966494528
-1.4031464770899191
-1.2981614825898318
-1.2508929926871164
-0.9608579306851343
-1.0547134111256005
-0.949728416625513
-0.9024599267227976
-1.0021946912726056
-1.0960501717130717
-0.9910651772129843
-0.9437966873102688
-0.8931764900889057
-0.9870319705293721
-0.8820469760292844
-0.8347784861265689
-1.1085944330708324
-1.2024499135112985
-1.0974649190112113
-1.0501964291084958
-0.7601613671065138
-0.8540168475469802
-0.7490318530468926
-0.7017633631441771
-0.8014981276939852
-0.8953536081344515
-0.790368613634364
-0.7431001237316485
-0.6924799265102853
-0.7863354069507515
-0.681350412450664
-0.6340819225479486
-1.169992147696243
-1.2638476281367093
-1.158862633636622
-1.1115941437339065
-0.8215590817319244
-0.9154145621723907
-0.810429567672303
-0.7631610777695876
-0.8628958423193954
-0.9567513227598619
-0.8517663282597743
-0.804497838357059
-0.7538776411356956
-0.847733121576162
-0.7427481270760743
-0.6954796371733588
-1.3563550343616353
-1.4502105148021018
-1.3452255203020143
-1.2979570303992989
-1.0079219683973166
-1.101777448837783
-0.9967924543376955
-0.9495239644349801
-1.0492587289847881
-1.1431142094252542
-1.0381292149251666
-0.9908607250224513
-0.9402405278010879
-1.0340960082415545
-0.9291110137414668
-0.8818425238387514
-1.2471153585667027
-1.3409708390071688
-1.2359858445070815
-1.1887173546043661
-0.8986822926023839
-0.9925377730428503
-0.8875527785427626
-0.8402842886400472
-0.9400190531898552
-1.0338745336303217
-0.928889539130234
-0.8816210492275186
-0.8310008520061554
-0.9248563324466217
-0.8198713379465341
-0.7726028480438187
-1.046418794988082
-1.1402742754285484
-1.0352892809284608
-0.9880207910257454
-0.6979857290237634
-0.79184120946423
-0.6868562149641423
-0.6395877250614268
-0.7393224896112348
-0.8331779700517011
-0.7281929755516136
-0.6809244856488982
-0.6303042884275349
-0.7241597688680012
-0.6191747743679137
-0.5719062844651983
