-1.2392075263363695
-1.3330630067768356
-1.2280780122767483
-1.2388769186153907
-0.8234034952729344
-0.9172589757134008
-0.8122739812133132
-0.8230728875519554
-0.9603853030411786
-1.054240783481645
-0.9492557889815575
-0.9600546953201996
-0.879203619241269
-0.9730590996817355
-0.8680741051816478
-0.8788730115202898
-1.201308312169239
-1.295163792609705
-1.1901787981096175
-1.2009777044482597
-0.7855042811058034
-0.8793597615462698
-0.7743747670461822
-0.7851736733848244
-0.9224860888740477
-1.0163415693145141
-0.9113565748144266
-0.9221554811530687
-0.8413044050741383
-0.9351598855146045
-0.8301748910145168
-0.840973797353159
-1.258911910637465
-1.3527673910779314
-1.2477823965778438
-1.258581302916486
-0.8431078795740298
-0.9369633600144961
-0.8319783655144085
-0.8427772718530506
-0.980089687342274
-1.0739451677827403
-0.9689601732826528
-0.979759079621295
-0.8989080035423644
-0.9927634839828308
-0.8877784894827431
-0.8985773958213853
-1.18551542769866
-1.279370908139126
-1.1743859136390387
-1.1851848199776809
-0.7697113966352248
-0.8635668770756911
-0.7585818825756034
-0.7693807889142457
-0.9066932044034691
-1.0005486848439356
-0.8955636903438478
-0.90636259668249
-0.8255115206035595
-0.9193670010440259
-0.8143820065439382
-0.8251809128825803
-1.1667313638722976
-1.2605868443127635
-1.1556018498126763
-1.1664007561513186
-0.7509273328088624
-0.8447828132493288
-0.7397978187492412
-0.7505967250878833
-0.8879091405771067
-0.9817646210175731
-0.8767796265174854
-0.8875785328561275
-0.8067274567771971
-0.9005829372176634
-0.7955979427175758
-0.806396849056218
-1.1288321497051663
-1.2226876301456329
-1.1177026356455453
-1.1285015419841875
-0.7130281186417314
-0.8068835990821979
-0.7018986045821103
-0.7126975109207524
-0.8500099264099759
-0.9438654068504421
-0.8388804123503545
-0.8496793186889967
-0.7688282426100661
-0.8626837230505324
-0.7576987285504448
-0.7684976348890871
-1.1864357481733927
-1.2802912286138592
-1.1753062341137719
-1.1861051404524139
-0.7706317171099577
-0.8644871975504241
-0.7595022030503366
-0.7703011093889786
-0.907613524878202
-1.0014690053186683
-0.8964840108185806
-0.9072829171572229
-0.8264318410782924
-0.9202873215187587
-0.8153023270186711
-0.8261012333573132
-1.1130392652345877
-1.206894745675054
-1.1019097511749665
-1.1127086575136085
-0.6972352341711529
-0.7910907146116191
-0.6861057201115315
-0.6969046264501737
-0.834217041939397
-0.9280725223798634
-0.8230875278797758
-0.8338864342184178
-0.7530353581394873
-0.8468908385799537
-0.7419058440798662
-0.7527047504185084
-1.4499911258187559
-1.543846606259222
-1.4388616117591346
-1.4496605180977766
-1.034187094755321
-1.1280425751957872
-1.0230575806956996
-1.0338564870343416
-1.1711689025235652
-1.2650243829640315
-1.160039388463944
-1.1708382948025862
-1.0899872187236557
-1.1838426991641215
-1.0788577046640344
-1.0896566110026766
-1.412091911651625
-1.5059473920920914
-1.4009623975920038
-1.411761303930646
-0.99628788058819
-1.0901433610286562
-0.9851583665285688
-0.9959572728672108
-1.1332696883564342
-1.2271251687969005
-1.1221401742968131
-1.1329390806354553
-1.0520880045565246
-1.145943484996991
-1.0409584904969034
-1.0517573968355456
-1.4696955101198512
-1.5635509905603178
-1.45856599606023
-1.4693649023988724
-1.0538914790564162
-1.1477469594968825
-1.042761964996795
-1.053560871335437
-1.1908732868246605
-1.2847287672651266
-1.1797437727650393
-1.1905426791036815
-1.1096916030247508
-1.203547083465217
-1.0985620889651295
-1.1093609953037717
-1.396299027181046
-1.4901545076215124
-1.385169513121425
-1.3959684194600672
-0.9804949961176114
-1.0743504765580776
-0.96936548205799
-0.9801643883966322
-1.1174768038858554
-1.2113322843263217
-1.1063472898262343
-1.1171461961648765
-1.036295120085946
-1.1301506005264124
-1.0251656060263246
-1.0359645123649668
-1.0236978339924627
-1.117553314432929
-1.0125683199328415
-1.0233672262714835
-0.6078938029290276
-0.701749283369494
-0.5967642888694064
-0.6075631952080485
-0.744875610697272
-0.8387310911377384
-0.7337460966376507
-0.7445450029762929
-0.6636939268973623
-0.7575494073378287
-0.6525644128377409
-0.6633633191763831
-0.9857986198253318
-1.0796541002657982
-0.9746691057657105
-0.9854680121043526
-0.5699945887618968
-0.6638500692023631
-0.5588650747022755
-0.5696639810409178
-0.7069763965301411
-0.8008318769706074
-0.6958468824705197
-0.706645788809162
-0.6257947127302315
-0.7196501931706979
-0.6146651986706101
-0.6254641050092523
-1.0434022182935583
-1.1372576987340246
-1.0322727042339368
-1.043071610572579
-0.6275981872301231
-0.7214536676705895
-0.6164686731705018
-0.627267579509144
-0.7645799949983675
-0.8584354754388336
-0.7534504809387459
-0.7642493872773881
-0.6833983111984576
-0.7772537916389239
-0.6722687971388362
-0.6830677034774785
-0.970005735354753
-1.0638612157952196
-0.9588762212951318
-0.9696751276337741
-0.554201704291318
-0.6480571847317845
-0.5430721902316968
-0.553871096570339
-0.6911835120595625
-0.7850389925000288
-0.6800539979999412
-0.6908529043385834
-0.6100018282596528
-0.703857308700119
-0.5988723142000315
-0.6096712205386737
-1.266253047842241
-1.3601085282827075
-1.2551235337826199
-1.265922440121262
-0.850449016778806
-0.9443044972192723
-0.8393195027191847
-0.8501184090578268
-0.9874308245470502
-1.0812863049875163
-0.976301310487429
-0.9871002168260711
-0.9062491407471406
-1.000104621187607
-0.8951196266875193
-0.9059185330261615
-1.2283538336751103
-1.3222093141155764
-1.217224319615489
-1.2280232259541313
-0.8125498026116751
-0.9064052830521413
-0.8014202885520538
-0.8122191948906959
-0.9495316103799193
-1.0433870908203857
-0.9384020963202979
-0.9492010026589401
-0.8683499265800096
-0.9622054070204761
-0.8572204125203883
-0.8680193188590305
-1.2859574321433367
-1.3798129125838028
-1.2748279180837154
-1.2856268244223577
-0.8701534010799014
-0.9640088815203677
-0.85902388702028
-0.8698227933589221
-1.0071352088481456
-1.1009906892886119
-0.9960056947885243
-1.0068046011271665
-0.9259535250482359
-1.0198090054887021
-0.9148240109886145
-0.9256229173272568
-1.2125609492045313
-1.3064164296449976
-1.2014314351449102
-1.2122303414835522
-0.7967569181410963
-0.8906123985815627
-0.7856274040814751
-0.7964263104201171
-0.9337387259093407
-1.027594206349807
-0.9226092118497193
-0.9334081181883616
-0.852557042109431
-0.9464125225498974
-0.8414275280498097
-0.8522264343884519
-1.193776885378169
-1.2876323658186353
-1.1826473713185477
-1.1934462776571901
-0.777972854314734
-0.8718283347552003
-0.7668433402551126
-0.7776422465937548
-0.9149546620829782
-1.0088101425234446
-0.9038251480233569
-0.9146240543619991
-0.8337729782830686
-0.9276284587235348
-0.8226434642234473
-0.8334423705620895
-1.155877671211038
-1.2497331516515042
-1.1447481571514166
-1.1555470634900589
-0.740073640147603
-0.8339291205880693
-0.7289441260879816
-0.7397430324266239
-0.8770554479158473
-0.9709109283563137
-0.8659259338562261
-0.8767248401948681
-0.7958737641159376
-0.889729244556404
-0.7847442500563164
-0.7955431563949585
-1.2134812696792643
-1.3073367501197306
-1.202351755619643
-1.2131506619582852
-0.7976772386158293
-0.8915327190562955
-0.7865477245562079
-0.7973466308948501
-0.9346590463840735
-1.02851452682454
-0.9235295323244521
-0.9343284386630943
-0.8534773625841638
-0.9473328430246303
-0.8423478485245426
-0.8531467548631847
-1.140084786740459
-1.2339402671809254
-1.128955272680838
-1.1397541790194803
-0.7242807556770241
-0.8181362361174906
-0.713151241617403
-0.7239501479560452
-0.8612625634452685
-0.9551180438857348
-0.8501330493856473
-0.8609319557242894
-0.7800808796453589
-0.8739363600858252
-0.7689513655857375
-0.7797502719243797
-1.4770366473246272
-1.5708921277650938
-1.465907133265006
-1.4767060396036484
-1.0612326162611925
-1.1550880967016586
-1.0501031022015712
-1.0609020085402132
-1.1982144240294368
-1.2920699044699027
-1.1870849099698155
-1.1978838163084577
-1.117032740229527
-1.2108882206699934
-1.1059032261699058
-1.116702132508548
-1.4391374331574966
-1.5329929135979627
-1.4280079190978754
-1.4388068254365176
-1.0233334020940614
-1.1171888825345277
-1.0122038880344402
-1.0230027943730824
-1.1603152098623055
-1.254170690302772
-1.1491856958026847
-1.159984602141327
-1.0791335260623962
-1.1729890065028625
-1.0680040120027747
-1.078802918341417
-1.4967410316257228
-1.590596512066189
-1.4856115175661018
-1.4964104239047438
-1.0809370005622876
-1.174792481002754
-1.0698074865026663
-1.0806063928413085
-1.217918808330532
-1.3117742887709982
-1.206789294270911
-1.2175882006095529
-1.1367371245306224
-1.230592604971089
-1.1256076104710013
-1.1364065168096433
-1.4233445486869176
-1.5172000291273837
-1.4122150346272966
-1.4230139409659384
-1.0075405176234828
-1.1013959980639492
-0.9964110035638616
-1.0072099099025036
-1.144522325391727
-1.238377805832193
-1.1333928113321057
-1.144191717670748
-1.0633406415918174
-1.1571961220322835
-1.0522111275321961
-1.0630100338708384
-1.0507433554983343
-1.1445988359388006
-1.0396138414387128
-1.050412747777355
-0.6349393244348992
-0.7287948048753655
-0.6238098103752778
-0.63460871671392
-0.7719211322031435
-0.8657766126436098
-0.7607916181435221
-0.7715905244821644
-0.6907394484032338
-0.7845949288437003
-0.6796099343436126
-0.6904088406822546
-1.0128441413312033
-1.1066996217716698
-1.001714627271582
-1.0125135336102242
-0.5970401102677682
-0.6908955907082347
-0.5859105962081469
-0.5967095025467891
-0.7340219180360126
-0.827877398476479
-0.7228924039763913
-0.7336913103150334
-0.652840234236103
-0.7466957146765694
-0.6417107201764817
-0.6525096265151239
-1.0704477397994294
-1.1643032202398957
-1.0593182257398084
-1.0701171320784506
-0.6546437087359945
-0.7484991891764607
-0.6435141946763733
-0.6543131010150154
-0.7916255165042387
-0.8854809969447052
-0.7804960024446175
-0.7912949087832596
-0.7104438327043291
-0.8042993131447955
-0.6993143186447078
-0.71011322498335
-0.9970512568606245
-1.090906737301091
-0.9859217428010034
-0.9967206491396455
-0.5812472257971896
-0.675102706237656
-0.5701177117375683
-0.5809166180762105
-0.7182290335654338
-0.8120845140059001
-0.7070995195058126
-0.7178984258444548
-0.6370473497655241
-0.7309028302059905
-0.6259178357059031
-0.6367167420445451
-1.1985215332750774
-1.292377013715544
-1.1873920192154563
-1.1981909255540986
-0.7827175022116426
-0.8765729826521088
-0.7715879881520211
-0.7823868944906633
-0.9196993099798867
-1.013554790420353
-0.9085697959202654
-0.9193687022589075
-0.838517626179977
-0.9323731066204435
-0.8273881121203559
-0.838187018458998
-1.1606223191079468
-1.254477799548413
-1.1494928050483255
-1.1602917113869677
-0.7448182880445116
-0.8386737684849778
-0.7336887739848904
-0.7444876803235324
-0.8818000958127558
-0.9756555762532222
-0.8706705817531345
-0.8814694880917766
-0.8006184120128462
-0.8944738924533125
-0.7894888979532249
-0.8002878042918671
-1.2182259175761732
-1.3120813980166395
-1.207096403516552
-1.2178953098551941
-0.8024218865127378
-0.8962773669532041
-0.7912923724531165
-0.8020912787917586
-0.939403694280982
-1.0332591747214483
-0.9282741802213609
-0.939073086560003
-0.8582220104810724
-0.9520774909215387
-0.8470924964214511
-0.8578914027600933
-1.144829434637368
-1.238684915077834
-1.1336999205777467
-1.144498826916389
-0.7290254035739329
-0.8228808840143992
-0.7178958895143116
-0.7286947958529537
-0.8660072113421772
-0.9598626917826434
-0.8548776972825558
-0.865676603621198
-0.7848255275422674
-0.878681007982734
-0.7736960134826462
-0.7844949198212884
-1.1260453708110054
-1.2199008512514717
-1.1149158567513842
-1.1257147630900266
-0.7102413397475704
-0.8040968201880367
-0.699111825687949
-0.7099107320265913
-0.8472231475158146
-0.9410786279562812
-0.8360936334561935
-0.8468925397948356
-0.7660414637159051
-0.8598969441563714
-0.7549119496562838
-0.765710855994926
-1.0881461566438744
-1.1820016370843407
-1.0770166425842533
-1.0878155489228953
-0.6723421255804395
-0.7661976060209059
-0.6612126115208182
-0.6720115178594603
-0.8093239333486839
-0.9031794137891501
-0.7981944192890625
-0.8089933256277047
-0.7281422495487742
-0.8219977299892405
-0.7170127354891529
-0.7278116418277951
-1.1457497551121008
-1.239605235552567
-1.1346202410524797
-1.1454191473911217
-0.7299457240486658
-0.8238012044891321
-0.7188162099890445
-0.7296151163276866
-0.86692753181691
-0.9607830122573764
-0.8557980177572887
-0.8665969240959309
-0.7857458480170004
-0.8796013284574667
-0.774616333957379
-0.7854152402960213
-1.0723532721732956
-1.166208752613762
-1.0612237581136745
-1.0720226644523168
-0.6565492411098607
-0.7504047215503271
-0.6454197270502394
-0.6562186333888816
-0.793531048878105
-0.8873865293185713
-0.7824015348184837
-0.7932004411571258
-0.7123493650781954
-0.8062048455186618
-0.7012198510185741
-0.7120187573572162
-1.4093051327574637
-1.5031606131979303
-1.3981756186978425
-1.408974525036485
-0.9935011016940289
-1.0873565821344953
-0.9823715876344077
-0.9931704939730498
-1.1304829094622733
-1.2243383899027394
-1.119353395402652
-1.1301523017412942
-1.0493012256623637
-1.1431567061028298
-1.0381717116027422
-1.0489706179413847
-1.3714059185903331
-1.4652613990307992
-1.3602764045307119
-1.371075310869354
-0.955601887526898
-1.0494573679673642
-0.9444723734672766
-0.9552712798059189
-1.0925836952951422
-1.1864391757356085
-1.0814541812355212
-1.0922530875741634
-1.0114020114952327
-1.105257491935699
-1.0002724974356114
-1.0110714037742536
-1.4290095170585593
-1.5228649974990254
-1.4178800029989382
-1.4286789093375802
-1.0132054859951243
-1.1070609664355904
-1.002075971935503
-1.0128748782741452
-1.1501872937633686
-1.2440427742038347
-1.1390577797037476
-1.1498566860423896
-1.0690056099634588
-1.1628610904039254
-1.0578760959038378
-1.0686750022424798
-1.3556130341197543
-1.4494685145602202
-1.344483520060133
-1.355282426398775
-0.9398090030563193
-1.0336644834967859
-0.928679488996698
-0.9394783953353402
-1.0767908108245634
-1.1706462912650295
-1.0656612967649424
-1.0764602031035844
-0.995609127024654
-1.0894646074651202
-0.9844796129650326
-0.9952785193036748
-0.9830118409311708
-1.076867321371637
-0.9718823268715494
-0.9826812332101916
-0.5672078098677357
-0.6610632903082021
-0.5560782958081144
-0.5668772021467565
-0.70418961763598
-0.7980450980764464
-0.6930601035763587
-0.7038590099150009
-0.6230079338360703
-0.7168634142765368
-0.6118784197764491
-0.6226773261150912
-0.9451126267640398
-1.0389681072045063
-0.9339831127044185
-0.9447820190430607
-0.5293085957006046
-0.6231640761410712
-0.5181790816409835
-0.5289779879796257
-0.6662904034688492
-0.7601458839093155
-0.6551608894092278
-0.66595979574787
-0.5851087196689395
-0.6789642001094058
-0.5739792056093181
-0.5847781119479604
-1.002716225232266
-1.0965717056727324
-0.9915867111726449
-1.002385617511287
-0.586912194168831
-0.6807676746092973
-0.5757826801092099
-0.586581586447852
-0.7238940019370753
-0.8177494823775416
-0.712764487877454
-0.7235633942160962
-0.6427123181371657
-0.736567798577632
-0.6315828040775443
-0.6423817104161865
-0.929319742293461
-1.0231752227339277
-0.9181902282338399
-0.9289891345724821
-0.513515711230026
-0.6073711916704926
-0.5023861971704048
-0.513185103509047
-0.6504975189982702
-0.7443529994387367
-0.6393680049386492
-0.6501669112772913
-0.5693158351983606
-0.663171315638827
-0.5581863211387396
-0.5689852274773817
-1.3900798448063858
-1.4839353252468521
-1.378950330746765
-1.389749237085407
-0.9742758137429509
-1.0681312941834171
-0.9631462996833295
-0.9739452060219718
-1.1112576215111953
-1.2051131019516612
-1.100128107451574
-1.1109270137902163
-1.0300759377112856
-1.123931418151752
-1.0189464236516643
-1.0297453299903065
-1.3521806306392554
-1.4460361110797213
-1.3410511165796342
-1.3518500229182762
-0.93637659957582
-1.0302320800162863
-0.9252470855161987
-0.9360459918548408
-1.073358407344064
-1.1672138877845306
-1.062228893284443
-1.073027799623085
-0.9921767235441548
-1.0860322039846209
-0.9810472094845333
-0.9918461158231755
-1.4097842291074814
-1.5036397095479477
-1.3986547150478603
-1.4094536213865025
-0.9939801980440462
-1.0878356784845125
-0.9828506839844249
-0.993649590323067
-1.1309620058122904
-1.2248174862527568
-1.1198324917526692
-1.1306313980913114
-1.049780322012381
-1.1436358024528472
-1.0386508079527597
-1.0494497142914017
-1.3363877461686762
-1.4302432266091427
-1.3252582321090551
-1.3360571384476974
-0.9205837151052413
-1.0144391955457077
-0.90945420104562
-0.9202531073842621
-1.0575655228734855
-1.151421003313952
-1.0464360088138642
-1.0572349151525064
-0.9763838390735758
-1.070239319514042
-0.9652543250139546
-0.9760532313525967
-1.3176036823423136
-1.4114591627827802
-1.3064741682826926
-1.3172730746213348
-0.9017996512788788
-0.9956551317193453
-0.8906701372192577
-0.9014690435578998
-1.0387814590471232
-1.1326369394875895
-1.027651944987502
-1.038450851326144
-0.9575997752472135
-1.05145525568768
-0.9464702611875921
-0.9572691675262344
-1.279704468175183
-1.3735599486156491
-1.2685749541155618
-1.2793738604542038
-0.863900437111748
-0.9577559175522143
-0.8527709230521268
-0.8635698293907689
-1.0008822448799921
-1.0947377253204587
-0.989752730820371
-1.000551637159013
-0.9197005610800826
-1.013556041520549
-0.9085710470204613
-0.9193699533591034
-1.3373080666434094
-1.4311635470838755
-1.3261785525837881
-1.3369774589224301
-0.9215040355799743
-1.0153595160204405
-0.9103745215203529
-0.9211734278589951
-1.0584858433482185
-1.1523413237886848
-1.0473563292885972
-1.0581552356272392
-0.9773041595483087
-1.071159639988775
-0.9661746454886876
-0.9769735518273297
-1.2639115837046042
-1.35776706414507
-1.252782069644983
-1.263580975983625
-0.8481075526411692
-0.9419630330816356
-0.8369780385815478
-0.8477769449201901
-0.9850893604094135
-1.0789448408498796
-0.9739598463497923
-0.9847587526884344
-0.903907676609504
-0.9977631570499702
-0.8927781625498826
-0.9035770688885248
-1.6008634442887721
-1.6947189247292385
-1.5897339302291509
-1.6005328365677933
-1.1850594132253371
-1.2789148936658037
-1.173929899165716
-1.1847288055043586
-1.3220412209935817
-1.4158967014340476
-1.3109117069339604
-1.3217106132726024
-1.240859537193672
-1.3347150176341382
-1.2297300231340507
-1.2405289294726929
-1.5629642301216413
-1.6568197105621076
-1.5518347160620203
-1.5626336224006623
-1.1471601990582063
-1.2410156794986729
-1.1360306849985853
-1.1468295913372273
-1.2841420068264506
-1.377997487266917
-1.2730124927668294
-1.2838113991054716
-1.202960323026541
-1.2968158034670074
-1.1918308089669198
-1.202629715305562
-1.6205678285898677
-1.714423309030334
-1.6094383145302467
-1.6202372208688887
-1.2047637975264327
-1.2986192779668988
-1.1936342834668114
-1.2044331898054537
-1.341745605294677
-1.4356010857351433
-1.3306160912350558
-1.341414997573698
-1.2605639214947673
-1.3544194019352334
-1.2494344074351462
-1.2602333137737884
-1.5471713456510625
-1.6410268260915288
-1.5360418315914413
-1.5468407379300833
-1.1313673145876277
-1.2252227950280938
-1.1202378005280065
-1.1310367068666487
-1.2683491223558718
-1.3622046027963381
-1.2572196082962506
-1.2680185146348928
-1.1871674385559623
-1.2810229189964282
-1.176037924496341
-1.1868368308349833
-1.1745701524624792
-1.2684256329029457
-1.163440638402858
-1.1742395447415004
-0.758766121399044
-0.8526216018395106
-0.7476366073394229
-0.7584355136780652
-0.8957479291672884
-0.989603409607755
-0.8846184151076673
-0.8954173214463093
-0.8145662453673788
-0.9084217258078451
-0.8034367313077574
-0.8142356376463996
-1.1366709382953482
-1.2305264187358145
-1.125541424235727
-1.1363403305743691
-0.7208669072319132
-0.8147223876723797
-0.709737393172292
-0.7205362995109342
-0.8578487150001577
-0.9517041954406238
-0.8467192009405363
-0.8575181072791783
-0.7766670312002478
-0.8705225116407143
-0.7655375171406266
-0.7763364234792687
-1.1942745367635748
-1.2881300172040406
-1.1831450227039535
-1.1939439290425957
-0.7784705057001395
-0.8723259861406059
-0.7673409916405182
-0.7781398979791604
-0.9154523134683838
-1.0093077939088502
-0.9043227994087625
-0.9151217057474047
-0.8342706296684742
-0.9281261101089406
-0.823141115608853
-0.8339400219474948
-1.1208780538247693
-1.214733534265236
-1.1097485397651483
-1.1205474461037903
-0.7050740227613345
-0.7989295032018009
-0.6939445087017132
-0.7047434150403553
-0.8420558305295789
-0.9359113109700452
-0.8309263164699575
-0.8417252228085997
-0.7608741467296692
-0.8547296271701356
-0.7497446326700479
-0.7605435390086901
