-1.1388836364156651
-1.3326340185444994
-1.233802594377019
-1.255522426187587
-0.5853779452049086
-0.7791283273337429
-0.6802969031662622
-0.7020167349768304
-0.7438610432193258
-0.93761142534816
-0.8387800011806796
-0.8604998329912477
-0.8872289809149363
-1.0809793630437707
-0.9821479388762903
-1.0038677706868584
-1.4203122381893407
-1.6140626203181754
-1.5152311961506946
-1.5369510279612626
-0.8668065469785837
-1.0605569291074182
-0.9617255049399377
-0.9834453367505057
-1.0252896449930011
-1.2190400271218356
-1.1202086029543552
-1.1419284347649232
-1.1686575826886119
-1.362407964817446
-1.2635765406499657
-1.2852963724605337
-1.3903075303546661
-1.5840579124835004
-1.48522648831602
-1.506946320126588
-0.8368018391439092
-1.0305522212727436
-0.9317207971052632
-0.9534406289158313
-0.9952849371583264
-1.1890353192871608
-1.0902038951196804
-1.1119237269302484
-1.138652874853937
-1.3324032569827715
-1.2335718328152911
-1.2552916646258592
-1.3257873440513182
-1.5195377261801526
-1.420706302012672
-1.4424261338232403
-0.7722816528405612
-0.9660320349693954
-0.867200610801915
-0.888920442612483
-0.9307647508549783
-1.1245151329838128
-1.0256837088163322
-1.0474035406269002
-1.074132688550589
-1.2678830706794235
-1.169051646511943
-1.190771478322511
-1.0020064489718814
-1.195756831100716
-1.0969254069332355
-1.1186452387438035
-0.4485007577611245
-0.642251139889959
-0.5434197157224785
-0.5651395475330465
-0.6069838557755418
-0.8007342379043763
-0.7019028137368958
-0.7236226455474638
-0.7503517934711524
-0.944102175599987
-0.8452707514325064
-0.8669905832430743
-1.283435050745557
-1.4771854328743914
-1.378354008706911
-1.400073840517479
-0.7299293595348
-0.9236797416636344
-0.8248483174961538
-0.8465681493067219
-0.8884124575492173
-1.0821628396780516
-0.9833314155105712
-1.0050512473211393
-1.0317803952448281
-1.2255307773736626
-1.1266993532061822
-1.1484191850167502
-1.2534303429108824
-1.4471807250397168
-1.3483493008722363
-1.3700691326828043
-0.6999246517001255
-0.8936750338289599
-0.7948436096614794
-0.8165634414720474
-0.8584077497145428
-1.052158131843377
-0.9533267076758968
-0.9750465394864648
-1.0017756874101535
-1.1955260695389878
-1.0966946453715074
-1.1184144771820754
-1.1889101566075344
-1.3826605387363688
-1.2838291145688885
-1.3055489463794565
-0.6354044653967773
-0.8291548475256117
-0.7303234233581313
-0.7520432551686993
-0.7938875634111947
-0.9876379455400291
-0.8888065213725485
-0.9105263531831167
-0.9372555011068053
-1.1310058832356398
-1.0321744590681594
-1.0538942908787274
-1.2362822517372847
-1.430032633866119
-1.3312012096986385
-1.3529210415092066
-0.6827765605265277
-0.8765269426553621
-0.7776955184878817
-0.7994153502984497
-0.8412596585409451
-1.0350100406697793
-0.9361786165022992
-0.9578984483128672
-0.9846275962365556
-1.1783779783653903
-1.0795465541979097
-1.1012663860084777
-1.5177108535109602
-1.7114612356397945
-1.612629811472314
-1.6343496432828821
-0.964205162300203
-1.1579555444290377
-1.0591241202615571
-1.0808439520721251
-1.1226882603146204
-1.3164386424434549
-1.2176072182759745
-1.2393270500865425
-1.2660561980102314
-1.4598065801390656
-1.3609751559715852
-1.3826949877821533
-1.4877061456762857
-1.6814565278051201
-1.5826251036376395
-1.6043449354482078
-0.9342004544655287
-1.1279508365943631
-1.0291194124268825
-1.0508392442374506
-1.0926835524799459
-1.2864339346087803
-1.1876025104413
-1.209322342251868
-1.2360514901755566
-1.4298018723043913
-1.3309704481369107
-1.3526902799474787
-1.4231859593729377
-1.6169363415017721
-1.5181049173342918
-1.5398247491448598
-0.8696802681621805
-1.063430650291015
-0.9645992261235344
-0.9863190579341025
-1.0281633661765979
-1.2219137483054323
-1.1230823241379517
-1.1448021559485198
-1.1715313038722086
-1.365281686001043
-1.2664502618335625
-1.2881700936441305
-0.8103147956010334
-1.004065177729868
-0.9052337535623873
-0.9269535853729554
-0.25680910439027643
-0.4505594865191108
-0.3517280623516303
-0.3734478941621984
-0.4152922024046938
-0.6090425845335281
-0.5102111603660476
-0.5319309921766158
-0.5586601401003046
-0.752410522229139
-0.6535790980616584
-0.6752989298722264
-1.0917433973747088
-1.2854937795035433
-1.186662355336063
-1.208382187146631
-0.5382377061639521
-0.7319880882927864
-0.6331566641253058
-0.6548764959358738
-0.6967208041783693
-0.8904711863072036
-0.7916397621397231
-0.8133595939502911
-0.84008874187398
-1.0338391240028144
-0.9350076998353339
-0.956727531645902
-1.0617386895400343
-1.2554890716688687
-1.156657647501388
-1.1783774793119561
-0.5082329983292775
-0.7019833804581118
-0.6031519562906313
-0.6248717881011994
-0.6667160963436947
-0.8604664784725291
-0.7616350543050485
-0.7833548861156167
-0.8100840340393054
-1.0038344161681398
-0.9050029920006594
-0.9267228238112274
-0.9972185032366863
-1.1909688853655207
-1.0921374611980403
-1.1138572930086084
-0.44371281202592927
-0.6374631941547636
-0.5386317699872831
-0.5603516017978512
-0.6021959100403466
-0.7959462921691809
-0.6971148680017004
-0.7188346998122684
-0.7455638477359574
-0.9393142298647916
-0.840482805697311
-0.8622026375078793
-1.048230825967583
-1.2419812080964172
-1.1431497839289368
-1.164869615739505
-0.49472513475682645
-0.6884755168856608
-0.5896440927181803
-0.6113639245287483
-0.6532082327712436
-0.8469586149000781
-0.7481271907325975
-0.7698470225431656
-0.7965761704668544
-0.9903265525956886
-0.8914951284282082
-0.9132149602387762
-1.3296594277412586
-1.523409809870093
-1.4245783857026126
-1.4462982175131807
-0.7761537365305018
-0.969904118659336
-0.8710726944918556
-0.8927925263024237
-0.934636834544919
-1.1283872166737534
-1.0295557925062728
-1.0512756243168409
-1.0780047722405297
-1.2717551543693641
-1.1729237302018836
-1.1946435620124518
-1.299654719906584
-1.4934051020354182
-1.3945736778679378
-1.4162935096785059
-0.7461490286958273
-0.9398994108246616
-0.8410679866571812
-0.8627878184677492
-0.9046321267102444
-1.0983825088390788
-0.9995510846715984
-1.0212709164821665
-1.0480000644058551
-1.2417504465346894
-1.142919022367209
-1.164638854177777
-1.235134533603236
-1.4288849157320702
-1.3300534915645899
-1.3517733233751579
-0.6816288423924792
-0.8753792245213136
-0.7765478003538331
-0.7982676321644011
-0.8401119404068963
-1.0338623225357306
-0.93503089836825
-0.9567507301788181
-0.9834798781025069
-1.1772302602313416
-1.078398836063861
-1.100118667874429
-0.9113536385237995
-1.1051040206526337
-1.0062725964851533
-1.0279924282957213
-0.35784794731304237
-0.5515983294418769
-0.45276690527439634
-0.47448673708496425
-0.5163310453274598
-0.7100814274562942
-0.6112500032888136
-0.6329698350993817
-0.6596989830230705
-0.8534493651519048
-0.7546179409844245
-0.7763377727949925
-1.192782240297475
-1.3865326224263093
-1.287701198258829
-1.309421030069397
-0.6392765490867179
-0.8330269312155524
-0.7341955070480719
-0.7559153388586399
-0.7977596471011353
-0.9915100292299697
-0.8926786050624893
-0.9143984368730573
-0.941127584796746
-1.1348779669255804
-1.0360465427581
-1.057766374568668
-1.1627775324628002
-1.3565279145916347
-1.2576964904241543
-1.2794163222347223
-0.6092718412520435
-0.8030222233808779
-0.7041907992133973
-0.7259106310239654
-0.7677549392664609
-0.9615053213952951
-0.8626738972278145
-0.8843937290383828
-0.9111228769620714
-1.1048732590909058
-1.0060418349234255
-1.0277616667339935
-1.0982573461594523
-1.292007728288287
-1.1931763041208063
-1.2148961359313744
-0.5447516549486953
-0.7385020370775297
-0.6396706129100492
-0.6613904447206173
-0.7032347529631127
-0.896985135091947
-0.7981537109244664
-0.8198735427350343
-0.8466026906587233
-1.0403530727875576
-0.9415216486200773
-0.9632414804306453
-1.1456294412892025
-1.339379823418037
-1.2405483992505564
-1.2622682310611246
-0.5921237500784458
-0.7858741322072801
-0.6870427080397994
-0.7087625398503676
-0.7506068480928628
-0.9443572302216973
-0.8455258060542168
-0.8672456378647848
-0.8939747857884737
-1.087725167917308
-0.9888937437498276
-1.0106135755603955
-1.427058043062878
-1.6208084251917125
-1.5219770010242322
-1.5436968328348002
-0.8735523518521211
-1.0673027339809555
-0.9684713098134751
-0.9901911416240431
-1.0320354498665385
-1.2257858319953727
-1.1269544078278924
-1.1486742396384604
-1.1754033875621492
-1.3691537696909837
-1.270322345523503
-1.2920421773340711
-1.3970533352282035
-1.5908037173570377
-1.4919722931895574
-1.5136921250001254
-0.8435476440174465
-1.037298026146281
-0.9384666019788005
-0.9601864337893685
-1.002030742031864
-1.1957811241606984
-1.096949699993218
-1.118669531803786
-1.1453986797274747
-1.3391490618563089
-1.2403176376888285
-1.2620374694993965
-1.3325331489248555
-1.5262835310536897
-1.4274521068862094
-1.4491719386967774
-0.7790274577140985
-0.9727778398429328
-0.8739464156754524
-0.8956662474860204
-0.9375105557285158
-1.1312609378573502
-1.0324295136898696
-1.0541493455004378
-1.0808784934241265
-1.274628875552961
-1.1757974513854803
-1.1975172831960486
-0.7196619851529514
-0.9134123672817858
-0.8145809431143052
-0.8363007749248734
-0.16615629394219444
-0.35990667607102883
-0.2610752519035483
-0.2827950837141164
-0.3246393919566116
-0.5183897740854461
-0.4195583499179655
-0.4412781817285336
-0.46800732965222247
-0.6617577117810569
-0.5629262876135763
-0.5846461194241444
-1.001090586926627
-1.194840969055461
-1.0960095448879807
-1.1177293766985488
-0.4475848957158699
-0.6413352778447043
-0.5425038536772238
-0.5642236854877918
-0.6060679937302871
-0.7998183758591215
-0.700986951691641
-0.7227067835022091
-0.749435931425898
-0.9431863135547323
-0.8443548893872519
-0.8660747211978199
-0.9710858790919522
-1.1648362612207865
-1.066004837053306
-1.0877246688638742
-0.4175801878811954
-0.6113305700100298
-0.5124991458425493
-0.5342189776531173
-0.5760632858956126
-0.7698136680244471
-0.6709822438569665
-0.6927020756675345
-0.7194312235912234
-0.9131816057200577
-0.8143501815525772
-0.8360700133631453
-0.9065656927886042
-1.1003160749174383
-1.001484650749958
-1.023204482560526
-0.3530600015778472
-0.5468103837066816
-0.44797895953920114
-0.46969879134976916
-0.5115430995922645
-0.7052934817210988
-0.6064620575536184
-0.6281818893641864
-0.6549110372878753
-0.8486614194167096
-0.7498299952492291
-0.7715498270597971
-1.048230825967583
-1.2419812080964172
-1.1431497839289368
-1.164869615739505
-0.49472513475682645
-0.6884755168856608
-0.5896440927181803
-0.6113639245287483
-0.6532082327712436
-0.8469586149000781
-0.7481271907325975
-0.7698470225431656
-0.7965761704668544
-0.9903265525956886
-0.8914951284282082
-0.9132149602387762
-1.3296594277412586
-1.523409809870093
-1.4245783857026126
-1.4462982175131807
-0.7761537365305018
-0.969904118659336
-0.8710726944918556
-0.8927925263024237
-0.934636834544919
-1.1283872166737534
-1.0295557925062728
-1.0512756243168409
-1.0780047722405297
-1.2717551543693641
-1.1729237302018836
-1.1946435620124518
-1.299654719906584
-1.4934051020354182
-1.3945736778679378
-1.4162935096785059
-0.7461490286958273
-0.9398994108246616
-0.8410679866571812
-0.8627878184677492
-0.9046321267102444
-1.0983825088390788
-0.9995510846715984
-1.0212709164821665
-1.0480000644058551
-1.2417504465346894
-1.142919022367209
-1.164638854177777
-1.235134533603236
-1.4288849157320702
-1.3300534915645899
-1.3517733233751579
-0.6816288423924792
-0.8753792245213136
-0.7765478003538331
-0.7982676321644011
-0.8401119404068963
-1.0338623225357306
-0.93503089836825
-0.9567507301788181
-0.9834798781025069
-1.1772302602313416
-1.078398836063861
-1.100118667874429
-0.9113536385237995
-1.1051040206526337
-1.0062725964851533
-1.0279924282957213
-0.35784794731304237
-0.5515983294418769
-0.45276690527439634
-0.47448673708496425
-0.5163310453274598
-0.7100814274562942
-0.6112500032888136
-0.6329698350993817
-0.6596989830230705
-0.8534493651519048
-0.7546179409844245
-0.7763377727949925
-1.192782240297475
-1.3865326224263093
-1.287701198258829
-1.309421030069397
-0.6392765490867179
-0.8330269312155524
-0.7341955070480719
-0.7559153388586399
-0.7977596471011353
-0.9915100292299697
-0.8926786050624893
-0.9143984368730573
-0.941127584796746
-1.1348779669255804
-1.0360465427581
-1.057766374568668
-1.1627775324628002
-1.3565279145916347
-1.2576964904241543
-1.2794163222347223
-0.6092718412520435
-0.8030222233808779
-0.7041907992133973
-0.7259106310239654
-0.7677549392664609
-0.9615053213952951
-0.8626738972278145
-0.8843937290383828
-0.9111228769620714
-1.1048732590909058
-1.0060418349234255
-1.0277616667339935
-1.0982573461594523
-1.292007728288287
-1.1931763041208063
-1.2148961359313744
-0.5447516549486953
-0.7385020370775297
-0.6396706129100492
-0.6613904447206173
-0.7032347529631127
-0.896985135091947
-0.7981537109244664
-0.8198735427350343
-0.8466026906587233
-1.0403530727875576
-0.9415216486200773
-0.9632414804306453
-1.1456294412892025
-1.339379823418037
-1.2405483992505564
-1.2622682310611246
-0.5921237500784458
-0.7858741322072801
-0.6870427080397994
-0.7087625398503676
-0.7506068480928628
-0.9443572302216973
-0.8455258060542168
-0.8672456378647848
-0.8939747857884737
-1.087725167917308
-0.9888937437498276
-1.0106135755603955
-1.427058043062878
-1.6208084251917125
-1.5219770010242322
-1.5436968328348002
-0.8735523518521211
-1.0673027339809555
-0.9684713098134751
-0.9901911416240431
-1.0320354498665385
-1.2257858319953727
-1.1269544078278924
-1.1486742396384604
-1.1754033875621492
-1.3691537696909837
-1.270322345523503
-1.2920421773340711
-1.3970533352282035
-1.5908037173570377
-1.4919722931895574
-1.5136921250001254
-0.8435476440174465
-1.037298026146281
-0.9384666019788005
-0.9601864337893685
-1.002030742031864
-1.1957811241606984
-1.096949699993218
-1.118669531803786
-1.1453986797274747
-1.3391490618563089
-1.2403176376888285
-1.2620374694993965
-1.3325331489248555
-1.5262835310536897
-1.4274521068862094
-1.4491719386967774
-0.7790274577140985
-0.9727778398429328
-0.8739464156754524
-0.8956662474860204
-0.9375105557285158
-1.1312609378573502
-1.0324295136898696
-1.0541493455004378
-1.0808784934241265
-1.274628875552961
-1.1757974513854803
-1.1975172831960486
-0.7196619851529514
-0.9134123672817858
-0.8145809431143052
-0.8363007749248734
-0.16615629394219444
-0.35990667607102883
-0.2610752519035483
-0.2827950837141164
-0.3246393919566116
-0.5183897740854461
-0.4195583499179655
-0.4412781817285336
-0.46800732965222247
-0.6617577117810569
-0.5629262876135763
-0.5846461194241444
-1.001090586926627
-1.194840969055461
-1.0960095448879807
-1.1177293766985488
-0.4475848957158699
-0.6413352778447043
-0.5425038536772238
-0.5642236854877918
-0.6060679937302871
-0.7998183758591215
-0.700986951691641
-0.7227067835022091
-0.749435931425898
-0.9431863135547323
-0.8443548893872519
-0.8660747211978199
-0.9710858790919522
-1.1648362612207865
-1.066004837053306
-1.0877246688638742
-0.4175801878811954
-0.6113305700100298
-0.5124991458425493
-0.5342189776531173
-0.5760632858956126
-0.7698136680244471
-0.6709822438569665
-0.6927020756675345
-0.7194312235912234
-0.9131816057200577
-0.8143501815525772
-0.8360700133631453
-0.9065656927886042
-1.1003160749174383
-1.001484650749958
-1.023204482560526
-0.3530600015778472
-0.5468103837066816
-0.44797895953920114
-0.46969879134976916
-0.5115430995922645
-0.7052934817210988
-0.6064620575536184
-0.6281818893641864
-0.6549110372878753
-0.8486614194167096
-0.7498299952492291
-0.7715498270597971
-1.1688627142274883
-1.362613096356323
-1.2637816721888424
-1.2855015039994104
-0.6153570230167318
-0.8091074051455662
-0.7102759809780856
-0.7319958127886538
-0.773840121031149
-0.9675905031599832
-0.8687590789925028
-0.8904789108030708
-0.9172080587267597
-1.110958440855594
-1.0121270166881136
-1.0338468484986816
-1.4502913160011641
-1.6440416981299986
-1.545210273962518
-1.566930105773086
-0.8967856247904071
-1.0905360069192416
-0.991704582751761
-1.013424414562329
-1.0552687228048245
-1.249019104933659
-1.1501876807661784
-1.1719075125767464
-1.198636660500435
-1.3923870426292695
-1.2935556184617891
-1.3152754502723571
-1.4202866081664896
-1.614036990295324
-1.5152055661278432
-1.5369253979384114
-0.8667809169557325
-1.0605312990845668
-0.9616998749170864
-0.9834197067276544
-1.02526401497015
-1.2190143970989842
-1.1201829729315036
-1.1419028047420716
-1.1686319526657605
-1.3623823347945947
-1.2635509106271143
-1.2852707424376824
-1.3557664218631413
-1.5495168039919758
-1.4506853798244952
-1.4724052116350634
-0.8022607306523843
-0.9960111127812187
-0.8971796886137383
-0.9188995204243063
-0.9607438286668017
-1.1544942107956362
-1.0556627866281558
-1.0773826184387238
-1.1041117663624125
-1.2978621484912467
-1.1990307243237663
-1.2207505561343344
-1.0319855267837048
-1.2257359089125393
-1.1269044847450587
-1.1486243165556267
-0.47847983557294793
-0.6722302177017823
-0.5733987935343017
-0.5951186253448697
-0.6369629335873652
-0.8307133157161996
-0.7318818915487191
-0.7536017233592871
-0.780330871282976
-0.9740812534118104
-0.8752498292443297
-0.8969696610548977
-1.3134141285573804
-1.5071645106862148
-1.4083330865187342
-1.4300529183293023
-0.7599084373466234
-0.9536588194754578
-0.854827395307977
-0.8765472271185452
-0.9183915353610408
-1.112141917489875
-1.0133104933223946
-1.0350303251329627
-1.0617594730566515
-1.255509855185486
-1.1566784310180054
-1.1783982628285734
-1.2834094207227058
-1.47715980285154
-1.3783283786840597
-1.4000482104946277
-0.7299037295119488
-0.9236541116407831
-0.8248226874733027
-0.8465425192838707
-0.8883868275263662
-1.0821372096552007
-0.9833057854877202
-1.0050256172982883
-1.031754765221977
-1.2255051473508112
-1.1266737231833308
-1.1483935549938988
-1.2188892344193578
-1.412639616548192
-1.3138081923807117
-1.3355280241912797
-0.6653835432086007
-0.859133925337435
-0.7603025011699545
-0.7820223329805225
-0.8238666412230181
-1.0176170233518524
-0.9187855991843721
-0.9405054309949401
-0.9672345789186286
-1.1609849610474632
-1.0621535368799826
-1.0838733686905506
-1.266261329549108
-1.4600117116779425
-1.361180287510462
-1.3829001193210302
-0.712755638338351
-0.9065060204671853
-0.8076745962997048
-0.8293944281102729
-0.8712387363527684
-1.0649891184816025
-0.9661576943141224
-0.9878775261246904
-1.014606674048379
-1.2083570561772135
-1.1095256320097329
-1.1312454638203011
-1.5476899313227837
-1.741440313451618
-1.6426088892841375
-1.6643287210947058
-0.9941842401120266
-1.1879346222408609
-1.0891031980733803
-1.1108230298839485
-1.1526673381264438
-1.3464177202552785
-1.2475862960877977
-1.269306127898366
-1.2960352758220546
-1.4897856579508892
-1.3909542337834087
-1.4126740655939767
-1.5176852234881089
-1.7114356056169435
-1.6126041814494627
-1.6343240132600307
-0.964179532277352
-1.1579299144061863
-1.0590984902387057
-1.080818322049274
-1.1226626302917695
-1.3164130124206037
-1.2175815882531233
-1.2393014200636914
-1.26603056798738
-1.4597809501162144
-1.3609495259487339
-1.3826693577593019
-1.4531650371847609
-1.6469154193135953
-1.548083995146115
-1.569803826956683
-0.8996593459740039
-1.0934097281028383
-0.9945783039353577
-1.0162981357459258
-1.0581424439884213
-1.2518928261172557
-1.1530614019497754
-1.1747812337603434
-1.201510381684032
-1.3952607638128662
-1.2964293396453859
-1.318149171455954
-0.8402938734128569
-1.034044255541691
-0.9352128313742106
-0.9569326631847789
-0.28678818220209973
-0.4805385643309342
-0.38170714016345364
-0.40342697197402166
-0.4452712802165171
-0.6390216623453514
-0.5401902381778709
-0.561910069988439
-0.5886392179121278
-0.7823896000409623
-0.6835581758734818
-0.7052780076840498
-1.1217224751865322
-1.3154728573153667
-1.216641433147886
-1.238361264958454
-0.5682167839757752
-0.7619671661046097
-0.6631357419371292
-0.6848555737476972
-0.7266998819901926
-0.9204502641190269
-0.8216188399515465
-0.8433386717621145
-0.8700678196858034
-1.0638182018146378
-0.9649867776471572
-0.9867066094577253
-1.0917177673518574
-1.285468149480692
-1.1866367253132115
-1.2083565571237795
-0.5382120761411008
-0.7319624582699351
-0.6331310341024545
-0.6548508659130226
-0.6966951741555181
-0.8904455562843523
-0.7916141321168719
-0.81333396392744
-0.8400631118511287
-1.033813493979963
-0.9349820698124827
-0.9567019016230507
-1.0271975810485094
-1.220947963177344
-1.1221165390098635
-1.1438363708204315
-0.4736918898377526
-0.667442271966587
-0.5686108477991064
-0.5903306796096744
-0.63217498785217
-0.8259253699810042
-0.7270939458135237
-0.7488137776240918
-0.7755429255477806
-0.9692933076766149
-0.8704618835091346
-0.8921817153197026
