-1.1864464665512364
-1.228334211738561
-1.0815601309807807
-1.2558825653864156
-0.8549441557209047
-0.8968319009082293
-0.750057820150449
-0.924380254556084
-0.7479841281665025
-0.7898718733538271
-0.6430977925960468
-0.8174202270016818
-0.9752262921873921
-1.0171140373747167
-0.8703399566169365
-1.0446623910225714
-1.3394074502850655
-1.3812951954723902
-1.2345211147146098
-1.408843549120245
-1.0079051394547336
-1.0497928846420583
-0.9030188038842779
-1.077341238289913
-0.9009451119003313
-0.942832857087656
-0.7960587763298758
-0.9703812107355108
-1.128187275921221
-1.1700750211085458
-1.0233009403507654
-1.1976233747564002
-1.2061508508523318
-1.2480385960396565
-1.101264515281876
-1.2755869496875112
-0.874648540022
-0.9165362852093247
-0.7697622044515443
-0.9440846388571793
-0.767688512467598
-0.8095762576549225
-0.6628021768971422
-0.8371246113027772
-0.9949306764884873
-1.036818421675812
-0.8900443409180318
-1.0643667753236667
-0.9811517447705537
-1.0230394899578783
-0.8762654092000979
-1.0505878436057328
-0.649649433940222
-0.6915371791275468
-0.5447630983697664
-0.7190855327754012
-0.5426894063858199
-0.5845771515731444
-0.43780307081536435
-0.6121255052209992
-0.7699315704067093
-0.8118193155940341
-0.6650452348362538
-0.8393676692418889
-1.0452020419037613
-1.087089787091086
-0.9403157063333057
-1.1146381407389407
-0.7136997310734298
-0.7555874762607545
-0.6088133955029742
-0.7831358299086091
-0.6067397035190276
-0.6486274487063521
-0.5018533679485718
-0.6761758023542069
-0.8339818675399171
-0.8758696127272418
-0.7290955319694615
-0.9034179663750965
-1.1981630256375904
-1.240050770824915
-1.0932766900671347
-1.2675991244727693
-0.8666607148072587
-0.9085484599945833
-0.761774379236803
-0.936096813642438
-0.7597006872528564
-0.8015884324401811
-0.6548143516824009
-0.8291367860880358
-0.986942851273746
-1.0288305964610707
-0.8820565157032904
-1.0563789501089254
-1.0649064262048566
-1.1067941713921814
-0.9600200906344011
-1.134342525040036
-0.7334041153745251
-0.7752918605618498
-0.6285177798040694
-0.8028402142097044
-0.6264440878201228
-0.6683318330074476
-0.5215577522496672
-0.6958801866553022
-0.8536862518410125
-0.8955739970283372
-0.7487999162705568
-0.9231223506761919
-0.8399073201230786
-0.8817950653104033
-0.735020984552623
-0.9093434189582581
-0.5084050092927472
-0.5502927544800719
-0.40351867372229144
-0.5778411081279263
-0.40144498173834503
-0.4433327269256696
-0.2965586461678893
-0.47088108057352424
-0.6286871457592347
-0.6705748909465592
-0.5238008101887791
-0.6981232445944137
-1.1238364816366848
-1.1657242268240096
-1.018950146066229
-1.193272580471864
-0.7923341708063532
-0.8342219159936778
-0.6874478352358974
-0.8617702696415324
-0.6853741432519508
-0.7272618884392756
-0.5804878076814951
-0.7548102420871301
-0.9126163072728404
-0.9545040524601652
-0.8077299717023848
-0.9820524061080198
-1.2767974653705136
-1.3186852105578384
-1.171911129800058
-1.346233564205693
-0.945295154540182
-0.9871828997275067
-0.8404088189697263
-1.0147312533753614
-0.8383351269857797
-0.8802228721731045
-0.733448791415324
-0.9077712258209591
-1.0655772910066694
-1.107465036193994
-0.9606909554362137
-1.1350133898418489
-1.14354086593778
-1.1854286111251047
-1.0386545303673242
-1.2129769647729594
-0.8120385551074485
-0.8539263002947731
-0.7071522195369929
-0.8814746539426277
-0.7050785275530463
-0.7469662727403709
-0.6001921919825907
-0.7745146263882255
-0.9323206915739358
-0.9742084367612605
-0.8274343560034801
-1.0017567904091151
-0.9185417598560018
-0.9604295050433266
-0.8136554242855463
-0.9879778586911814
-0.5870394490256704
-0.6289271942129951
-0.4821531134552149
-0.6564755478608497
-0.4800794214712683
-0.5219671666585929
-0.37519308590081263
-0.5495155203064476
-0.7073215854921577
-0.7492093306794825
-0.6024352499217022
-0.776757684327337
-1.0775255129545032
-1.119413258141828
-0.9726391773840474
-1.1469616117896824
-0.7460232021241714
-0.7879109473114962
-0.6411368665537158
-0.8154593009593507
-0.6390631745697692
-0.6809509197570941
-0.5341768389993136
-0.7084992734049486
-0.866305338590659
-0.9081930837779836
-0.7614190030202032
-0.9357414374258383
-1.2304864966883322
-1.2723742418756567
-1.1256001611178765
-1.2999225955235114
-0.8989841858580004
-0.9408719310453251
-0.7940978502875446
-0.9684202846931798
-0.7920241583035981
-0.8339119034909229
-0.6871378227331425
-0.8614602571387774
-1.0192663223244878
-1.0611540675118123
-0.9143799867540322
-1.0887024211596672
-1.0972298972555983
-1.1391176424429232
-0.9923435616851428
-1.1666659960907777
-0.765727586425267
-0.8076153316125915
-0.660841250854811
-0.8351636852604462
-0.6587675588708646
-0.7006553040581893
-0.553881223300409
-0.7282036577060438
-0.8860097228917543
-0.9278974680790788
-0.7811233873212987
-0.9554458217269335
-0.8722307911738204
-0.9141185363611453
-0.7673444556033648
-0.9416668900089997
-0.540728480343489
-0.5826162255308135
-0.43584214477303324
-0.6101645791786683
-0.4337684527890867
-0.4756561979764113
-0.32888211721863103
-0.5032045516242659
-0.6610106168099763
-0.7028983619973008
-0.5561242812395207
-0.7304467156451556
-1.2146483557714178
-1.2565361009587426
-1.1097620202009622
-1.284084454606597
-0.8831460449410861
-0.9250337901284106
-0.7782597093706304
-0.9525821437762653
-0.7761860173866838
-0.8180737625740085
-0.6712996818162282
-0.8456221162218631
-1.0034281814075736
-1.0453159265948981
-0.8985418458371177
-1.0728642802427528
-1.3676093395052469
-1.4094970846925714
-1.2627230039347912
-1.437045438340426
-1.0361070286749148
-1.0779947738622395
-0.9312206931044592
-1.1055431275100942
-0.9291470011205126
-0.9710347463078375
-0.8242606655500571
-0.9985830999556922
-1.1563891651414024
-1.1982769103287272
-1.0515028295709468
-1.2258252639765816
-1.2343527400725134
-1.2762404852598377
-1.1294664045020575
-1.3037888389076924
-0.9028504292421815
-0.944738174429506
-0.7979640936717257
-0.9722865280773606
-0.7958904016877792
-0.8377781468751039
-0.6910040661173235
-0.8653265005229586
-1.0231325657086687
-1.0650203108959935
-0.9182462301382132
-1.092568664543848
-1.0093536339907352
-1.0512413791780597
-0.9044672984202793
-1.0787897328259142
-0.6778513231604034
-0.7197390683477279
-0.5729649875899478
-0.7472874219955827
-0.5708912956060014
-0.612779040793326
-0.46600496003554576
-0.6403273944411807
-0.7981334596268908
-0.8400212048142155
-0.6932471240564352
-0.8675695584620701
-1.0734039311239427
-1.1152916763112677
-0.9685175955534872
-1.1428400299591222
-0.7419016202936112
-0.7837893654809359
-0.6370152847231555
-0.8113377191287905
-0.634941592739209
-0.6768293379265337
-0.5300552571687532
-0.7043776915743883
-0.8621837567600985
-0.9040715019474234
-0.7572974211896429
-0.9316198555952779
-1.2263649148577715
-1.2682526600450963
-1.121478579287316
-1.295801013692951
-0.89486260402744
-0.9367503492147649
-0.7899762684569844
-0.9642987028626193
-0.7879025764730379
-0.8297903216603627
-0.6830162409025823
-0.8573386753082172
-1.0151447404939276
-1.057032485681252
-0.9102584049234718
-1.0845808393291068
-1.093108315425038
-1.1349960606123628
-0.9882219798545825
-1.1625444142602175
-0.7616060045947065
-0.8034937497820313
-0.6567196690242508
-0.8310421034298857
-0.6546459770403044
-0.696533722227629
-0.5497596414698486
-0.7240820758754836
-0.881888141061194
-0.9237758862485186
-0.7770018054907382
-0.9513242398963732
-0.8681092093432602
-0.9099969545305847
-0.7632228737728044
-0.9375453081784395
-0.5366068985129285
-0.5784946437002533
-0.43172056294247285
-0.6060429973481078
-0.4296468709585264
-0.471534616145851
-0.32476053538807076
-0.49908296979370564
-0.6568890349794159
-0.6987767801667406
-0.5520026994089603
-0.7263251338145954
-1.1520383708568664
-1.193926116044191
-1.0471520352864105
-1.2214744696920454
-0.8205360600265343
-0.8624238052138592
-0.7156497244560788
-0.8899721588617138
-0.7135760324721322
-0.755463777659457
-0.6086896969016765
-0.7830121313073115
-0.9408181964930219
-0.9827059416803465
-0.8359318609225662
-1.0102542953282012
-1.3049993545906953
-1.3468870997780198
-1.2001130190202394
-1.3744354534258743
-0.9734970437603635
-1.0153847889476881
-0.8686107081899077
-1.0429331425955428
-0.8665370162059612
-0.9084247613932859
-0.7616506806355055
-0.9359731150411406
-1.0937791802268506
-1.1356669254141754
-0.9888928446563952
-1.16321527906203
-1.1717427551579613
-1.213630500345286
-1.0668564195875057
-1.2411788539931408
-0.8402404443276299
-0.8821281895149545
-0.7353541087571742
-0.9096765431628092
-0.7332804167732276
-0.7751681619605523
-0.628394081202772
-0.8027165156084071
-0.9605225807941172
-1.0024103259814419
-0.8556362452236617
-1.0299586796292965
-0.9467436490761835
-0.9886313942635081
-0.8418573135057277
-1.0161797479113628
-0.6152413382458518
-0.6571290834331766
-0.5103550026753961
-0.6846774370810311
-0.5082813106914497
-0.5501690558787743
-0.40339497512099404
-0.5777174095266291
-0.7355234747123391
-0.7774112198996639
-0.6306371391418836
-0.8049595735475187
-1.1057274021746843
-1.1476151473620093
-1.0008410666042287
-1.1751635010098638
-0.7742250913443528
-0.8161128365316777
-0.6693387557738972
-0.8436611901795321
-0.6672650637899508
-0.7091528089772753
-0.562378728219495
-0.73670116262513
-0.8945072278108401
-0.936394972998165
-0.7896208922403846
-0.9639433266460197
-1.2586883859085136
-1.3005761310958384
-1.153802050338058
-1.3281244847436928
-0.927186075078182
-0.9690738202655065
-0.8222997395077261
-0.9966221739133612
-0.8202260475237796
-0.8621137927111043
-0.7153397119533239
-0.8896621463589588
-1.0474682115446692
-1.0893559567319937
-0.9425818759742134
-1.1169043103798486
-1.12543178647578
-1.1673195316631046
-1.0205454509053242
-1.194867885310959
-0.7939294756454484
-0.8358172208327729
-0.6890431400749926
-0.8633655744806273
-0.686969448091046
-0.7288571932783707
-0.5820831125205904
-0.7564055469262253
-0.9142116121119357
-0.9560993572992602
-0.8093252765414799
-0.983647710947115
-0.9004326803940018
-0.9423204255813267
-0.7955463448235462
-0.9698687792291811
-0.5689303695636704
-0.6108181147509949
-0.46404403399321464
-0.6383664683988495
-0.4619703420092681
-0.5038580871965928
-0.35708400643881244
-0.5314064408444473
-0.6892125060301577
-0.7311002512174822
-0.5843261704597021
-0.758648604865337
-1.2146483557714178
-1.2565361009587426
-1.1097620202009622
-1.284084454606597
-0.8831460449410861
-0.9250337901284106
-0.7782597093706304
-0.9525821437762653
-0.7761860173866838
-0.8180737625740085
-0.6712996818162282
-0.8456221162218631
-1.0034281814075736
-1.0453159265948981
-0.8985418458371177
-1.0728642802427528
-1.3676093395052469
-1.4094970846925714
-1.2627230039347912
-1.437045438340426
-1.0361070286749148
-1.0779947738622395
-0.9312206931044592
-1.1055431275100942
-0.9291470011205126
-0.9710347463078375
-0.8242606655500571
-0.9985830999556922
-1.1563891651414024
-1.1982769103287272
-1.0515028295709468
-1.2258252639765816
-1.2343527400725134
-1.2762404852598377
-1.1294664045020575
-1.3037888389076924
-0.9028504292421815
-0.944738174429506
-0.7979640936717257
-0.9722865280773606
-0.7958904016877792
-0.8377781468751039
-0.6910040661173235
-0.8653265005229586
-1.0231325657086687
-1.0650203108959935
-0.9182462301382132
-1.092568664543848
-1.0093536339907352
-1.0512413791780597
-0.9044672984202793
-1.0787897328259142
-0.6778513231604034
-0.7197390683477279
-0.5729649875899478
-0.7472874219955827
-0.5708912956060014
-0.612779040793326
-0.46600496003554576
-0.6403273944411807
-0.7981334596268908
-0.8400212048142155
-0.6932471240564352
-0.8675695584620701
-1.0734039311239427
-1.1152916763112677
-0.9685175955534872
-1.1428400299591222
-0.7419016202936112
-0.7837893654809359
-0.6370152847231555
-0.8113377191287905
-0.634941592739209
-0.6768293379265337
-0.5300552571687532
-0.7043776915743883
-0.8621837567600985
-0.9040715019474234
-0.7572974211896429
-0.9316198555952779
-1.2263649148577715
-1.2682526600450963
-1.121478579287316
-1.295801013692951
-0.89486260402744
-0.9367503492147649
-0.7899762684569844
-0.9642987028626193
-0.7879025764730379
-0.8297903216603627
-0.6830162409025823
-0.8573386753082172
-1.0151447404939276
-1.057032485681252
-0.9102584049234718
-1.0845808393291068
-1.093108315425038
-1.1349960606123628
-0.9882219798545825
-1.1625444142602175
-0.7616060045947065
-0.8034937497820313
-0.6567196690242508
-0.8310421034298857
-0.6546459770403044
-0.696533722227629
-0.5497596414698486
-0.7240820758754836
-0.881888141061194
-0.9237758862485186
-0.7770018054907382
-0.9513242398963732
-0.8681092093432602
-0.9099969545305847
-0.7632228737728044
-0.9375453081784395
-0.5366068985129285
-0.5784946437002533
-0.43172056294247285
-0.6060429973481078
-0.4296468709585264
-0.471534616145851
-0.32476053538807076
-0.49908296979370564
-0.6568890349794159
-0.6987767801667406
-0.5520026994089603
-0.7263251338145954
-1.1520383708568664
-1.193926116044191
-1.0471520352864105
-1.2214744696920454
-0.8205360600265343
-0.8624238052138592
-0.7156497244560788
-0.8899721588617138
-0.7135760324721322
-0.755463777659457
-0.6086896969016765
-0.7830121313073115
-0.9408181964930219
-0.9827059416803465
-0.8359318609225662
-1.0102542953282012
-1.3049993545906953
-1.3468870997780198
-1.2001130190202394
-1.3744354534258743
-0.9734970437603635
-1.0153847889476881
-0.8686107081899077
-1.0429331425955428
-0.8665370162059612
-0.9084247613932859
-0.7616506806355055
-0.9359731150411406
-1.0937791802268506
-1.1356669254141754
-0.9888928446563952
-1.16321527906203
-1.1717427551579613
-1.213630500345286
-1.0668564195875057
-1.2411788539931408
-0.8402404443276299
-0.8821281895149545
-0.7353541087571742
-0.9096765431628092
-0.7332804167732276
-0.7751681619605523
-0.628394081202772
-0.8027165156084071
-0.9605225807941172
-1.0024103259814419
-0.8556362452236617
-1.0299586796292965
-0.9467436490761835
-0.9886313942635081
-0.8418573135057277
-1.0161797479113628
-0.6152413382458518
-0.6571290834331766
-0.5103550026753961
-0.6846774370810311
-0.5082813106914497
-0.5501690558787743
-0.40339497512099404
-0.5777174095266291
-0.7355234747123391
-0.7774112198996639
-0.6306371391418836
-0.8049595735475187
-1.1057274021746843
-1.1476151473620093
-1.0008410666042287
-1.1751635010098638
-0.7742250913443528
-0.8161128365316777
-0.6693387557738972
-0.8436611901795321
-0.6672650637899508
-0.7091528089772753
-0.562378728219495
-0.73670116262513
-0.8945072278108401
-0.936394972998165
-0.7896208922403846
-0.9639433266460197
-1.2586883859085136
-1.3005761310958384
-1.153802050338058
-1.3281244847436928
-0.927186075078182
-0.9690738202655065
-0.8222997395077261
-0.9966221739133612
-0.8202260475237796
-0.8621137927111043
-0.7153397119533239
-0.8896621463589588
-1.0474682115446692
-1.0893559567319937
-0.9425818759742134
-1.1169043103798486
-1.12543178647578
-1.1673195316631046
-1.0205454509053242
-1.194867885310959
-0.7939294756454484
-0.8358172208327729
-0.6890431400749926
-0.8633655744806273
-0.686969448091046
-0.7288571932783707
-0.5820831125205904
-0.7564055469262253
-0.9142116121119357
-0.9560993572992602
-0.8093252765414799
-0.983647710947115
-0.9004326803940018
-0.9423204255813267
-0.7955463448235462
-0.9698687792291811
-0.5689303695636704
-0.6108181147509949
-0.46404403399321464
-0.6383664683988495
-0.4619703420092681
-0.5038580871965928
-0.35708400643881244
-0.5314064408444473
-0.6892125060301577
-0.7311002512174822
-0.5843261704597021
-0.758648604865337
-1.2175782752214392
-1.2594660204087638
-1.1126919396509833
-1.2870143740566184
-0.8860759643911075
-0.9279637095784321
-0.7811896288206518
-0.9555120632262868
-0.7791159368367053
-0.82100368202403
-0.6742296012662496
-0.8485520356718846
-1.006358100857595
-1.0482458460449195
-0.9014717652871393
-1.075794199692774
-1.3705392589552683
-1.412427004142593
-1.2656529233848126
-1.4399753577904477
-1.0390369481249364
-1.0809246933122612
-0.9341506125544807
-1.1084730469601156
-0.9320769205705342
-0.9739646657578588
-0.8271905850000786
-1.0015130194057136
-1.1593190845914239
-1.2012068297787486
-1.0544327490209682
-1.228755183426603
-1.2372826595225346
-1.2791704047098593
-1.132396323952079
-1.306718758357714
-0.9057803486922028
-0.9476680938795276
-0.8008940131217471
-0.9752164475273821
-0.7988203211378007
-0.8407080663251253
-0.693933985567345
-0.86825641997298
-1.0260624851586901
-1.0679502303460149
-0.9211761495882346
-1.0954985839938693
-1.0122835534407566
-1.0541712986280811
-0.9073972178703007
-1.0817196522759358
-0.6807812426104248
-0.7226689877977494
-0.5758949070399692
-0.750217341445604
-0.5738212150560228
-0.6157089602433474
-0.4689348794855671
-0.6432573138912022
-0.801063379076912
-0.8429511242642369
-0.6961770435064565
-0.8704994779120916
-1.0763338505739641
-1.1182215957612889
-0.9714475150035085
-1.1457699494091436
-0.7448315397436326
-0.7867192849309572
-0.639945204173177
-0.8142676385788119
-0.6378715121892304
-0.679759257376555
-0.5329851766187745
-0.7073076110244098
-0.8651136762101199
-0.9070014213974447
-0.7602273406396644
-0.9345497750452992
-1.2292948343077932
-1.271182579495118
-1.1244084987373377
-1.2987309331429726
-0.8977925234774615
-0.939680268664786
-0.7929061879070058
-0.9672286223126408
-0.7908324959230593
-0.8327202411103839
-0.6859461603526037
-0.8602685947582386
-1.018074659943949
-1.0599624051312735
-0.9131883243734932
-1.0875107587791282
-1.0960382348750595
-1.1379259800623842
-0.991151899304604
-1.165474333710239
-0.7645359240447279
-0.8064236692320524
-0.6596495884742722
-0.8339720228799071
-0.6575758964903257
-0.6994636416776504
-0.55268956091987
-0.727011995325505
-0.8848180605112153
-0.9267058056985399
-0.7799317249407596
-0.9542541593463947
-0.8710391287932816
-0.9129268739806061
-0.766152793222826
-0.9404752276284609
-0.5395368179629499
-0.5814245631502747
-0.4346504823924942
-0.6089729167981291
-0.4325767904085477
-0.47446453559587226
-0.327690454838092
-0.5020128892437269
-0.6598189544294375
-0.701706699616762
-0.5549326188589816
-0.7292550532646165
-1.1549682903068876
-1.1968560354942122
-1.0500819547364317
-1.2244043891420668
-0.8234659794765559
-0.8653537246638805
-0.7185796439061002
-0.8929020783117352
-0.7165059519221536
-0.7583936971094783
-0.6116196163516979
-0.7859420507573329
-0.9437481159430433
-0.9856358611303679
-0.8388617803725876
-1.0131842147782226
-1.3079292740407165
-1.3498170192280412
-1.2030429384702608
-1.3773653728758959
-0.9764269632103848
-1.0183147083977093
-0.871540627639929
-1.0458630620455642
-0.8694669356559825
-0.9113546808433072
-0.7645806000855269
-0.938903034491162
-1.096709099676872
-1.1385968448641968
-0.9918227641064166
-1.1661451985120515
-1.1746726746079827
-1.2165604197953075
-1.069786339037527
-1.2441087734431622
-0.8431703637776512
-0.8850581089649759
-0.7382840282071955
-0.9126064626128305
-0.7362103362232492
-0.7780980814105737
-0.6313240006527934
-0.8056464350584284
-0.9634525002441385
-1.0053402454314633
-0.858566164673683
-1.032888599079318
-0.9496735685262049
-0.9915613137135294
-0.8447872329557491
-1.0191096673613842
-0.6181712576958732
-0.660059002883198
-0.5132849221254177
-0.6876073565310524
-0.5112112301414711
-0.5530989753287957
-0.40632489457101534
-0.5806473289766505
-0.7384533941623606
-0.7803411393496853
-0.633567058591905
-0.8078894929975398
-1.1086573216247058
-1.1505450668120305
-1.00377098605425
-1.1780934204598852
-0.7771550107943742
-0.819042755981699
-0.6722686752239186
-0.8465911096295535
-0.6701949832399721
-0.7120827284272966
-0.5653086476695164
-0.7396310820751514
-0.8974371472608618
-0.9393248924481863
-0.792550811690406
-0.9668732460960411
-1.261618305358535
-1.3035060505458598
-1.1567319697880794
-1.3310544041937142
-0.9301159945282033
-0.9720037397155278
-0.8252296589577475
-0.9995520933633826
-0.8231559669738009
-0.8650437121611257
-0.7182696314033453
-0.8925920658089802
-1.0503981309946906
-1.0922858761820151
-0.945511795424235
-1.11983422982987
-1.1283617059258013
-1.1702494511131258
-1.0234753703553456
-1.1977978047609805
-0.7968593950954698
-0.8387471402827943
-0.6919730595250139
-0.866295493930649
-0.6898993675410673
-0.7317871127283921
-0.5850130319706117
-0.7593354663762466
-0.917141531561957
-0.9590292767492816
-0.8122551959915014
-0.9865776303971363
-0.9033625998440232
-0.945250345031348
-0.7984762642735677
-0.9727986986792028
-0.5718602890136918
-0.6137480342010163
-0.4669739534432359
-0.6412963878488711
-0.4649002614592895
-0.506788006646614
-0.36001392588883374
-0.5343363602944687
-0.6921424254801791
-0.7340301706675036
-0.5872560899097236
-0.7615785243153584
