-0.9723130259692395
-1.1499424264119706
-1.044957431911883
-0.9279222354530092
-0.5728690660243959
-0.7504984664671269
-0.6455134719670395
-0.5284782755081656
-0.7825317950787949
-0.9601611955215259
-0.8551762010214382
-0.7381410045625645
-0.6332027686889796
-0.8108321691317107
-0.7058471746316232
-0.5888119781727493
-1.1947637922099914
-1.3723931926527222
-1.2674081981526348
-1.150373001693761
-0.7953198322651478
-0.9729492327078787
-0.8679642382077912
-0.7509290417489173
-1.0049825613195464
-1.1826119617622772
-1.0776269672621899
-0.960591770803316
-0.8556535349297314
-1.0332829353724624
-0.9282979408723748
-0.811262744413501
-0.9574104503140218
-1.1350398507567525
-1.030054856256665
-0.9130196597977914
-0.5579664903691781
-0.7355958908119091
-0.6306108963118215
-0.5135756998529477
-0.767629219423577
-0.9452586198663079
-0.8402736253662203
-0.7232384289073466
-0.6183001930337617
-0.7959295934764927
-0.690944598976405
-0.5739094025175314
-0.9600036816985189
-1.13763308214125
-1.0326480876411626
-0.9156128911822886
-0.5605597217536754
-0.7381891221964064
-0.6332041276963188
-0.5161689312374451
-0.770222450808074
-0.9478518512508052
-0.8428668567507176
-0.7258316602918439
-0.6208934244182592
-0.7985228248609901
-0.6935378303609024
-0.5765026339020288
-1.0615204561590288
-1.2391498566017598
-1.1341648621016724
-1.0171296656427986
-0.6620764962141852
-0.8397058966569163
-0.7347209021568287
-0.617685705697955
-0.8717392252685839
-1.049368625711315
-0.9443836312112274
-0.8273484347523538
-0.7224101988787689
-0.9000395993215
-0.7950546048214123
-0.6780194083625386
-1.2839712223997806
-1.4616006228425114
-1.3566156283424242
-1.2395804318835502
-0.884527262454937
-1.062156662897668
-0.9571716683975804
-0.8401364719387067
-1.0941899915093356
-1.2718193919520666
-1.166834397451979
-1.0497992009931054
-0.9448609651195207
-1.1224903655622513
-1.017505371062164
-0.9004701746032903
-1.046617880503811
-1.224247280946542
-1.1192622864464543
-1.0022270899875807
-0.6471739205589675
-0.8248033210016984
-0.7198183265016108
-0.602783130042737
-0.8568366496133663
-1.0344660500560972
-0.9294810555560095
-0.8124458590971357
-0.7075076232235509
-0.8851370236662819
-0.7801520291661944
-0.6631168327073206
-1.0492111118883085
-1.2268405123310389
-1.1218555178309517
-1.0048203213720779
-0.6497671519434648
-0.8273965523861957
-0.7224115578861081
-0.6053763614272345
-0.8594298809978635
-1.0370592814405943
-0.9320742869405069
-0.8150390904816331
-0.7101008546080483
-0.8877302550507793
-0.7827452605506918
-0.665710064091818
-1.1182962252519661
-1.295925625694697
-1.1909406311946098
-1.0739054347357357
-0.7188522653071225
-0.8964816657498534
-0.791496671249766
-0.6744614747908921
-0.9285149943615211
-1.1061443948042522
-1.0011594003041648
-0.8841242038452909
-0.779185967971706
-0.9568153684144372
-0.8518303739143496
-0.7347951774554758
-1.3407469914927177
-1.5183763919354485
-1.4133913974353614
-1.296356200976487
-0.9413030315478742
-1.1189324319906049
-1.0139474374905177
-0.8969122410316438
-1.1509657606022727
-1.3285951610450037
-1.2236101665449164
-1.1065749700860426
-1.001636734212458
-1.1792661346551887
-1.0742811401551011
-0.9572459436962275
-1.103393649596748
-1.2810230500394788
-1.1760380555393914
-1.0590028590805178
-0.7039496896519046
-0.8815790900946356
-0.7765940955945481
-0.6595588991356743
-0.9136124187063034
-1.0912418191490343
-0.9862568246489467
-0.8692216281900731
-0.7642833923164882
-0.9419127927592192
-0.8369277982591316
-0.7198926018002578
-1.1059868809812454
-1.2836162814239762
-1.1786312869238889
-1.0615960904650152
-0.7065429210364019
-0.8841723214791329
-0.7791873269790452
-0.6621521305201715
-0.9162056500908007
-1.0938350505335317
-0.988850056033444
-0.8718148595745704
-0.7668766237009856
-0.9445060241437166
-0.839521029643629
-0.7224858331847552
-0.8664849963655564
-1.0441143968082873
-0.9391294023081996
-0.822094205849326
-0.4670410364207126
-0.6446704368634436
-0.5396854423633559
-0.42265024590448225
-0.6767037654751115
-0.8543331659178424
-0.7493481714177549
-0.6323129749588811
-0.5273747390852962
-0.7050041395280273
-0.6000191450279397
-0.4829839485690659
-1.0889357626063079
-1.2665651630490387
-1.1615801685489513
-1.0445449720900777
-0.6894918026614644
-0.8671212031041954
-0.7621362086041077
-0.6451010121452341
-0.8991545317158633
-1.0767839321585941
-0.9717989376585067
-0.8547637411996328
-0.749825505326048
-0.927454905768779
-0.8224699112686913
-0.7054347148098176
-0.8515824207103384
-1.0292118211530694
-0.9242268266529817
-0.8071916301941081
-0.4521384607654947
-0.6297678612082257
-0.524782866708138
-0.40774767024926434
-0.6618011898198936
-0.8394305902626246
-0.7344455957625369
-0.6174103993036633
-0.5124721634300784
-0.6901015638728094
-0.5851165693727218
-0.468081372913848
-0.8541756520948358
-1.0318050525375668
-0.9268200580374791
-0.8097848615786052
-0.4547316921499921
-0.6323610925927231
-0.5273760980926354
-0.41034090163376175
-0.6643944212043909
-0.8420238216471219
-0.7370388271470342
-0.6200036306881606
-0.5150653948145757
-0.6926947952573068
-0.5877098007572192
-0.4706746042983454
-1.00829179624204
-1.185921196684771
-1.0809362021846833
-0.9639010057258095
-0.6088478362971962
-0.7864772367399273
-0.6814922422398396
-0.5644570457809659
-0.8185105653515949
-0.9961399657943261
-0.8911549712942384
-0.7741197748353646
-0.6691815389617799
-0.8468109394045108
-0.7418259449044233
-0.6247907484455496
-1.2307425624827917
-1.4083719629255225
-1.303386968425435
-1.186351771966561
-0.8312986025379477
-1.0089280029806789
-0.9039430084805915
-0.7869078120217178
-1.0409613315923465
-1.2185907320350777
-1.1136057375349901
-0.9965705410761164
-0.8916323052025314
-1.0692617056452627
-0.9642767111451749
-0.8472415146863012
-0.9933892205868219
-1.171018621029553
-1.0660336265294652
-0.9489984300705916
-0.5939452606419783
-0.7715746610847094
-0.6665896665846217
-0.549554470125748
-0.803607989696377
-0.9812373901391082
-0.8762523956390205
-0.7592171991801467
-0.6542789633065619
-0.8319083637492928
-0.7269233692492053
-0.6098881727903316
-0.9959824519713192
-1.1736118524140504
-1.0686268579139626
-0.9515916614550889
-0.5965384920264756
-0.7741678924692067
-0.669182897969119
-0.5521477015102453
-0.8062012210808743
-0.9838306215236055
-0.8788456270235178
-0.761810430564644
-0.6568721946910593
-0.8345015951337902
-0.7295166006337027
-0.612481404174829
-1.097499226431829
-1.2751286268745605
-1.1701436323744727
-1.0531084359155989
-0.6980552664869855
-0.8756846669297166
-0.7706996724296289
-0.6536644759707552
-0.9077179955413842
-1.0853473959841153
-0.9803624014840276
-0.8633272050251539
-0.7583889691515692
-0.9360183695943003
-0.8310333750942126
-0.7139981786353389
-1.319949992672581
-1.4975793931153116
-1.3925943986152243
-1.2755592021563507
-0.9205060327277372
-1.0981354331704682
-0.9931504386703807
-0.8761152422115067
-1.130168761782136
-1.307798162224867
-1.2028131677247795
-1.0857779712659055
-0.9808397353923207
-1.1584691358350516
-1.053484141334964
-0.9364489448760904
-1.0825966507766112
-1.2602260512193422
-1.1552410567192548
-1.0382058602603808
-0.6831526908317674
-0.8607820912744987
-0.7557970967744109
-0.6387619003155371
-0.8928154198861662
-1.0704448203288972
-0.9654598258288096
-0.8484246293699359
-0.7434863934963512
-0.9211157939390823
-0.8161307994389946
-0.6990956029801209
-1.0851898821611086
-1.2628192826038396
-1.1578342881037522
-1.0407990916448782
-0.6857459222162648
-0.863375322658996
-0.7583903281589083
-0.6413551317000346
-0.8954086512706636
-1.0730380517133946
-0.968053057213307
-0.8510178607544333
-0.7460796248808486
-0.9237090253235797
-0.818724030823492
-0.7016888343646183
-1.1542749955247662
-1.3319043959674972
-1.2269194014674099
-1.1098842050085362
-0.7548310355799226
-0.9324604360226537
-0.827475441522566
-0.7104402450636925
-0.9644937646343213
-1.1421231650770525
-1.037138170576965
-0.920102974118091
-0.8151647382445063
-0.9927941386872374
-0.8878091441871497
-0.770773947728276
-1.3767257617655178
-1.5543551622082488
-1.4493701677081614
-1.3323349712492878
-0.9772818018206745
-1.1549112022634054
-1.0499262077633178
-0.9328910113044439
-1.1869445308750732
-1.3645739313178038
-1.2595889368177167
-1.1425537403588428
-1.0376155044852582
-1.215244904927989
-1.1102599104279016
-0.9932247139690276
-1.1393724198695485
-1.3170018203122789
-1.2120168258121917
-1.0949816293533179
-0.7399284599247047
-0.9175578603674358
-0.8125728658673483
-0.6955376694084744
-0.9495911889791037
-1.1272205894218346
-1.0222355949217468
-0.905200398462873
-0.8002621625892883
-0.9778915630320194
-0.8729065685319317
-0.755871372073058
-1.1419656512540457
-1.3195950516967763
-1.2146100571966891
-1.0975748607378153
-0.742521691309202
-0.9201510917519331
-0.8151660972518456
-0.6981309007929717
-0.9521844203636007
-1.129813820806332
-1.0248288263062442
-0.9077936298473704
-0.8028553939737857
-0.9804847944165168
-0.8754997999164293
-0.7584646034575554
-0.9024637666383565
-1.0800931670810876
-0.9751081725809999
-0.8580729761221261
-0.5030198066935129
-0.6806492071362439
-0.5756642126361562
-0.4586290161772825
-0.7126825357479115
-0.8903119361906426
-0.785326941690555
-0.6682917452316812
-0.5633535093580965
-0.7409829098008276
-0.6359979153007399
-0.5189627188418661
-1.1249145328791081
-1.302543933321839
-1.1975589388217516
-1.0805237423628777
-0.7254705729342644
-0.9030999733769958
-0.7981149788769081
-0.6810797824180341
-0.9351333019886634
-1.1127627024313942
-1.0077777079313068
-0.8907425114724329
-0.7858042755988482
-0.9634336760415791
-0.8584486815414917
-0.7414134850826177
-0.8875611909831385
-1.0651905914258697
-0.9602055969257821
-0.8431704004669082
-0.48811723103829496
-0.665746631481026
-0.5607616369809385
-0.4437264405220646
-0.6977799600926938
-0.8754093605354247
-0.770424366035337
-0.6533891695764633
-0.5484509337028786
-0.7260803341456097
-0.621095339645522
-0.5040601431866483
-0.8901544223676358
-1.0677838228103667
-0.9627988283102795
-0.8457636318514055
-0.49071046242279237
-0.6683398628655233
-0.5633548683654358
-0.446319671906562
-0.7003731914771909
-0.878002591919922
-0.7730175974198343
-0.6559824009609606
-0.5510441650873759
-0.728673565530107
-0.6236885710300193
-0.5066533745711457
-1.00829179624204
-1.185921196684771
-1.0809362021846833
-0.9639010057258095
-0.6088478362971962
-0.7864772367399273
-0.6814922422398396
-0.5644570457809659
-0.8185105653515949
-0.9961399657943261
-0.8911549712942384
-0.7741197748353646
-0.6691815389617799
-0.8468109394045108
-0.7418259449044233
-0.6247907484455496
-1.2307425624827917
-1.4083719629255225
-1.303386968425435
-1.186351771966561
-0.8312986025379477
-1.0089280029806789
-0.9039430084805915
-0.7869078120217178
-1.0409613315923465
-1.2185907320350777
-1.1136057375349901
-0.9965705410761164
-0.8916323052025314
-1.0692617056452627
-0.9642767111451749
-0.8472415146863012
-0.9933892205868219
-1.171018621029553
-1.0660336265294652
-0.9489984300705916
-0.5939452606419783
-0.7715746610847094
-0.6665896665846217
-0.549554470125748
-0.803607989696377
-0.9812373901391082
-0.8762523956390205
-0.7592171991801467
-0.6542789633065619
-0.8319083637492928
-0.7269233692492053
-0.6098881727903316
-0.9959824519713192
-1.1736118524140504
-1.0686268579139626
-0.9515916614550889
-0.5965384920264756
-0.7741678924692067
-0.669182897969119
-0.5521477015102453
-0.8062012210808743
-0.9838306215236055
-0.8788456270235178
-0.761810430564644
-0.6568721946910593
-0.8345015951337902
-0.7295166006337027
-0.612481404174829
-1.097499226431829
-1.2751286268745605
-1.1701436323744727
-1.0531084359155989
-0.6980552664869855
-0.8756846669297166
-0.7706996724296289
-0.6536644759707552
-0.9077179955413842
-1.0853473959841153
-0.9803624014840276
-0.8633272050251539
-0.7583889691515692
-0.9360183695943003
-0.8310333750942126
-0.7139981786353389
-1.319949992672581
-1.4975793931153116
-1.3925943986152243
-1.2755592021563507
-0.9205060327277372
-1.0981354331704682
-0.9931504386703807
-0.8761152422115067
-1.130168761782136
-1.307798162224867
-1.2028131677247795
-1.0857779712659055
-0.9808397353923207
-1.1584691358350516
-1.053484141334964
-0.9364489448760904
-1.0825966507766112
-1.2602260512193422
-1.1552410567192548
-1.0382058602603808
-0.6831526908317674
-0.8607820912744987
-0.7557970967744109
-0.6387619003155371
-0.8928154198861662
-1.0704448203288972
-0.9654598258288096
-0.8484246293699359
-0.7434863934963512
-0.9211157939390823
-0.8161307994389946
-0.6990956029801209
-1.0851898821611086
-1.2628192826038396
-1.1578342881037522
-1.0407990916448782
-0.6857459222162648
-0.863375322658996
-0.7583903281589083
-0.6413551317000346
-0.8954086512706636
-1.0730380517133946
-0.968053057213307
-0.8510178607544333
-0.7460796248808486
-0.9237090253235797
-0.818724030823492
-0.7016888343646183
-1.1542749955247662
-1.3319043959674972
-1.2269194014674099
-1.1098842050085362
-0.7548310355799226
-0.9324604360226537
-0.827475441522566
-0.7104402450636925
-0.9644937646343213
-1.1421231650770525
-1.037138170576965
-0.920102974118091
-0.8151647382445063
-0.9927941386872374
-0.8878091441871497
-0.770773947728276
-1.3767257617655178
-1.5543551622082488
-1.4493701677081614
-1.3323349712492878
-0.9772818018206745
-1.1549112022634054
-1.0499262077633178
-0.9328910113044439
-1.1869445308750732
-1.3645739313178038
-1.2595889368177167
-1.1425537403588428
-1.0376155044852582
-1.215244904927989
-1.1102599104279016
-0.9932247139690276
-1.1393724198695485
-1.3170018203122789
-1.2120168258121917
-1.0949816293533179
-0.7399284599247047
-0.9175578603674358
-0.8125728658673483
-0.6955376694084744
-0.9495911889791037
-1.1272205894218346
-1.0222355949217468
-0.905200398462873
-0.8002621625892883
-0.9778915630320194
-0.8729065685319317
-0.755871372073058
-1.1419656512540457
-1.3195950516967763
-1.2146100571966891
-1.0975748607378153
-0.742521691309202
-0.9201510917519331
-0.8151660972518456
-0.6981309007929717
-0.9521844203636007
-1.129813820806332
-1.0248288263062442
-0.9077936298473704
-0.8028553939737857
-0.9804847944165168
-0.8754997999164293
-0.7584646034575554
-0.9024637666383565
-1.0800931670810876
-0.9751081725809999
-0.8580729761221261
-0.5030198066935129
-0.6806492071362439
-0.5756642126361562
-0.4586290161772825
-0.7126825357479115
-0.8903119361906426
-0.785326941690555
-0.6682917452316812
-0.5633535093580965
-0.7409829098008276
-0.6359979153007399
-0.5189627188418661
-1.1249145328791081
-1.302543933321839
-1.1975589388217516
-1.0805237423628777
-0.7254705729342644
-0.9030999733769958
-0.7981149788769081
-0.6810797824180341
-0.9351333019886634
-1.1127627024313942
-1.0077777079313068
-0.8907425114724329
-0.7858042755988482
-0.9634336760415791
-0.8584486815414917
-0.7414134850826177
-0.8875611909831385
-1.0651905914258697
-0.9602055969257821
-0.8431704004669082
-0.48811723103829496
-0.665746631481026
-0.5607616369809385
-0.4437264405220646
-0.6977799600926938
-0.8754093605354247
-0.770424366035337
-0.6533891695764633
-0.5484509337028786
-0.7260803341456097
-0.621095339645522
-0.5040601431866483
-0.8901544223676358
-1.0677838228103667
-0.9627988283102795
-0.8457636318514055
-0.49071046242279237
-0.6683398628655233
-0.5633548683654358
-0.446319671906562
-0.7003731914771909
-0.878002591919922
-0.7730175974198343
-0.6559824009609606
-0.5510441650873759
-0.728673565530107
-0.6236885710300193
-0.5066533745711457
-1.228773343327962
-1.4064027437706927
-1.3014177492706054
-1.1843825528117313
-0.8293293833831179
-1.006958783825849
-0.9019737893257616
-0.7849385928668876
-1.0389921124375165
-1.2166215128802478
-1.1116365183801602
-0.9946013219212863
-0.8896630860477015
-1.0672924864904327
-0.9623074919903449
-0.8452722955314712
-1.4512241095687135
-1.6288535100114443
-1.5238685155113567
-1.406833319052483
-1.0517801496238695
-1.2294095500666005
-1.124424555566513
-1.0073893591076393
-1.2614428786782683
-1.4390722791209993
-1.3340872846209118
-1.2170520881620381
-1.112113852288453
-1.2897432527311843
-1.1847582582310965
-1.067723061772223
-1.2138707676727438
-1.3915001681154748
-1.2865151736153875
-1.1694799771565134
-0.8144268077278999
-0.992056208170631
-0.8870712136705433
-0.7700360172116696
-1.0240895367822986
-1.2017189372250299
-1.096733942724942
-0.9796987462660683
-0.8747605103924836
-1.0523899108352146
-0.947404916335127
-0.8303697198762533
-1.216463999057241
-1.394093399499972
-1.2891084049998844
-1.1720732085410108
-0.8170200391123973
-0.9946494395551284
-0.8896644450550407
-0.7726292485961669
-1.026682768166796
-1.2043121686095268
-1.0993271741094395
-0.9822919776505656
-0.8773537417769809
-1.054983142219712
-0.9499981477196243
-0.8329629512607506
-1.3179807735177511
-1.4956101739604821
-1.3906251794603943
-1.2735899830015207
-0.9185368135729071
-1.0961662140156383
-0.9911812195155505
-0.874146023056677
-1.128199542627306
-1.3058289430700372
-1.2008439485699494
-1.0838087521110755
-0.9788705162374908
-1.1564999166802217
-1.0515149221801343
-0.9344797257212605
-1.5404315397585029
-1.7180609402012337
-1.6130759457011459
-1.4960407492422723
-1.1409875798136588
-1.3186169802563898
-1.2136319857563023
-1.0965967892974287
-1.3506503088680577
-1.5282797093107887
-1.4232947148107011
-1.306259518351827
-1.2013212824782427
-1.3789506829209734
-1.273965688420886
-1.1569304919620123
-1.303078197862533
-1.480707598305264
-1.3757226038051766
-1.2586874073463024
-0.9036342379176894
-1.0812636383604202
-0.9762786438603328
-0.8592434474014589
-1.113296966972088
-1.290926367414819
-1.1859413729147312
-1.0689061764558576
-0.9639679405822729
-1.1415973410250038
-1.0366123465249162
-0.9195771500660425
-1.3056714292470304
-1.4833008296897612
-1.378315835189674
-1.2612806387308002
-0.9062274693021867
-1.0838568697449176
-0.9788718752448301
-0.8618366787859562
-1.1158901983565854
-1.2935195987993164
-1.1885346042992286
-1.071499407840355
-0.9665611719667702
-1.144190572409501
-1.0392055779094136
-0.9221703814505399
-1.3747565426106882
-1.5523859430534193
-1.4474009485533315
-1.3303657520944578
-0.9753125826658443
-1.1529419831085754
-1.0479569886084876
-0.9309217921496142
-1.184975311720243
-1.3626047121629743
-1.2576197176628867
-1.1405845212040129
-1.035646285330428
-1.213275685773159
-1.1082906912730714
-0.9912554948141978
-1.59720730885144
-1.7748367092941704
-1.6698517147940832
-1.5528165183352094
-1.197763348906596
-1.3753927493493268
-1.2704077548492398
-1.1533725583903658
-1.407426077960995
-1.5850554784037254
-1.4800704839036383
-1.3630352874447644
-1.2580970515711798
-1.4357264520139104
-1.3307414575138232
-1.2137062610549494
-1.3598539669554701
-1.5374833673982011
-1.4324983728981133
-1.3154631764392397
-0.9604100070106265
-1.1380394074533577
-1.03305441295327
-0.9160192164943962
-1.1700727360650254
-1.3477021365077557
-1.2427171420076684
-1.1256819455487947
-1.0207437096752099
-1.1983731101179411
-1.0933881156178535
-0.9763529191589797
-1.3624471983399675
-1.5400765987826983
-1.4350916042826107
-1.318056407823737
-0.9630032383951239
-1.1406326388378547
-1.0356476443377673
-0.9186124478788933
-1.1726659674495226
-1.3502953678922536
-1.2453103733921658
-1.1282751769332924
-1.0233369410597073
-1.2009663415024383
-1.095981347002351
-0.978946150543477
-1.122945313724278
-1.3005747141670094
-1.1955897196669218
-1.078554523208048
-0.7235013537794345
-0.9011307542221656
-0.7961457597220779
-0.6791105632632044
-0.9331640828338332
-1.1107934832765642
-1.0058084887764767
-0.8887732923176032
-0.7838350564440181
-0.9614644568867493
-0.8564794623866615
-0.7394442659277881
-1.3453960799650302
-1.5230254804077608
-1.4180404859076734
-1.3010052894487996
-0.9459521200201862
-1.1235815204629174
-1.01859652596283
-0.901561329503956
-1.155614849074585
-1.333244249517316
-1.2282592550172284
-1.1112240585583548
-1.00628582268477
-1.1839152231275007
-1.0789302286274134
-0.9618950321685397
-1.1080427380690603
-1.2856721385117913
-1.1806871440117037
-1.0636519475528299
-0.7085987781242167
-0.8862281785669478
-0.7812431840668601
-0.6642079876079862
-0.9182615071786154
-1.0958909076213466
-0.9909059131212589
-0.8738707166623851
-0.7689324807888004
-0.9465618812315313
-0.8415768867314438
-0.7245416902725699
-1.1106359694535577
-1.2882653698962885
-1.1832803753962011
-1.066245178937327
-0.7111920095087141
-0.8888214099514452
-0.7838364154513575
-0.6668012189924836
-0.9208547385631128
-1.098484139005844
-0.9934991445057563
-0.8764639480468825
-0.7715257121732975
-0.9491551126160286
-0.8441701181159412
-0.7271349216570672
