-1.207394806298028
-1.3611355490129051
-1.262304124845425
-1.1561898538584772
-0.970246365366321
-1.1239871080811983
-1.025155683913718
-0.9190414129267701
-1.0221983325006911
-1.1759390752155687
-1.0771076510480881
-0.9709933800611403
-1.0029066238217532
-1.1566473665366308
-1.0578159423691502
-0.9517016713822025
-1.465827980791923
-1.6195687235068006
-1.5207372993393202
-1.4146230283523724
-1.2286795398602164
-1.3824202825750938
-1.2835888584076136
-1.1774745874206654
-1.2806315069945868
-1.434372249709464
-1.3355408255419836
-1.2294265545550358
-1.261339798315649
-1.415080541030526
-1.3162491168630457
-1.2101348458760979
-1.3552292792314842
-1.5089700219463615
-1.4101385977788814
-1.3040243267919334
-1.1180808382997773
-1.2718215810146547
-1.1729901568471743
-1.0668758858602265
-1.1700328054341476
-1.323773548149025
-1.2249421239815446
-1.1188278529945965
-1.1507410967552096
-1.3044818394700868
-1.2056504153026069
-1.099536144315659
-1.2060836704161284
-1.3598244131310055
-1.2609929889635254
-1.1548787179765774
-0.9689352294844213
-1.122675972199299
-1.0238445480318183
-0.9177302770448705
-1.0208871966187916
-1.1746279393336692
-1.0757965151661886
-0.9696822441792408
-1.0015954879398536
-1.1553362306547315
-1.0565048064872509
-0.9503905355003028
-1.0632343794041275
-1.216975122119005
-1.1181436979515245
-1.0120294269645767
-0.8260859384724203
-0.979826681187298
-0.8809952570198174
-0.7748809860328696
-0.8780379056067906
-1.0317786483216682
-0.9329472241541876
-0.8268329531672397
-0.8587461969278528
-1.0124869396427303
-0.9136555154752498
-0.8075412444883019
-1.321667553898023
-1.4754082966129003
-1.37657687244542
-1.270462601458472
-1.0845191129663159
-1.2382598556811932
-1.1394284315137129
-1.033314160526765
-1.136471080100686
-1.2902118228155637
-1.191380398648083
-1.0852661276611353
-1.1171793714217482
-1.2709201141366255
-1.1720886899691452
-1.0659744189821974
-1.2110688523375839
-1.364809595052461
-1.2659781708849809
-1.1598638998980328
-0.9739204114058768
-1.1276611541207542
-1.0288297299532738
-0.9227154589663261
-1.0258723785402473
-1.1796131212551244
-1.0807816970876443
-0.9746674261006962
-1.0065806698613093
-1.1603214125761867
-1.0614899884087063
-0.9553757174217583
-1.0619232435222279
-1.215663986237105
-1.116832562069625
-1.010718291082677
-0.8247748025905209
-0.9785155453053984
-0.8796841211379179
-0.77356985015097
-0.876726769724891
-1.0304675124397686
-0.931636088272288
-0.8255218172853402
-0.8574350610459534
-1.011175803760831
-0.9123443795933502
-0.8062301086064024
-1.0086183928774919
-1.162359135592369
-1.0635277114248887
-0.957413440437941
-0.7714699519457846
-0.9252106946606623
-0.8263792704931817
-0.7202649995062338
-0.823421919080155
-0.9771626617950326
-0.8783312376275519
-0.7722169666406041
-0.8041302104012171
-0.9578709531160947
-0.8590395289486141
-0.7529252579616662
-1.2670515673713871
-1.4207923100862645
-1.3219608859187841
-1.2158466149318363
-1.02990312643968
-1.1836438691545574
-1.084812444987077
-0.9786981740001293
-1.0818550935740503
-1.2355958362889277
-1.1367644121214473
-1.0306501411344995
-1.0625633848951126
-1.21630412760999
-1.1174727034425096
-1.0113584324555618
-1.156452865810948
-1.3101936085258257
-1.2113621843583453
-1.1052479133713973
-0.9193044248792412
-1.0730451675941188
-0.9742137434266381
-0.8680994724396902
-0.9712563920136114
-1.1249971347284886
-1.0261657105610085
-0.9200514395740605
-0.9519646833346734
-1.105705426049551
-1.0068740018820705
-0.9007597308951227
-1.0073072569955923
-1.1610479997104695
-1.0622165755429893
-0.9561023045560414
-0.7701588160638853
-0.9238995587787627
-0.8250681346112821
-0.7189538636243342
-0.8221107831982554
-0.975851525913133
-0.8770201017456524
-0.7709058307587043
-0.8028190745193176
-0.9565598172341951
-0.8577283930667146
-0.7516141220797667
-1.1006427019949747
-1.2543834447098523
-1.1555520205423717
-1.049437749555424
-0.8634942610632679
-1.0172350037781455
-0.9184035796106647
-0.8122893086237168
-0.915446228197638
-1.0691869709125155
-0.9703555467450349
-0.864241275758087
-0.8961545195187001
-1.0498952622335778
-0.9510638380660972
-0.8449495670791493
-1.3590758764888702
-1.5128166192037475
-1.4139851950362672
-1.3078709240493192
-1.121927435557163
-1.2756681782720407
-1.1768367541045601
-1.0707224831176123
-1.1738794026915331
-1.327620145406411
-1.2287887212389306
-1.1226744502519825
-1.1545876940125952
-1.308328436727473
-1.2094970125599926
-1.1033827415730448
-1.2484771749284311
-1.4022179176433087
-1.3033864934758281
-1.1972722224888803
-1.011328733996724
-1.1650694767116017
-1.066238052544121
-0.9601237815571734
-1.0632807011310943
-1.2170214438459717
-1.1181900196784913
-1.0120757486915437
-1.0439889924521568
-1.197729735167034
-1.0988983109995536
-0.9927840400126056
-1.0993315661130751
-1.2530723088279525
-1.1542408846604721
-1.0481266136735243
-0.8621831251813682
-1.0159238678962457
-0.9170924437287652
-0.8109781727418173
-0.9141350923157384
-1.067875835030616
-0.9690444108631353
-0.8629301398761875
-0.8948433836368005
-1.0485841263516782
-0.9497527021841975
-0.8436384311972496
-1.159036620069297
-1.3127773627841741
-1.2139459386166938
-1.107831667629746
-0.9218881791375898
-1.0756289218524673
-0.9767974976849868
-0.870683226698039
-0.97384014627196
-1.1275808889868375
-1.0287494648193571
-0.9226351938324092
-0.9545484375930221
-1.1082891803078996
-1.0094577561404192
-0.9033434851534713
-1.4174697945631922
-1.5712105372780696
-1.472379113110589
-1.3662648421236412
-1.1803213536314852
-1.3340620963463625
-1.2352306721788824
-1.1291164011919341
-1.2322733207658556
-1.3860140634807325
-1.2871826393132524
-1.1810683683263046
-1.2129816120869177
-1.3667223548017948
-1.267890930634315
-1.1617766596473666
-1.306871093002753
-1.4606118357176305
-1.3617804115501502
-1.2556661405632024
-1.069722652071046
-1.2234633947859235
-1.124631970618443
-1.0185176996314953
-1.1216746192054161
-1.2754153619202937
-1.1765839377528136
-1.0704696667658655
-1.1023829105264786
-1.256123653241356
-1.1572922290738756
-1.0511779580869278
-1.1577254841873974
-1.3114662269022745
-1.2126348027347942
-1.1065205317478464
-0.9205770432556902
-1.0743177859705677
-0.9754863618030871
-0.8693720908161393
-0.9725290103900606
-1.126269753104938
-1.0274383289374576
-0.9213240579505098
-0.9532373017111228
-1.1069780444260002
-1.0081466202585196
-0.9020323492715718
-1.0148761931753962
-1.1686169358902738
-1.0697855117227932
-0.9636712407358454
-0.7777277522436894
-0.9314684949585669
-0.8326370707910863
-0.7265227998041385
-0.8296797193780595
-0.9834204620929371
-0.8845890379254566
-0.7784747669385087
-0.8103880106991216
-0.9641287534139992
-0.8652973292465187
-0.7591830582595709
-1.2733093676692917
-1.427050110384169
-1.328218686216689
-1.2221044152297407
-1.0361609267375849
-1.189901669452462
-1.0910702452849816
-0.9849559742980338
-1.0881128938719549
-1.2418536365868325
-1.143022212419352
-1.0369079414324043
-1.068821185193017
-1.2225619279078945
-1.1237305037404142
-1.0176162327534664
-1.1627106661088529
-1.31645140882373
-1.2176199846562497
-1.1115057136693016
-0.9255622251771457
-1.0793029678920232
-0.9804715437245427
-0.8743572727375949
-0.977514192311516
-1.1312549350263934
-1.032423510858913
-0.9263092398719652
-0.9582224836325782
-1.1119632263474555
-1.0131318021799751
-0.9070175311930272
-1.0135650572934967
-1.1673058000083743
-1.0684743758408937
-0.9623601048539459
-0.7764166163617897
-0.9301573590766672
-0.8313259349091867
-0.7252116639222389
-0.8283685834961598
-0.9821093262110375
-0.883277902043557
-0.7771636310566091
-0.8090768748172222
-0.9628176175320997
-0.8639861933646191
-0.7578719223776712
-0.9602602066487607
-1.114000949363638
-1.0151695251961577
-0.9090552542092099
-0.7231117657170535
-0.8768525084319311
-0.7780210842644506
-0.6719068132775027
-0.7750637328514238
-0.9288044755663015
-0.8299730513988207
-0.723858780411873
-0.755772024172486
-0.9095127668873636
-0.8106813427198829
-0.7045670717329351
-1.2186933811426561
-1.3724341238575335
-1.2736026996900531
-1.167488428703105
-0.981544940210949
-1.1352856829258264
-1.036454258758346
-0.9303399877713983
-1.0334969073453193
-1.1872376500601967
-1.088406225892716
-0.9822919549057685
-1.0142051986663814
-1.1679459413812587
-1.0691145172137786
-0.9630002462268306
-1.1080946795822169
-1.2618354222970944
-1.163003998129614
-1.0568897271426663
-0.8709462386505101
-1.0246869813653876
-0.9258555571979071
-0.8197412862109592
-0.9228982057848802
-1.0766389484997576
-0.9778075243322772
-0.8716932533453294
-0.9036064971059423
-1.05734723982082
-0.9585158156533394
-0.8524015446663916
-0.9589490707668611
-1.1126898134817382
-1.013858389314258
-0.9077441183273102
-0.7218006298351541
-0.8755413725500316
-0.776709948382551
-0.6705956773956031
-0.7737525969695243
-0.9274933396844017
-0.8286619155169213
-0.7225476445299733
-0.7544608882905863
-0.908201631005464
-0.8093702068379833
-0.7032559358510355
-1.0522845157662437
-1.206025258481121
-1.1071938343136407
-1.001079563326693
-0.8151360748345368
-0.9688768175494142
-0.8700453933819335
-0.7639311223949857
-0.8670880419689069
-1.0208287846837845
-0.9219973605163039
-0.815883089529356
-0.847796333289969
-1.0015370760048465
-0.902705651837366
-0.796591380850418
-1.310717690260139
-1.4644584329750165
-1.3656270088075362
-1.2595127378205881
-1.073569249328432
-1.2273099920433095
-1.128478567875829
-1.0223642968888813
-1.1255212164628021
-1.2792619591776797
-1.1804305350101993
-1.0743162640232515
-1.1062295077838644
-1.259970250498742
-1.1611388263312614
-1.0550245553443136
-1.2001189886997001
-1.3538597314145775
-1.2550283072470971
-1.148914036260149
-0.9629705477679931
-1.1167112904828704
-1.01787986631539
-0.9117655953284421
-1.0149225149023633
-1.1686632576172407
-1.0698318334497603
-0.9637175624628125
-0.9956308062234256
-1.1493715489383027
-1.0505401247708224
-0.9444258537838746
-1.0509733798843441
-1.2047141225992215
-1.1058826984317411
-0.9997684274447932
-0.8138249389526371
-0.9675656816675146
-0.868734257500034
-0.762619986513086
-0.8657769060870072
-1.019517648801885
-0.9206862246344042
-0.8145719536474564
-0.8464851974080694
-1.000225940122947
-0.9013945159554665
-0.7952802449685186
-1.159036620069297
-1.3127773627841741
-1.2139459386166938
-1.107831667629746
-0.9218881791375898
-1.0756289218524673
-0.9767974976849868
-0.870683226698039
-0.97384014627196
-1.1275808889868375
-1.0287494648193571
-0.9226351938324092
-0.9545484375930221
-1.1082891803078996
-1.0094577561404192
-0.9033434851534713
-1.4174697945631922
-1.5712105372780696
-1.472379113110589
-1.3662648421236412
-1.1803213536314852
-1.3340620963463625
-1.2352306721788824
-1.1291164011919341
-1.2322733207658556
-1.3860140634807325
-1.2871826393132524
-1.1810683683263046
-1.2129816120869177
-1.3667223548017948
-1.267890930634315
-1.1617766596473666
-1.306871093002753
-1.4606118357176305
-1.3617804115501502
-1.2556661405632024
-1.069722652071046
-1.2234633947859235
-1.124631970618443
-1.0185176996314953
-1.1216746192054161
-1.2754153619202937
-1.1765839377528136
-1.0704696667658655
-1.1023829105264786
-1.256123653241356
-1.1572922290738756
-1.0511779580869278
-1.1577254841873974
-1.3114662269022745
-1.2126348027347942
-1.1065205317478464
-0.9205770432556902
-1.0743177859705677
-0.9754863618030871
-0.8693720908161393
-0.9725290103900606
-1.126269753104938
-1.0274383289374576
-0.9213240579505098
-0.9532373017111228
-1.1069780444260002
-1.0081466202585196
-0.9020323492715718
-1.0148761931753962
-1.1686169358902738
-1.0697855117227932
-0.9636712407358454
-0.7777277522436894
-0.9314684949585669
-0.8326370707910863
-0.7265227998041385
-0.8296797193780595
-0.9834204620929371
-0.8845890379254566
-0.7784747669385087
-0.8103880106991216
-0.9641287534139992
-0.8652973292465187
-0.7591830582595709
-1.2733093676692917
-1.427050110384169
-1.328218686216689
-1.2221044152297407
-1.0361609267375849
-1.189901669452462
-1.0910702452849816
-0.9849559742980338
-1.0881128938719549
-1.2418536365868325
-1.143022212419352
-1.0369079414324043
-1.068821185193017
-1.2225619279078945
-1.1237305037404142
-1.0176162327534664
-1.1627106661088529
-1.31645140882373
-1.2176199846562497
-1.1115057136693016
-0.9255622251771457
-1.0793029678920232
-0.9804715437245427
-0.8743572727375949
-0.977514192311516
-1.1312549350263934
-1.032423510858913
-0.9263092398719652
-0.9582224836325782
-1.1119632263474555
-1.0131318021799751
-0.9070175311930272
-1.0135650572934967
-1.1673058000083743
-1.0684743758408937
-0.9623601048539459
-0.7764166163617897
-0.9301573590766672
-0.8313259349091867
-0.7252116639222389
-0.8283685834961598
-0.9821093262110375
-0.883277902043557
-0.7771636310566091
-0.8090768748172222
-0.9628176175320997
-0.8639861933646191
-0.7578719223776712
-0.9602602066487607
-1.114000949363638
-1.0151695251961577
-0.9090552542092099
-0.7231117657170535
-0.8768525084319311
-0.7780210842644506
-0.6719068132775027
-0.7750637328514238
-0.9288044755663015
-0.8299730513988207
-0.723858780411873
-0.755772024172486
-0.9095127668873636
-0.8106813427198829
-0.7045670717329351
-1.2186933811426561
-1.3724341238575335
-1.2736026996900531
-1.167488428703105
-0.981544940210949
-1.1352856829258264
-1.036454258758346
-0.9303399877713983
-1.0334969073453193
-1.1872376500601967
-1.088406225892716
-0.9822919549057685
-1.0142051986663814
-1.1679459413812587
-1.0691145172137786
-0.9630002462268306
-1.1080946795822169
-1.2618354222970944
-1.163003998129614
-1.0568897271426663
-0.8709462386505101
-1.0246869813653876
-0.9258555571979071
-0.8197412862109592
-0.9228982057848802
-1.0766389484997576
-0.9778075243322772
-0.8716932533453294
-0.9036064971059423
-1.05734723982082
-0.9585158156533394
-0.8524015446663916
-0.9589490707668611
-1.1126898134817382
-1.013858389314258
-0.9077441183273102
-0.7218006298351541
-0.8755413725500316
-0.776709948382551
-0.6705956773956031
-0.7737525969695243
-0.9274933396844017
-0.8286619155169213
-0.7225476445299733
-0.7544608882905863
-0.908201631005464
-0.8093702068379833
-0.7032559358510355
-1.0522845157662437
-1.206025258481121
-1.1071938343136407
-1.001079563326693
-0.8151360748345368
-0.9688768175494142
-0.8700453933819335
-0.7639311223949857
-0.8670880419689069
-1.0208287846837845
-0.9219973605163039
-0.815883089529356
-0.847796333289969
-1.0015370760048465
-0.902705651837366
-0.796591380850418
-1.310717690260139
-1.4644584329750165
-1.3656270088075362
-1.2595127378205881
-1.073569249328432
-1.2273099920433095
-1.128478567875829
-1.0223642968888813
-1.1255212164628021
-1.2792619591776797
-1.1804305350101993
-1.0743162640232515
-1.1062295077838644
-1.259970250498742
-1.1611388263312614
-1.0550245553443136
-1.2001189886997001
-1.3538597314145775
-1.2550283072470971
-1.148914036260149
-0.9629705477679931
-1.1167112904828704
-1.01787986631539
-0.9117655953284421
-1.0149225149023633
-1.1686632576172407
-1.0698318334497603
-0.9637175624628125
-0.9956308062234256
-1.1493715489383027
-1.0505401247708224
-0.9444258537838746
-1.0509733798843441
-1.2047141225992215
-1.1058826984317411
-0.9997684274447932
-0.8138249389526371
-0.9675656816675146
-0.868734257500034
-0.762619986513086
-0.8657769060870072
-1.019517648801885
-0.9206862246344042
-0.8145719536474564
-0.8464851974080694
-1.000225940122947
-0.9013945159554665
-0.7952802449685186
-1.1411175566631746
-1.294858299378052
-1.1960268752105714
-1.0899126042236236
-0.9039691157314673
-1.057709858446345
-0.9588784342788643
-0.8527641632919166
-0.9559210828658377
-1.1096618255807151
-1.0108304014132348
-0.904716130426287
-0.9366293741868998
-1.0903701169017772
-0.9915386927342968
-0.885424421747349
-1.3995507311570698
-1.5532914738719472
-1.4544600497044666
-1.348345778717519
-1.162402290225363
-1.3161430329402402
-1.2173116087727602
-1.111197337785812
-1.2143542573597335
-1.3680950000746104
-1.26926357590713
-1.1631493049201822
-1.1950625486807955
-1.3488032913956725
-1.2499718672281923
-1.1438575962412445
-1.2889520295966308
-1.4426927723115084
-1.3438613481440278
-1.23774707715708
-1.051803588664924
-1.2055443313798013
-1.1067129072123207
-1.000598636225373
-1.103755555799294
-1.2574962985141716
-1.1586648743466912
-1.0525506033597432
-1.0844638471203563
-1.2382045898352336
-1.1393731656677533
-1.0332588946808052
-1.1398064207812753
-1.2935471634961522
-1.194715739328672
-1.088601468341724
-0.9026579798495677
-1.0563987225644453
-0.9575672983969649
-0.8514530274100169
-0.9546099469839381
-1.1083506896988158
-1.0095192655313352
-0.9034049945443873
-0.9353182383050002
-1.0890589810198779
-0.9902275568523974
-0.8841132858654495
-0.9969571297692739
-1.1506978724841515
-1.0518664483166709
-0.945752177329723
-0.7598086888375668
-0.9135494315524445
-0.814718007384964
-0.7086037363980161
-0.8117606559719373
-0.9655013986868147
-0.8666699745193341
-0.7605557035323863
-0.7924689472929993
-0.9462096900078768
-0.8473782658403963
-0.7412639948534484
-1.2553903042631693
-1.4091310469780467
-1.3102996228105668
-1.2041853518236185
-1.0182418633314623
-1.1719826060463399
-1.0731511818788595
-0.9670369108919115
-1.0701938304658327
-1.22393457318071
-1.12510314901323
-1.0189888780262817
-1.0509021217868948
-1.2046428645017722
-1.105811440334292
-0.9996971693473439
-1.1447916027027305
-1.2985323454176079
-1.1997009212501273
-1.0935866502631795
-0.9076431617710234
-1.0613839044859008
-0.9625524803184203
-0.8564382093314724
-0.9595951289053938
-1.113335871620271
-1.0145044474527907
-0.9083901764658429
-0.940303420226456
-1.0940441629413333
-0.9952127387738527
-0.8890984677869048
-0.9956459938873744
-1.1493867366022519
-1.0505553124347713
-0.9444410414478235
-0.7584975529556675
-0.9122382956705449
-0.8134068715030645
-0.7072926005161164
-0.8104495200900376
-0.9641902628049152
-0.8653588386374346
-0.7592445676504868
-0.7911578114110998
-0.9448985541259772
-0.8460671299584968
-0.7399528589715488
-0.9423411432426382
-1.0960818859575159
-0.9972504617900352
-0.8911361908030874
-0.7051927023109312
-0.8589334450258088
-0.7601020208583282
-0.6539877498713803
-0.7571446694453013
-0.9108854121601789
-0.8120539879926985
-0.7059397170057505
-0.7378529607663634
-0.8915937034812411
-0.7927622793137606
-0.6866480083268128
-1.200774317736534
-1.3545150604514113
-1.2556836362839308
-1.149569365296983
-0.9636258768048267
-1.1173666195197043
-1.0185351953522237
-0.9124209243652758
-1.015577843939197
-1.1693185866540745
-1.070487162486594
-0.9643728914996461
-0.996286135260259
-1.1500268779751366
-1.051195453807656
-0.9450811828207082
-1.0901756161760947
-1.243916358890972
-1.145084934723492
-1.0389706637365437
-0.8530271752443878
-1.0067679179592652
-0.9079364937917848
-0.8018222228048368
-0.904979142378758
-1.0587198850936352
-0.959888460926155
-0.8537741899392071
-0.8856874336998201
-1.0394281764146975
-0.9405967522472171
-0.8344824812602691
-0.9410300073607388
-1.094770750075616
-0.9959393259081357
-0.8898250549211878
-0.7038815664290319
-0.8576223091439094
-0.7587908849764288
-0.6526766139894808
-0.755833533563402
-0.9095742762782795
-0.8107428521107989
-0.704628581123851
-0.7365418248844641
-0.8902825675993415
-0.791451143431861
-0.685336872444913
-1.0343654523601211
-1.188106195074999
-1.0892747709075183
-0.9831604999205704
-0.7972170114284142
-0.9509577541432919
-0.8521263299758112
-0.7460120589888635
-0.8491689785627846
-1.002909721277662
-0.9040782971101815
-0.7979640261232336
-0.8298772698838467
-0.9836180125987242
-0.8847865884312436
-0.7786723174442957
-1.2927986268540168
-1.4465393695688944
-1.3477079454014138
-1.241593674414466
-1.0556501859223097
-1.2093909286371873
-1.1105595044697067
-1.0044452334827587
-1.1076021530566798
-1.2613428957715576
-1.1625114716040772
-1.0563972006171292
-1.088310444377742
-1.2420511870926196
-1.1432197629251393
-1.037105491938191
-1.1821999252935778
-1.3359406680084553
-1.237109243840975
-1.1309949728540267
-0.9450514843618706
-1.0987922270767483
-0.9999608029092677
-0.8938465319223198
-0.9970034514962409
-1.1507441942111183
-1.0519127700436381
-0.94579849905669
-0.9777117428173031
-1.1314524855321804
-1.0326210613647
-0.9265067903777522
-1.0330543164782215
-1.1867950591930991
-1.0879636350256188
-0.981849364038671
-0.7959058755465146
-0.9496466182613922
-0.8508151940939117
-0.7447009231069638
-0.8478578426808847
-1.0015985853957625
-0.9027671612282818
-0.7966528902413341
-0.8285661340019471
-0.9823068767168247
-0.883475452549344
-0.7773611815623962
