-1.2888956230762687
-1.466525023519
-1.2973507982810282
-1.2141275115172756
-0.9330860936137023
-1.1107154940564332
-0.9415412688184617
-0.8583179820547088
-0.8358330358028798
-1.0134624362456108
-0.8442882110076392
-0.7610649242438863
-0.9993412652836451
-1.176970665726376
-1.0077964404884046
-0.9245731537246513
-1.402208361132021
-1.579837761574752
-1.4106635363367805
-1.3274402495730275
-1.0463988316694546
-1.2240282321121856
-1.054854006874214
-0.971630720110461
-0.949145773858632
-1.1267751743013632
-0.9576009490633912
-0.8743776622996383
-1.1126540033393972
-1.290283403782128
-1.1211091785441565
-1.0378858917804037
-1.2746646543728717
-1.452294054815603
-1.2831198295776312
-1.1998965428138781
-0.9188551249103051
-1.0964845253530362
-0.9273103001150644
-0.8440870133513115
-0.8216020670994824
-0.9992314675422134
-0.8300572423042418
-0.7468339555404888
-0.9851102965802476
-1.1627396970229786
-0.9935654717850071
-0.9103421850212541
-1.157535716650932
-1.335165117093663
-1.1659908918556912
-1.0827676050919384
-0.8017261871883652
-0.9793555876310963
-0.8101813623931248
-0.7269580756293715
-0.7044731293775428
-0.8821025298202737
-0.712928304582302
-0.6297050178185492
-0.8679813588583077
-1.0456107593010389
-0.8764365340630673
-0.7932132472993144
-1.162880947188028
-1.340510347630759
-1.171336122392787
-1.0881128356290342
-0.8070714177254613
-0.9847008181681924
-0.8155265929302206
-0.7323033061664677
-0.7098183599146387
-0.8874477603573697
-0.7182735351193981
-0.6350502483556452
-0.873326589395404
-1.0509559898381349
-0.8817817646001633
-0.7985584778364104
-1.27619368524378
-1.4538230856865113
-1.2846488604485393
-1.2014255736847868
-0.9203841557812135
-1.0980135562239444
-0.9288393309859728
-0.8456160442222199
-0.823131097970391
-1.000760498413122
-0.8315862731751503
-0.7483629864113972
-0.9866393274511561
-1.1642687278938872
-0.9950945026559156
-0.9118712158921627
-1.1486499784846307
-1.3262793789273617
-1.15710515368939
-1.073881866925637
-0.792840449022064
-0.970469849464795
-0.8012956242268233
-0.7180723374630704
-0.6955873912112415
-0.8732167916539725
-0.7040425664160007
-0.6208192796522477
-0.8590956206920066
-1.0367250211347379
-0.867550795896766
-0.784327509133013
-1.031521040762691
-1.209150441205422
-1.03997621596745
-0.956752929203697
-0.6757115113001242
-0.8533409117428552
-0.6841666865048837
-0.6009433997411306
-0.5784584534893017
-0.7560878539320328
-0.5869136286940612
-0.5036903419303081
-0.7419666829700667
-0.9195960834127977
-0.7504218581748262
-0.6671985714110733
-1.3724127576007723
-1.5500421580435033
-1.3808679328055313
-1.2976446460417785
-1.0166032281382056
-1.1942326285809368
-1.0250584033429648
-0.9418351165792119
-0.9193501703273831
-1.096979570770114
-0.9278053455321424
-0.8445820587683895
-1.0828583998081482
-1.2604878002508795
-1.0913135750129075
-1.0080902882491547
-1.4857254956565242
-1.6633548960992555
-1.4941806708612835
-1.4109573840975307
-1.129915966193958
-1.307545366636689
-1.138371141398717
-1.0551478546349642
-1.0326629083831353
-1.2102923088258664
-1.0411180835878946
-0.9578947968241418
-1.1961711378639004
-1.3738005383066314
-1.2046263130686596
-1.1214030263049068
-1.358181788897375
-1.535811189340106
-1.3666369641021343
-1.2834136773383813
-1.0023722594348083
-1.1800016598775394
-1.0108274346395676
-0.9276041478758148
-0.9051192016239857
-1.0827486020667165
-0.913574376828745
-0.8303510900649921
-1.068627431104751
-1.246256831547482
-1.0770826063095102
-0.9938593195457573
-1.241052851175435
-1.4186822516181659
-1.2495080263801943
-1.1662847396164413
-0.8852433217128685
-1.0628727221555996
-0.8936984969176279
-0.8104752101538748
-0.787990263902046
-0.9656196643447769
-0.7964454391068052
-0.7132221523430523
-0.9514984933828111
-1.1291278938255422
-0.9599536685875705
-0.8767303818238176
-0.931052647422874
-1.108682047865605
-0.9395078226276335
-0.8562845358638803
-0.5752431179603074
-0.7528725184030385
-0.5836982931650669
-0.5004750064013138
-0.47799006014948486
-0.6556194605922159
-0.4864452353542442
-0.40322194859049126
-0.6414982896302501
-0.8191276900729811
-0.6499534648350095
-0.5667301780712566
-1.0443653854786261
-1.2219947859213574
-1.0528205606833856
-0.9695972739196326
-0.6885558560160596
-0.8661852564587905
-0.697011031220819
-0.613787744457066
-0.5913027982052371
-0.7689321986479681
-0.5997579734099965
-0.5165346866462435
-0.7548110276860023
-0.9324404281287334
-0.7632662028907617
-0.6800429161270088
-0.9168216787194766
-1.0944510791622077
-0.9252768539242361
-0.8420535671604832
-0.5610121492569101
-0.7386415496996411
-0.5694673244616695
-0.48624403769791663
-0.4637590914460876
-0.6413884918888186
-0.472214266650847
-0.388990979887094
-0.6272673209268528
-0.8048967213695837
-0.6357224961316122
-0.5524992093678591
-0.799692740997537
-0.977322141440268
-0.8081479162022961
-0.7249246294385434
-0.4438832115349704
-0.6215126119777012
-0.45233838673972965
-0.36911509997597675
-0.3466301537241478
-0.5242595541668789
-0.3550853289289071
-0.2718620421651542
-0.510138383204913
-0.6877677836476439
-0.5185935584096723
-0.43537027164591946
-1.3161811189237431
-1.4938105193664737
-1.3246362941285021
-1.2414130073647494
-0.9603715894611764
-1.1380009899039074
-0.9688267646659358
-0.8856034779021829
-0.8631185316503538
-1.0407479320930846
-0.871573706855113
-0.7883504200913601
-1.026626761131119
-1.2042561615738498
-1.0350819363358783
-0.9518586495721254
-1.429493856979495
-1.6071232574222263
-1.4379490321842543
-1.3547257454205017
-1.0736843275169285
-1.2513137279596596
-1.0821395027216878
-0.9989162159579351
-0.976431269706106
-1.154060670148837
-0.9848864449108653
-0.9016631581471124
-1.1399394991868712
-1.3175688996296022
-1.1483946743916305
-1.0651713876278777
-1.3019501502203457
-1.4795795506630767
-1.3104053254251051
-1.2271820386613521
-0.946140620757779
-1.1237700212005102
-0.9545957959625383
-0.8713725091987854
-0.8488875629469564
-1.0265169633896876
-0.8573427381517159
-0.7741194513879629
-1.0123957924277218
-1.1900251928704528
-1.020850967632481
-0.9376276808687279
-1.1848212124984059
-1.3624506129411371
-1.1932763877031651
-1.1100531009394123
-0.8290116830358393
-1.0066410834785702
-0.8374668582405985
-0.7542435714768456
-0.7317586252250167
-0.9093880256677477
-0.7402138004297759
-0.6569905136660232
-0.8952668547057818
-1.072896255148513
-0.9037220299105412
-0.8204987431467885
-1.190166443035502
-1.367795843478233
-1.1986216182402611
-1.1153983314765084
-0.8343569135729353
-1.0119863140156662
-0.8428120887776946
-0.7595888020139417
-0.7371038557621127
-0.9147332562048438
-0.7455590309668719
-0.6623357442031192
-0.900612085242878
-1.0782414856856088
-0.9090672604476372
-0.8258439736838843
-1.3034791810912543
-1.4811085815339853
-1.3119343562960135
-1.2287110695322607
-0.9476696516286875
-1.1252990520714186
-0.9561248268334469
-0.872901540069694
-0.8504165938178649
-1.0280459942605957
-0.8588717690226242
-0.7756484822588713
-1.01392482329863
-1.191554223741361
-1.0223799985033895
-0.9391567117396366
-1.1759354743321044
-1.353564874774836
-1.1843906495368641
-1.1011673627731111
-0.8201259448695379
-0.9977553453122691
-0.8285811200742974
-0.7453578333105445
-0.7228728870587153
-0.9005022875014463
-0.7313280622634747
-0.6481047754997218
-0.8863811165394806
-1.0640105169822116
-0.89483629174424
-0.811613004980487
-1.0588065366101647
-1.236435937052896
-1.0672617118149241
-0.9840384250511711
-0.7029970071475982
-0.8806264075903291
-0.7114521823523577
-0.6282288955886045
-0.6057439493367757
-0.7833733497795066
-0.614199124541535
-0.5309758377777821
-0.7692521788175407
-0.9468815792602718
-0.7777073540223003
-0.6944840672585474
-1.399698253448246
-1.577327653890977
-1.4081534286530055
-1.3249301418892523
-1.0438887239856796
-1.2215181244284106
-1.052343899190439
-0.969120612426686
-0.946635666174857
-1.1242650666175882
-0.9550908413796163
-0.8718675546158636
-1.110143895655622
-1.2877732960983534
-1.1185990708603815
-1.0353757840966287
-1.5130109915039982
-1.6906403919467292
-1.5214661667087577
-1.4382428799450047
-1.1572014620414317
-1.334830862484163
-1.1656566372461912
-1.0824333504824382
-1.059948404230609
-1.2375778046733403
-1.0684035794353686
-0.9851802926716157
-1.2234566337113744
-1.4010860341541054
-1.2319118089161338
-1.1486885221523808
-1.3854672847448488
-1.56309668518758
-1.3939224599496083
-1.3106991731858555
-1.0296577552822823
-1.2072871557250133
-1.0381129304870416
-0.9548896437232887
-0.9324046974714597
-1.1100340979141907
-0.9408598726762191
-0.8576365859124662
-1.0959129269522248
-1.2735423273949562
-1.1043681021569844
-1.0211448153932314
-1.268338347022909
-1.4459677474656403
-1.2767935222276683
-1.1935702354639157
-0.9125288175603424
-1.0901582180030733
-0.9209839927651018
-0.8377607060013489
-0.8152757597495199
-0.992905160192251
-0.8237309349542793
-0.7405076481905264
-0.9787839892302851
-1.156413389673016
-0.9872391644350446
-0.9040158776712914
-0.958338143270348
-1.135967543713079
-0.9667933184751073
-0.8835700317113544
-0.6025286138077813
-0.7801580142505123
-0.6109837890125408
-0.5277605022487878
-0.505275555996959
-0.68290495643969
-0.5137307312017182
-0.43050744443796524
-0.6687837854777242
-0.8464131859204552
-0.6772389606824833
-0.5940156739187304
-1.0716508813261
-1.2492802817688313
-1.0801060565308596
-0.9968827697671067
-0.7158413518635335
-0.8934707523062646
-0.7242965270682931
-0.64107324030454
-0.6185882940527111
-0.7962176944954422
-0.6270434692574703
-0.5438201824937174
-0.7820965235334764
-0.9597259239762075
-0.7905516987382356
-0.7073284119744829
-0.9441071745669507
-1.1217365750096817
-0.9525623497717102
-0.8693390630079569
-0.5882976451043842
-0.7659270455471152
-0.5967528203091436
-0.5135295335453905
-0.49104458729356165
-0.6686739877362925
-0.4994997624983209
-0.416276475734568
-0.6545528167743268
-0.8321822172170578
-0.6630079919790861
-0.5797847052153331
-0.8269782368450109
-1.004607637287742
-0.8354334120497702
-0.7522101252860175
-0.4711687073824444
-0.6487981078251752
-0.4796238825872036
-0.3964005958234507
-0.37391564957162177
-0.5515450500143527
-0.3823708247763811
-0.2991475380126281
-0.537423879052387
-0.715053279495118
-0.5458790542571462
-0.4626557674933934
-1.2484496043565796
-1.4260790047993102
-1.2569047795613386
-1.1736814927975858
-0.8926400748940129
-1.0702694753367439
-0.9010952500987722
-0.8178719633350193
-0.7953870170831903
-0.9730164175259212
-0.8038421922879496
-0.7206189055241966
-0.9588952465639555
-1.1365246470066865
-0.9673504217687149
-0.8841271350049619
-1.3617623424123315
-1.5393917428550628
-1.370217517617091
-1.2869942308533382
-1.005952812949765
-1.1835822133924963
-1.0144079881545243
-0.9311847013907716
-0.9086997551389425
-1.0863291555816734
-0.9171549303437019
-0.8339316435799489
-1.072207984619708
-1.2498373850624387
-1.080663159824467
-0.9974398730607141
-1.2342186356531821
-1.4118480360959134
-1.2426738108579416
-1.1594505240941888
-0.8784091061906155
-1.0560385066333466
-0.8868642813953749
-0.8036409946316219
-0.781156048379793
-0.958785448822524
-0.7896112235845524
-0.7063879368207995
-0.9446642778605583
-1.1222936783032893
-0.9531194530653176
-0.8698961663015645
-1.1170896979312424
-1.2947190983739736
-1.1255448731360016
-1.0423215863722488
-0.7612801684686759
-0.9389095689114068
-0.7697353436734351
-0.6865120569096822
-0.6640271106578532
-0.8416565111005843
-0.6724822858626124
-0.5892589990988597
-0.8275353401386184
-1.0051647405813495
-0.8359905153433776
-0.752767228579625
-1.1224349284683384
-1.3000643289110694
-1.1308901036730978
-1.0476668169093448
-0.7666253990057718
-0.9442547994485028
-0.7750805742105311
-0.6918572874467782
-0.6693723411949491
-0.8470017416376803
-0.6778275163997084
-0.5946042296359557
-0.8328805706757144
-1.0105099711184453
-0.8413357458804737
-0.7581124591167208
-1.2357476665240907
-1.4133770669668217
-1.24420284172885
-1.1609795549650974
-0.879938137061524
-1.057567537504255
-0.8883933122662834
-0.8051700255025305
-0.7826850792507014
-0.9603144796934323
-0.7911402544554608
-0.7079169676917078
-0.9461933087314666
-1.1238227091741977
-0.954648483936226
-0.871425197172473
-1.1082039597649411
-1.2858333602076724
-1.1166591349697006
-1.0334358482059476
-0.7523944303023744
-0.9300238307451055
-0.760849605507134
-0.677626318743381
-0.6551413724915519
-0.8327707729342829
-0.6635965476963113
-0.5803732609325584
-0.8186496019723172
-0.9962790024150482
-0.8271047771770765
-0.7438814904133236
-0.9910750220430012
-1.1687044224857324
-0.9995301972477606
-0.9163069104840076
-0.6352654925804347
-0.8128948930231655
-0.6437206677851942
-0.5604973810214411
-0.5380124347696122
-0.7156418352123431
-0.5464676099743715
-0.4632443232106186
-0.7015206642503773
-0.8791500646931084
-0.7099758394551368
-0.6267525526913839
-1.3319667388810825
-1.5095961393238138
-1.340421914085842
-1.257198627322089
-0.9761572094185161
-1.153786609861247
-0.9846123846232755
-0.9013890978595226
-0.8789041516076935
-1.0565335520504247
-0.8873593268124528
-0.8041360400487001
-1.0424123810884587
-1.22004178153119
-1.0508675562932182
-0.9676442695294651
-1.445279476936835
-1.6229088773795657
-1.4537346521415941
-1.3705113653778411
-1.0894699474742682
-1.2670993479169994
-1.0979251226790276
-1.0147018359152746
-0.9922168896634457
-1.1698462901061768
-1.000672064868205
-0.9174487781044521
-1.1557251191442108
-1.3333545195869418
-1.1641802943489703
-1.0809570075852173
-1.3177357701776853
-1.4953651706204165
-1.326190945382445
-1.242967658618692
-0.9619262407151188
-1.1395556411578498
-0.970381415919878
-0.8871581291561251
-0.8646731829042962
-1.0423025833470272
-0.8731283581090555
-0.7899050713453026
-1.0281814123850614
-1.2058108128277927
-1.036636587589821
-0.9534133008260679
-1.2006068324557455
-1.3782362328984767
-1.209062007660505
-1.1258387208967522
-0.8447973029931789
-1.02242670343591
-0.8532524781979383
-0.7700291914341854
-0.7475442451823564
-0.9251736456250874
-0.7559994203871159
-0.672776133623363
-0.9110524746631216
-1.0886818751058525
-0.9195076498678811
-0.8362843631041279
-0.8906066287031845
-1.0682360291459154
-0.8990618039079439
-0.815838517144191
-0.5347970992406179
-0.7124264996833489
-0.5432522744453773
-0.4600289876816242
-0.4375440414297954
-0.6151734418725264
-0.44599921663455466
-0.36277592987080176
-0.6010522709105607
-0.7786816713532917
-0.6095074461153198
-0.5262841593515669
-1.0039193667589368
-1.1815487672016678
-1.012374541963696
-0.9291512551999432
-0.6481098372963701
-0.8257392377391012
-0.6565650125011295
-0.5733417257373766
-0.5508567794855476
-0.7284861799282787
-0.5593119546903068
-0.4760886679265539
-0.7143650089663128
-0.891994409409044
-0.7228201841710721
-0.6395968974073194
-0.8763756599997873
-1.0540050604425182
-0.8848308352045466
-0.8016075484407935
-0.5205661305372207
-0.6981955309799517
-0.52902130574198
-0.445798018978227
-0.4233130727263981
-0.600942473169129
-0.43176824793115737
-0.34854496116740447
-0.5868213022071632
-0.7644507026498942
-0.5952764774119227
-0.5120531906481696
-0.7592467222778474
-0.9368761227205785
-0.7677018974826066
-0.684478610718854
-0.4034371928152808
-0.5810665932580117
-0.4118923680200401
-0.3286690812562872
-0.30618413500445824
-0.48381353544718925
-0.31463931020921765
-0.2314160234454646
-0.4696923644852235
-0.6473217649279545
-0.47814753968998275
-0.39492425292622985
-1.3401706262042132
-1.5178000266469445
-1.3486258014089723
-1.2654025146452197
-0.9843610967416466
-1.1619904971843775
-0.992816271946406
-0.9095929851826531
-0.887108038930824
-1.0647374393735551
-0.8955632141355835
-0.8123399273718306
-1.0506162684115892
-1.2282456688543202
-1.0590714436163489
-0.9758481568525956
-1.4534833642599654
-1.6311127647026964
-1.4619385394647246
-1.3787152527009718
-1.0976738347973987
-1.27530323524013
-1.106129010002158
-1.0229057232384053
-1.0004207769865763
-1.178050177429307
-1.0088759521913355
-0.9256526654275826
-1.1639290064673415
-1.3415584069100723
-1.1723841816721006
-1.0891608949083478
-1.325939657500816
-1.5035690579435472
-1.3343948327055755
-1.2511715459418224
-0.9701301280382493
-1.1477595284809803
-0.9785853032430087
-0.8953620164792556
-0.8728770702274267
-1.0505064706701577
-0.881332245432186
-0.7981089586684331
-1.036385299708192
-1.214014700150923
-1.0448404749129514
-0.9616171881491984
-1.208810719778876
-1.3864401202216072
-1.2172658949836355
-1.1340426082198825
-0.8530011903163095
-1.0306305907590405
-0.8614563655210687
-0.7782330787573158
-0.7557481325054869
-0.9333775329482179
-0.7642033077102464
-0.6809800209464935
-0.919256361986252
-1.0968857624289832
-0.9277115371910116
-0.8444882504272587
-1.2141559503159722
-1.3917853507587035
-1.2226111255207315
-1.1393878387569787
-0.8583464208534056
-1.0359758212961367
-0.8668015960581649
-0.783578309294412
-0.7610933630425829
-0.938722763485314
-0.7695485382473424
-0.6863252514835895
-0.9246015925233483
-1.1022309929660792
-0.9330567677281074
-0.8498334809643547
-1.3274686883717244
-1.5050980888144556
-1.3359238635764838
-1.252700576812731
-0.9716591589091578
-1.1492885593518887
-0.9801143341139171
-0.8968910473501642
-0.8744061010983353
-1.0520355015410663
-0.8828612763030946
-0.7996379895393415
-1.0379143305791003
-1.2155437310218316
-1.04636950578386
-0.9631462190201068
-1.199924981612575
-1.377554382055306
-1.2083801568173342
-1.1251568700535814
-0.8441154521500083
-1.0217448525927393
-0.8525706273547676
-0.7693473405910147
-0.7468623943391857
-0.9244917947819168
-0.7553175695439449
-0.672094282780192
-0.9103706238199509
-1.0880000242626822
-0.9188257990247102
-0.8356025122609573
-1.082796043890635
-1.260425444333366
-1.0912512190953942
-1.0080279323316417
-0.7269865144280685
-0.9046159148707995
-0.7354416896328279
-0.6522184028690747
-0.6297334566172459
-0.8073628570599768
-0.6381886318220052
-0.5549653450582522
-0.793241686098011
-0.9708710865407421
-0.8016968613027705
-0.7184735745390175
-1.4236877607287162
-1.6013171611714474
-1.4321429359334759
-1.348919649169723
-1.06787823126615
-1.2455076317088811
-1.0763334064709091
-0.9931101197071562
-0.9706251734553272
-1.1482545738980583
-0.9790803486600868
-0.8958570618963339
-1.1341334029360925
-1.3117628033788236
-1.1425885781408518
-1.059365291377099
-1.5370004987844685
-1.7146298992271995
-1.5454556739892278
-1.4622323872254752
-1.181190969321902
-1.358820369764633
-1.1896461445266615
-1.1064228577629085
-1.0839379115110794
-1.2615673119538107
-1.0923930867158387
-1.0091697999520859
-1.2474461409918445
-1.4250755414345757
-1.255901316196604
-1.1726780294328514
-1.4094567920253191
-1.5870861924680502
-1.4179119672300786
-1.3346886804663256
-1.0536472625627527
-1.2312766630054839
-1.0621024377675117
-0.9788791510037588
-0.95639420475193
-1.1340236051946608
-0.9648493799566893
-0.8816260931929364
-1.1199024342326953
-1.2975318346754263
-1.1283576094374546
-1.0451343226737015
-1.2923278543033794
-1.4699572547461104
-1.3007830295081386
-1.2175597427443858
-0.9365183248408128
-1.1141477252835439
-0.944973500045572
-0.8617502132818191
-0.8392652670299902
-1.016894667472721
-0.8477204422347495
-0.7644971554709966
-1.0027734965107553
-1.1804028969534863
-1.0112286717155146
-0.9280053849517617
-0.9823276505508184
-1.159957050993549
-0.9907828257555777
-0.9075595389918246
-0.6265181210882517
-0.8041475215309828
-0.6349732962930112
-0.551750009529258
-0.5292650632774291
-0.7068944637201601
-0.5377202384821884
-0.4544969517184355
-0.6927732927581943
-0.8704026932009253
-0.7012284679629538
-0.6180051811992009
-1.0956403886065706
-1.2732697890493019
-1.10409556381133
-1.0208722770475769
-0.7398308591440039
-0.9174602595867348
-0.7482860343487633
-0.6650627475850103
-0.6425778013331812
-0.8202072017759124
-0.6510329765379406
-0.5678096897741877
-0.8060860308139465
-0.9837154312566777
-0.814541206018706
-0.7313179192549532
-0.9680966818474209
-1.145726082290152
-0.9765518570521804
-0.8933285702884274
-0.6122871523848544
-0.7899165528275854
-0.6207423275896138
-0.5375190408258609
-0.5150340945740318
-0.6926634950167629
-0.5234892697787912
-0.4402659830150382
-0.6785423240547971
-0.856171724497528
-0.6869974992595563
-0.6037742124958034
-0.8509677441254812
-1.0285971445682123
-0.8594229193302406
-0.7761996325664877
-0.4951582146629147
-0.6727876151056457
-0.5036133898676739
-0.420390103103921
-0.39790515685209205
-0.5755345572948231
-0.4063603320568514
-0.32313704529309845
-0.5614133863328573
-0.7390427867755882
-0.5698685615376166
-0.48664527477386366
