-1.1026423905350327
-1.2032018338641037
-1.0907179111854386
-1.075043226209612
-0.7099233357711026
-0.8104827791001737
-0.6979988564215084
-0.6823241714456818
-0.8555723114626218
-0.956131754791693
-0.8436478321130277
-0.827973147137201
-0.7777663543208942
-0.8783257976499653
-0.7658418749713001
-0.7501671899954735
-1.106618440568387
-1.207177883897458
-1.094693961218793
-1.0790192762429662
-0.713899385804457
-0.8144588291335281
-0.7019749064548629
-0.6863002214790361
-0.8595483614959762
-0.9601078048250472
-0.8476238821463821
-0.8319491971705554
-0.7817424043542486
-0.8823018476833198
-0.7698179250046546
-0.7541432400288278
-0.9451863237131952
-1.045745767042266
-0.933261844363601
-0.9175871593877742
-0.552467268949265
-0.6530267122783362
-0.5405427895996708
-0.5248681046238441
-0.6981162446407841
-0.7986756879698553
-0.6861917652911902
-0.6705170803153634
-0.6203102874990566
-0.7208697308281277
-0.6083858081494625
-0.592711123173636
-1.0894756119516558
-1.1900350552807268
-1.077551132602062
-1.061876447626235
-0.6967565571877258
-0.797316000516797
-0.6848320778381317
-0.669157392862305
-0.8424055328792449
-0.942964976208316
-0.8304810535296507
-0.814806368553824
-0.7645995757375176
-0.8651590190665884
-0.7526750963879234
-0.7370004114120965
-1.2237578526835464
-1.3243172960126177
-1.2118333733339524
-1.1961586883581259
-0.8310387979196164
-0.9315982412486876
-0.8191143185700225
-0.8034396335941957
-0.9766877736111356
-1.0772472169402068
-0.9647632942615416
-0.9490886092857148
-0.898881816469408
-0.9994412597984793
-0.886957337119814
-0.8712826521439874
-1.227733902716901
-1.3282933460459723
-1.215809423367307
-1.20013473839148
-0.8350148479529709
-0.935574291282042
-0.8230903686033768
-0.80741568362755
-0.98066382364449
-1.0812232669735613
-0.9687393442948959
-0.9530646593190693
-0.9028578665027626
-1.0034173098318335
-0.8909333871531685
-0.8752587021773417
-1.066301785861709
-1.1668612291907798
-1.0543773065121147
-1.0387026215362882
-0.673582731097779
-0.7741421744268501
-0.6616582517481848
-0.6459835667723581
-0.8192317067892981
-0.9197911501183692
-0.807307227439704
-0.7916325424638773
-0.7414257496475705
-0.8419851929766416
-0.7295012702979765
-0.7138265853221498
-1.21059107410017
-1.3111505174292408
-1.1986665947505757
-1.182991909774749
-0.8178720193362398
-0.9184314626653108
-0.8059475399866456
-0.790272855010819
-0.9635209950277588
-1.0640804383568299
-0.9515965156781646
-0.9359218307023379
-0.8857150378860315
-0.9862744812151023
-0.8737905585364373
-0.8581158735606106
-1.4278777094581743
-1.5284371527872458
-1.41595323010858
-1.400278545132753
-1.0351586546942444
-1.1357180980233155
-1.02323417534465
-1.0075594903688236
-1.1808076303857633
-1.2813670737148346
-1.1688831510361695
-1.1532084660603428
-1.103001673244036
-1.203561116573107
-1.091077193894442
-1.0754025089186152
-1.4318537594915284
-1.5324132028206
-1.4199292801419343
-1.404254595166108
-1.0391347047275987
-1.1396941480566698
-1.0272102253780047
-1.011535540402178
-1.1847836804191179
-1.2853431237481892
-1.1728592010695238
-1.1571845160936969
-1.1069777232773903
-1.2075371666064616
-1.0950532439277965
-1.0793785589519698
-1.2704216426363366
-1.3709810859654077
-1.2584971632867425
-1.2428224783109159
-0.8777025878724067
-0.9782620312014778
-0.8657781085228127
-0.850103423546986
-1.0233515635639259
-1.1239110068929972
-1.0114270842143318
-0.995752399238505
-0.9455456064221985
-1.0461050497512694
-0.9336211270726044
-0.9179464420967777
-1.4147109308747974
-1.5152703742038685
-1.4027864515252033
-1.387111766549377
-1.0219918761108675
-1.1225513194399386
-1.0100673967612734
-0.9943927117854467
-1.1676408518023869
-1.268200295131458
-1.1557163724527926
-1.1400416874769659
-1.0898348946606593
-1.1903943379897302
-1.077910415311065
-1.0622357303352383
-1.0474893612869425
-1.1480488046160136
-1.0355648819373484
-1.0198901969615217
-0.6547703065230125
-0.7553297498520836
-0.6428458271734183
-0.6271711421975917
-0.8004192822145315
-0.9009787255436026
-0.7884948028649374
-0.7728201178891109
-0.7226133250728042
-0.8231727684018751
-0.71068884572321
-0.6950141607473833
-1.0514654113202968
-1.1520248546493679
-1.0395409319707027
-1.023866246994876
-0.658746356556367
-0.759305799885438
-0.6468218772067728
-0.6311471922309461
-0.804395332247886
-0.9049547755769571
-0.792470852898292
-0.7767961679224652
-0.7265893751061585
-0.8271488184352297
-0.7146648957565643
-0.6989902107807378
-0.8900332944651048
-0.990592737794176
-0.8781088151155109
-0.8624341301396842
-0.49731423970117483
-0.5978736830302461
-0.48538976035158077
-0.4697150753757541
-0.6429632153926941
-0.743522658721765
-0.6310387360430999
-0.6153640510672733
-0.5651572582509665
-0.6657167015800377
-0.5532327789013723
-0.5375580939255457
-1.0343225827035656
-1.1348820260326369
-1.0223981033539715
-1.0067234183781448
-0.6416035279396357
-0.7421629712687068
-0.6296790485900416
-0.6140043636142148
-0.7872525036311548
-0.8878119469602259
-0.7753280242815607
-0.759653339305734
-0.7094465464894274
-0.8100059898184984
-0.6975220671398333
-0.6818473821640065
-0.9515131720327494
-1.0520726153618205
-0.9395886926831553
-0.9239140077073287
-0.5587941172688196
-0.6593535605978904
-0.5468696379192254
-0.5311949529433987
-0.7044430929603386
-0.8050025362894095
-0.6925186136107444
-0.6768439286349178
-0.6266371358186111
-0.7271965791476821
-0.614712656469017
-0.5990379714931903
-0.9554892220661039
-1.056048665395175
-0.9435647427165098
-0.9278900577406831
-0.5627701673021739
-0.663329610631245
-0.5508456879525797
-0.535171002976753
-0.7084191429936929
-0.8089785863227641
-0.6964946636440988
-0.6808199786682722
-0.6306131858519655
-0.7311726291810366
-0.6186887065023713
-0.6030140215265447
-0.7940571052109119
-0.8946165485399831
-0.7821326258613178
-0.7664579408854911
-0.40133805044698184
-0.5018974937760531
-0.3894135710973878
-0.37373888612156103
-0.546987026138501
-0.647546469467572
-0.535062546788907
-0.5193878618130802
-0.46918106899677353
-0.5697405123258447
-0.45725658964717936
-0.4415819046713527
-0.9383463934493725
-1.0389058367784436
-0.9264219140997786
-0.9107472291239517
-0.5456273386854427
-0.6461867820145137
-0.5337028593358486
-0.5180281743600219
-0.6912763143769618
-0.7918357577060328
-0.6793518350273676
-0.6636771500515408
-0.6134703572352344
-0.7140298005643054
-0.6015458778856402
-0.5858711929098135
-1.0726286341812634
-1.1731880775103345
-1.0607041548316691
-1.0450294698558424
-0.6799095794173332
-0.7804690227464043
-0.6679851000677391
-0.6523104150919126
-0.8255585551088525
-0.9261179984379234
-0.8136340757592585
-0.7979593907834317
-0.7477525979671249
-0.848312041296196
-0.7358281186175308
-0.720153433641704
-1.0766046842146177
-1.177164127543689
-1.0646802048650235
-1.049005519889197
-0.6838856294506878
-0.7844450727797588
-0.6719611501010937
-0.656286465125267
-0.8295346051422069
-0.930094048471278
-0.8176101257926127
-0.801935440816786
-0.7517286480004792
-0.8522880913295504
-0.7398041686508853
-0.7241294836750586
-0.9151725673594259
-1.0157320106884968
-0.9032480880098316
-0.8875734030340049
-0.5224535125954958
-0.623012955924567
-0.5105290332459017
-0.494854348270075
-0.6681024882870149
-0.768661931616086
-0.6561780089374208
-0.640503323961594
-0.5902965311452875
-0.6908559744743584
-0.5783720517956933
-0.5626973668198667
-1.0594618555978867
-1.1600212989269576
-1.0475373762482925
-1.0318626912724658
-0.6667428008339565
-0.7673022441630276
-0.6548183214843624
-0.6391436365085357
-0.8123917765254756
-0.9129512198545466
-0.8004672971758814
-0.7847926122000549
-0.7345858193837482
-0.8351452627128191
-0.722661340034154
-0.7069866550583274
-1.276748490955891
-1.3773079342849626
-1.264824011606297
-1.2491493266304705
-0.8840294361919611
-0.9845888795210322
-0.872104956842367
-0.8564302718665403
-1.0296784118834803
-1.1302378552125514
-1.0177539325338862
-1.0020792475580595
-0.9518724547417529
-1.0524318980708238
-0.9399479753921586
-0.924273290416332
-1.2807245409892458
-1.381283984318317
-1.2688000616396518
-1.2531253766638248
-0.8880054862253156
-0.9885649295543866
-0.8760810068757214
-0.8604063218998947
-1.0336544619168346
-1.1342139052459057
-1.0217299825672406
-1.0060552975914139
-0.9558485047751073
-1.0564079481041782
-0.9439240254255131
-0.9282493404496864
-1.1192924241340536
-1.219851867463125
-1.1073679447844595
-1.0916932598086329
-0.7265733693701236
-0.8271328126991947
-0.7146488900205294
-0.6989742050447028
-0.8722223450616425
-0.9727817883907138
-0.8602978657120486
-0.8446231807362219
-0.7944163879199152
-0.8949758312489864
-0.7824919085703211
-0.7668172235944944
-1.2635817123725146
-1.3641411557015857
-1.2516572330229205
-1.2359825480470938
-0.8708626576085843
-0.9714221009376554
-0.8589381782589901
-0.8432634932831634
-1.0165116333001036
-1.1170710766291747
-1.0045871539505093
-0.9889124689746828
-0.938705676158376
-1.0392651194874472
-0.926781196808782
-0.9111065118329551
-0.8963601427846594
-0.9969195861137303
-0.8844356634350652
-0.8687609784592386
-0.5036410880207293
-0.6042005313498003
-0.4917166086711352
-0.47604192369530857
-0.6492900637122484
-0.7498495070413194
-0.6373655843626542
-0.6216908993868275
-0.571484106570521
-0.672043549899592
-0.5595596272209269
-0.5438849422451002
-0.9003361928180136
-1.0008956361470847
-0.8884117134684196
-0.8727370284925929
-0.5076171380540837
-0.6081765813831549
-0.49569265870448964
-0.4800179737286629
-0.6532661137456028
-0.7538255570746738
-0.6413416343960087
-0.6256669494201821
-0.5754601566038754
-0.6760195999329464
-0.5635356772542813
-0.5478609922784546
-0.7389040759628217
-0.8394635192918927
-0.7269795966132275
-0.711304911637401
-0.3461850211988918
-0.4467444645279629
-0.3342605418492977
-0.31858585687347096
-0.49183399689041096
-0.5923934402194819
-0.47990951754081684
-0.46423483256499015
-0.41402803974868346
-0.5145874830777546
-0.40210356039908934
-0.38642887542326265
-0.8831933642012825
-0.9837528075303535
-0.8712688848516883
-0.8555941998758616
-0.49047430943735254
-0.5910337527664237
-0.4785498300877585
-0.4628751451119318
-0.6361232851288717
-0.7366827284579427
-0.6241988057792776
-0.6085241208034509
-0.5583173279871442
-0.6588767713162152
-0.5463928486375501
-0.5307181636617234
-1.045901031053624
-1.1464604743826954
-1.03397655170403
-1.0183018667282033
-0.6531819762896942
-0.7537414196187653
-0.6412574969401
-0.6255828119642732
-0.7988309519812132
-0.8993903953102843
-0.7869064726316191
-0.7712317876557924
-0.7210249948394857
-0.8215844381685569
-0.7091005154898917
-0.693425830514065
-1.0498770810869786
-1.1504365244160497
-1.0379526017373844
-1.0222779167615577
-0.6571580263230485
-0.7577174696521195
-0.6452335469734544
-0.6295588619976277
-0.8028070020145677
-0.9033664453436387
-0.7908825226649735
-0.7752078376891468
-0.7250010448728401
-0.8255604882019112
-0.713076565523246
-0.6974018805474193
-0.8884449642317865
-0.9890044075608576
-0.8765204848821924
-0.8608457999063657
-0.4957259094678566
-0.5962853527969277
-0.48380143011826243
-0.46812674514243574
-0.6413748851593757
-0.7419343284884468
-0.6294504058097815
-0.6137757208339548
-0.5635689280176482
-0.6641283713467192
-0.5516444486680541
-0.5359697636922275
-1.0327342524702474
-1.1332936957993183
-1.0208097731206531
-1.0051350881448264
-0.6400151977063173
-0.7405746410353883
-0.6280907183567231
-0.6124160333808966
-0.7856641733978365
-0.8862236167269076
-0.7737396940482423
-0.7580650090724157
-0.7078582162561089
-0.80841765958518
-0.6959337369065147
-0.680259051930688
-1.1670164932021383
-1.2675759365312091
-1.155092013852544
-1.1394173288767173
-0.774297438438208
-0.874856881767279
-0.7623729590886139
-0.7466982741127871
-0.9199464141297272
-1.0205058574587982
-0.908021934780133
-0.8923472498043064
-0.8421404569879997
-0.9426999003170707
-0.8302159776384055
-0.8145412926625788
-1.1709925432354924
-1.2715519865645637
-1.1590680638858983
-1.1433933789100716
-0.7782734884715623
-0.8788329318006335
-0.7663490091219682
-0.7506743241461417
-0.9239224641630814
-1.0244819074921525
-0.9119979848134874
-0.8963232998376608
-0.846116507021354
-0.9466759503504251
-0.8341920276717599
-0.8185173426959332
-1.0095604263803004
-1.1101198697093715
-0.9976359470307063
-0.9819612620548795
-0.6168413716163704
-0.7174008149454415
-0.6049168922667763
-0.5892422072909496
-0.7624903473078896
-0.8630497906369605
-0.7505658679582954
-0.7348911829824687
-0.6846843901661621
-0.7852438334952331
-0.6727599108165679
-0.6570852258407412
-1.1538497146187614
-1.2544091579478327
-1.1419252352691671
-1.1262505502933404
-0.7611306598548311
-0.8616901031839023
-0.7492061805052369
-0.7335314955294103
-0.9067796355463503
-1.0073390788754215
-0.8948551561967563
-0.8791804712209296
-0.8289736784046228
-0.9295331217336938
-0.8170491990550286
-0.801374514079202
-1.371136349976766
-1.471695793305837
-1.3592118706271719
-1.3435371856513447
-0.9784172952128358
-1.078976738541907
-0.9664928158632418
-0.9508181308874152
-1.124066270904355
-1.2246257142334263
-1.112141791554761
-1.0964671065789342
-1.0462603137626276
-1.1468197570916987
-1.0343358344130336
-1.0186611494372066
-1.3751124000101203
-1.475671843339191
-1.363187920660526
-1.3475132356846997
-0.9823933452461902
-1.0829527885752612
-0.970468865896596
-0.9547941809207694
-1.1280423209377093
-1.2286017642667806
-1.1161178415881152
-1.1004431566122885
-1.050236363795982
-1.150795807125053
-1.0383118844463877
-1.022637199470561
-1.2136802831549287
-1.3142397264839993
-1.2017558038053342
-1.1860811188295075
-0.8209612283909982
-0.9215206717200694
-0.8090367490414041
-0.7933620640655773
-0.9666102040825174
-1.0671696474115886
-0.9546857247329232
-0.9390110397570967
-0.8888042469407899
-0.9893636902698609
-0.8768797675911958
-0.8612050826153691
-1.357969571393389
-1.45852901472246
-1.346045092043795
-1.3303704070679687
-0.9652505166294592
-1.0658099599585302
-0.953326037279865
-0.9376513523040383
-1.110899492320978
-1.2114589356500496
-1.098975012971384
-1.0833003279955575
-1.0330935351792507
-1.1336529785083218
-1.0211690558296567
-1.00549437085383
-0.990748001805534
-1.091307445134605
-0.9788235224559398
-0.9631488374801132
-0.5980289470416039
-0.698588390370675
-0.58610446769201
-0.5704297827161832
-0.743677922733123
-0.8442373660621941
-0.731753443383529
-0.7160787584077023
-0.6658719655913955
-0.7664314089204666
-0.6539474862418014
-0.6382728012659747
-0.9947240518388885
-1.0952834951679595
-0.9827995724892943
-0.9671248875134676
-0.6020049970749585
-0.7025644404040295
-0.5900805177253643
-0.5744058327495376
-0.7476539727664775
-0.8482134160955486
-0.7357294934168834
-0.7200548084410567
-0.66984801562475
-0.7704074589538211
-0.657923536275156
-0.6422488512993293
-0.8332919349836965
-0.9338513783127674
-0.8213674556341023
-0.8056927706582756
-0.4405728802197664
-0.5411323235488376
-0.4286484008701724
-0.4129737158943456
-0.5862218559112857
-0.6867812992403566
-0.5742973765616916
-0.5586226915858649
-0.5084158987695581
-0.6089753420986292
-0.496491419419964
-0.4808167344441373
-0.977581223222157
-1.078140666551228
-0.9656567438725631
-0.9499820588967365
-0.5848621684582271
-0.6854216117872982
-0.5729376891086331
-0.5572630041328065
-0.7305111441497462
-0.8310705874788172
-0.7185866648001522
-0.7029119798243256
-0.6527051870080188
-0.7532646303370897
-0.6407807076584247
-0.625106022682598
-1.0451028843111494
-1.1456623276402202
-1.0331784049615553
-1.0175037199857286
-0.6523838295472194
-0.7529432728762905
-0.6404593501976252
-0.6247846652217985
-0.7980328052387385
-0.8985922485678096
-0.7861083258891445
-0.7704336409133178
-0.720226848097011
-0.8207862914260822
-0.7083023687474169
-0.6926276837715902
-1.0490789343445037
-1.1496383776735748
-1.0371544549949097
-1.021479770019083
-0.6563598795805737
-0.7569193229096448
-0.6444354002309796
-0.6287607152551529
-0.802008855272093
-0.9025682986011639
-0.7900843759224988
-0.774409690946672
-0.7242028981303653
-0.8247623414594364
-0.7122784187807714
-0.6966037338049446
-0.8876468174893118
-0.9882062608183828
-0.8757223381397177
-0.8600476531638909
-0.4949277627253817
-0.5954872060544528
-0.48300328337578763
-0.4673285983999609
-0.640576738416901
-0.7411361817459721
-0.6286522590673069
-0.6129775740914801
-0.5627707812751733
-0.6633302246042445
-0.5508463019255793
-0.5351716169497526
-1.0319361057277725
-1.1324955490568436
-1.0200116263781784
-1.0043369414023517
-0.6392170509638425
-0.7397764942929135
-0.6272925716142483
-0.6116178866384218
-0.7848660266553616
-0.8854254699844327
-0.7729415473057675
-0.7572668623299409
-0.7070600695136341
-0.8076195128427052
-0.69513559016404
-0.6794609051882132
-1.1662183464596632
-1.2667777897887345
-1.1542938671100689
-1.1386191821342424
-0.7734992916957333
-0.8740587350248042
-0.7615748123461392
-0.7459001273703125
-0.9191482673872524
-1.0197077107163235
-0.9072237880376582
-0.8915491030618315
-0.8413423102455247
-0.9419017535745959
-0.8294178308959308
-0.8137431459201041
-1.1701943964930177
-1.2707538398220886
-1.1582699171434234
-1.142595232167597
-0.7774753417290876
-0.8780347850581587
-0.7655508623794935
-0.7498761774036667
-0.9231243174206067
-1.0236837607496778
-0.9111998380710127
-0.8955251530951861
-0.8453183602788793
-0.9458778036079504
-0.8333938809292851
-0.8177191959534584
-1.0087622796378257
-1.1093217229668968
-0.9968378002882315
-0.9811631153124049
-0.6160432248738957
-0.7166026682029667
-0.6041187455243016
-0.5884440605484749
-0.7616922005654148
-0.8622516438944858
-0.7497677212158207
-0.734093036239994
-0.6838862434236873
-0.7844456867527584
-0.6719617640740932
-0.6562870790982666
-1.1530515678762863
-1.2536110112053576
-1.1411270885266922
-1.1254524035508655
-0.7603325131123565
-0.8608919564414277
-0.7484080337627624
-0.7327333487869357
-0.9059814888038755
-1.0065409321329466
-0.8940570094542813
-0.8783823244784548
-0.8281755316621482
-0.928734974991219
-0.816251052312554
-0.8005763673367274
-1.3703382032342908
-1.4708976465633619
-1.3584137238846967
-1.3427390389088696
-0.9776191484703611
-1.0781785917994322
-0.965694669120767
-0.9500199841449403
-1.1232681241618803
-1.2238275674909513
-1.1113436448122862
-1.0956689598364595
-1.0454621670201527
-1.146021610349224
-1.0335376876705586
-1.017863002694732
-1.3743142532676451
-1.4748736965967162
-1.362389773918051
-1.3467150889422246
-0.9815951985037153
-1.0821546418327865
-0.9696707191541213
-0.9539960341782947
-1.1272441741952346
-1.2278036175243057
-1.1153196948456405
-1.0996450098698138
-1.049438217053507
-1.1499976603825781
-1.0375137377039132
-1.0218390527280863
-1.2128821364124536
-1.3134415797415244
-1.2009576570628593
-1.1852829720870324
-0.8201630816485235
-0.9207225249775947
-0.8082386022989294
-0.7925639173231026
-0.9658120573400426
-1.0663715006691137
-0.9538875779904485
-0.9382128930146217
-0.8880061001983152
-0.9885655435273862
-0.8760816208487211
-0.8604069358728944
-1.3571714246509141
-1.457730867979985
-1.3452469453013198
-1.3295722603254936
-0.9644523698869844
-1.0650118132160553
-0.9525278905373902
-0.9368532055615635
-1.1101013455785036
-1.2106607889075744
-1.0981768662289093
-1.0825021812530828
-1.032295388436776
-1.1328548317658471
-1.0203709090871818
-1.004696224111355
-0.9899498550630591
-1.0905092983921303
-0.9780253757134652
-0.9623506907376385
-0.5972308002991291
-0.6977902436282003
-0.5853063209495352
-0.5696316359737084
-0.7428797759906483
-0.8434392193197194
-0.7309552966410543
-0.7152806116652276
-0.6650738188489208
-0.7656332621779918
-0.6531493394993267
-0.6374746545235002
-0.9939259050964137
-1.0944853484254848
-0.9820014257468195
-0.9663267407709928
-0.6012068503324837
-0.7017662936615547
-0.5892823709828895
-0.5736076860070628
-0.7468558260240028
-0.8474152693530739
-0.7349313466744087
-0.7192566616985819
-0.6690498688822754
-0.7696093122113464
-0.6571253895326812
-0.6414507045568545
-0.8324937882412217
-0.9330532315702927
-0.8205693088916275
-0.8048946239158008
-0.4397747334772916
-0.5403341768063628
-0.42785025412769745
-0.4121755691518708
-0.5854237091688107
-0.6859831524978819
-0.5734992298192167
-0.55782454484339
-0.5076177520270833
-0.6081771953561546
-0.49569327267748914
-0.48001858770166245
-0.9767830764796824
-1.0773425198087536
-0.9648585971300883
-0.9491839121542617
-0.5840640217157524
-0.6846234650448235
-0.5721395423661583
-0.5564648573903316
-0.7297129974072716
-0.8302724407363427
-0.7177885180576774
-0.7021138330818507
-0.6519070402655441
-0.7524664835946151
-0.63998256091595
-0.6243078759401233
