-0.8693127368666358
-0.909802454117544
-0.8581832228070145
-0.8689821291456568
-0.3671227764474795
-0.4076124936983874
-0.35599326238785817
-0.3667921687265004
-0.37322700279946464
-0.41371672005037274
-0.3620974887398434
-0.37289639507848554
-0.6270882050595369
-0.6675779223104451
-0.6159586909999158
-0.6267575973385581
-1.1420490845271793
-1.1825388017780873
-1.130919570467558
-1.1417184768062003
-0.6398591241080229
-0.6803488413589311
-0.6287296100484017
-0.6395285163870439
-0.6459633504600082
-0.6864530677109164
-0.634833836400387
-0.6456327427390292
-0.8998245527200806
-0.9403142699709888
-0.8886950386604594
-0.8994939449991015
-0.8255388592892637
-0.866028576540172
-0.8144093452296427
-0.8252082515682848
-0.3233488988701075
-0.36383861612101553
-0.3122193848104862
-0.3230182911491284
-0.32945312522209275
-0.3699428424730008
-0.3183236111624715
-0.32912251750111365
-0.583314327482165
-0.6238040447330733
-0.5721848134225439
-0.5829837197611861
-0.8490810408814796
-0.8895707581323877
-0.8379515268218584
-0.8487504331605005
-0.3468910804623233
-0.3873807977132314
-0.33576156640270205
-0.3465604727413442
-0.35299530681430863
-0.39348502406521657
-0.3418657927546873
-0.35266469909332954
-0.6068565090743809
-0.6473462263252892
-0.5957269950147597
-0.6065259013534019
-1.0462113746217412
-1.0867010918726494
-1.03508186056212
-1.0458807669007621
-0.5440214142025848
-0.5845111314534929
-0.5328919001429636
-0.543690806481606
-0.5501256405545701
-0.5906153578054781
-0.5389961264949489
-0.5497950328335912
-0.8039868428146425
-0.8444765600655507
-0.7928573287550212
-0.8036562350936635
-1.318947722282285
-1.3594374395331927
-1.3078182082226637
-1.3186171145613061
-0.8167577618631283
-0.8572474791140365
-0.8056282478035073
-0.8164271541421493
-0.8228619882151136
-0.8633517054660217
-0.8117324741554924
-0.8225313804941347
-1.076723190475186
-1.1172129077260942
-1.065593676415565
-1.076392582754207
-1.0024374970443692
-1.0429272142952775
-0.9913079829847482
-1.0021068893233902
-0.5002475366252129
-0.5407372538761209
-0.4891180225655917
-0.49991692890423395
-0.5063517629771982
-0.5468414802281063
-0.495222248917577
-0.5060211552562192
-0.7602129652372706
-0.8007026824881787
-0.7490834511776494
-0.7598823575162916
-1.0259796786365851
-1.0664693958874931
-1.0148501645769639
-1.025649070915606
-0.5237897182174287
-0.5642794354683368
-0.5126602041578076
-0.5234591104964497
-0.529893944569414
-0.5703836618203222
-0.5187644305097927
-0.5295633368484349
-0.7837551468294863
-0.8242448640803944
-0.7726256327698651
-0.7834245391085073
-1.3098383089192773
-1.350328026170185
-1.298708794859656
-1.309507701198298
-0.8076483485001206
-0.8481380657510288
-0.7965188344404994
-0.8073177407791416
-0.813752574852106
-0.8542422921030142
-0.8026230607924848
-0.813421967131127
-1.0676137771121785
-1.1081034943630865
-1.0564842630525573
-1.0672831693911995
-1.5825746565798204
-1.6230643738307287
-1.5714451425201994
-1.5822440488588414
-1.0803846961606642
-1.1208744134115725
-1.0692551821010432
-1.0800540884396852
-1.0864889225126497
-1.1269786397635575
-1.0753594084530285
-1.0861583147916707
-1.3403501247727219
-1.3808398420236299
-1.3292206107131008
-1.340019517051743
-1.2660644313419052
-1.3065541485928134
-1.2549349172822841
-1.2657338236209261
-0.7638744709227488
-0.804364188173657
-0.7527449568631276
-0.7635438632017698
-0.7699786972747341
-0.8104684145256422
-0.7588491832151127
-0.769648089553755
-1.0238398995348066
-1.0643296167857146
-1.0127103854751853
-1.0235092918138275
-1.2896066129341208
-1.330096330185029
-1.2784770988744996
-1.289276005213142
-0.7874166525149645
-0.8279063697658727
-0.7762871384553434
-0.7870860447939855
-0.7935208788669498
-0.834010596117858
-0.7823913648073286
-0.7931902711459707
-1.0473820811270222
-1.0878717983779302
-1.036252567067401
-1.0470514734060432
-0.8348043602174268
-0.8752940774683347
-0.8236748461578055
-0.8344737524964477
-0.3326143997982703
-0.3731041170491783
-0.3214848857386491
-0.33228379207729125
-0.3387186261502555
-0.3792083434011636
-0.32758911209063435
-0.3383880184292765
-0.592579828410328
-0.633069545661236
-0.5814503143507068
-0.5922492206893489
-1.1075407078779704
-1.1480304251288784
-1.0964111938183492
-1.1072101001569914
-0.6053507474588139
-0.6458404647097221
-0.5942212333991926
-0.6050201397378349
-0.6114549738107992
-0.6519446910617073
-0.6003254597511779
-0.6111243660898201
-0.8653161760708716
-0.9058058933217796
-0.8541866620112504
-0.8649855683498926
-0.7910304826400547
-0.8315201998909629
-0.7799009685804335
-0.7906998749190757
-0.2888405222208984
-0.3293302394718064
-0.27771100816127714
-0.28850991449991936
-0.2949447485728836
-0.33543446582379166
-0.28381523451326246
-0.29461414085190457
-0.548805950832956
-0.5892956680838641
-0.537676436773335
-0.5484753431119771
-0.8145726642322704
-0.8550623814831785
-0.8034431501726491
-0.8142420565112916
-0.31238270381311417
-0.3528724210640222
-0.3012531897534929
-0.3120520960921351
-0.31848693016509944
-0.3589766474160075
-0.30735741610547823
-0.31815632244412034
-0.5723481324251718
-0.6128378496760798
-0.5612186183655506
-0.5720175247041929
-0.9715472691169414
-1.0120369863678496
-0.9604177550573202
-0.9712166613959624
-0.469357308697785
-0.5098470259486931
-0.45822779463816377
-0.46902670097680593
-0.4754615350497703
-0.5159512523006783
-0.46433202099014903
-0.47513092732879125
-0.7293227373098427
-0.7698124545607509
-0.7181932232502214
-0.7289921295888637
-1.244283616777485
-1.2847733340283929
-1.2331541027178639
-1.2439530090565059
-0.7420936563583286
-0.7825833736092367
-0.7309641422987074
-0.7417630486373495
-0.7481978827103137
-0.788687599961222
-0.7370683686506927
-0.7478672749893349
-1.0020590849703863
-1.0425488022212945
-0.9909295709107651
-1.0017284772494073
-0.9277733915395694
-0.9682631087904776
-0.9166438774799482
-0.9274427838185904
-0.4255834311204131
-0.4660731483713212
-0.41445391706079193
-0.42525282339943404
-0.4316876574723984
-0.4721773747233065
-0.42055814341277714
-0.4313570497514193
-0.6855488597324707
-0.7260385769833789
-0.6744193456728494
-0.6852182520114917
-0.9513155731317852
-0.9918052903826934
-0.9401860590721641
-0.9509849654108062
-0.44912561271262885
-0.48961532996353696
-0.4379960986530077
-0.4487950049916499
-0.4552298390646142
-0.4957195563155222
-0.4441003250049929
-0.4548992313436351
-0.7090910413246866
-0.7495807585755947
-0.6979615272650653
-0.7087604336037076
-1.1484459068720472
-1.1889356241229552
-1.137316392812426
-1.1481152991510681
-0.6462559464528904
-0.6867456637037985
-0.6351264323932692
-0.6459253387319114
-0.6523601728048757
-0.6928498900557838
-0.6412306587452544
-0.6520295650838966
-0.9062213750649482
-0.9467110923158563
-0.8950918610053269
-0.9058907673439691
-1.4211822545325903
-1.4616719717834987
-1.4100527404729692
-1.4208516468116117
-0.918992294113434
-0.9594820113643422
-0.9078627800538129
-0.9186616863924548
-0.9250965204654193
-0.9655862377163273
-0.9139670064057981
-0.9247659127444402
-1.1789577227254917
-1.2194474399763997
-1.1678282086658704
-1.1786271150045127
-1.1046720292946748
-1.145161746545583
-1.0935425152350537
-1.104341421573696
-0.6024820688755186
-0.6429717861264266
-0.5913525548158974
-0.6021514611545395
-0.6085862952275038
-0.6490760124784118
-0.5974567811678827
-0.6082556875065248
-0.8624474974875761
-0.9029372147384843
-0.8513179834279551
-0.8621168897665971
-1.128214210886891
-1.1687039281377987
-1.1170846968272696
-1.1278836031659116
-0.6260242504677344
-0.6665139677186425
-0.6148947364081132
-0.6256936427467553
-0.6321284768197195
-0.6726181940706277
-0.6209989627600984
-0.6317978690987406
-0.8859896790797919
-0.9264793963307
-0.8748601650201706
-0.8856590713588128
-1.4120728411695826
-1.452562558420491
-1.4009433271099614
-1.4117422334486038
-0.9098828807504263
-0.9503725980013346
-0.8987533666908051
-0.9095522730294473
-0.9159871071024116
-0.9564768243533197
-0.9048575930427903
-0.9156564993814326
-1.1698483093624843
-1.210338026613392
-1.158718795302863
-1.1695177016415053
-1.6848091888301262
-1.7252989060810342
-1.6736796747705052
-1.6844785811091472
-1.18261922841097
-1.223108945661878
-1.171489714351349
-1.182288620689991
-1.1887234547629553
-1.2292131720138633
-1.177593940703334
-1.188392847041976
-1.4425846570230274
-1.4830743742739356
-1.4314551429634064
-1.4422540493020484
-1.368298963592211
-1.408788680843119
-1.3571694495325899
-1.3679683558712317
-0.8661090031730545
-0.9065987204239626
-0.8549794891134332
-0.8657783954520754
-0.8722132295250397
-0.9127029467759478
-0.8610837154654185
-0.8718826218040606
-1.1260744317851121
-1.1665641490360201
-1.114944917725491
-1.125743824064133
-1.3918411451844264
-1.4323308624353346
-1.3807116311248053
-1.3915105374634473
-0.8896511847652702
-0.9301409020161784
-0.8785216707056489
-0.8893205770442911
-0.8957554111172553
-0.9362451283681636
-0.8846258970576343
-0.8954248033962764
-1.149616613377328
-1.1901063306282358
-1.1384870993177068
-1.149286005656349
-0.9370388924677322
-0.9775286097186403
-0.9259093784081112
-0.9367082847467532
-0.43484893204857594
-0.475338649299484
-0.4237194179889547
-0.43451832432759685
-0.4409531584005612
-0.4814428756514692
-0.42982364434093995
-0.4406225506795821
-0.6948143606606336
-0.7353040779115416
-0.6836848466010125
-0.6944837529396547
-1.209775240128276
-1.250264957379184
-1.1986457260686547
-1.209444632407297
-0.7075852797091194
-0.7480749969600275
-0.6964557656494983
-0.7072546719881405
-0.7136895060611047
-0.7541792233120129
-0.7025599920014837
-0.7133588983401257
-0.9675507083211773
-1.0080404255720852
-0.9564211942615558
-0.967220100600198
-0.8932650148903604
-0.9337547321412686
-0.8821355008307391
-0.8929344071693813
-0.39107505447120405
-0.43156477172211205
-0.37994554041158285
-0.39074444675022496
-0.39717928082318926
-0.43766899807409737
-0.38604976676356806
-0.39684867310221017
-0.6510404830832617
-0.6915302003341698
-0.6399109690236404
-0.6507098753622826
-0.916807196482576
-0.9572969137334842
-0.9056776824229548
-0.916476588761597
-0.4146172360634198
-0.4551069533143279
-0.40348772200379857
-0.4142866283424408
-0.4207214624154051
-0.46121117966631314
-0.40959194835578383
-0.420390854694426
-0.6745826646754772
-0.7150723819263854
-0.6634531506158561
-0.6742520569544983
-0.8975146260868172
-0.9380043433377253
-0.8863851120271959
-0.8971840183658382
-0.3953246656676608
-0.43581438291856883
-0.38419515160803946
-0.3949940579466817
-0.40142889201964604
-0.44191860927055415
-0.3902993779600248
-0.40109828429866695
-0.6552900942797185
-0.6957798115306265
-0.6441605802200973
-0.6549594865587395
-1.1702509737473608
-1.2107406909982688
-1.1591214596877395
-1.1699203660263817
-0.6680610133282043
-0.7085507305791126
-0.6569314992685832
-0.6677304056072253
-0.6741652396801896
-0.7146549569310977
-0.6630357256205685
-0.6738346319592107
-0.928026441940262
-0.9685161591911702
-0.9168969278806408
-0.927695834219283
-0.8537407485094451
-0.8942304657603534
-0.8426112344498241
-0.8534101407884662
-0.35155078809028883
-0.39204050534119694
-0.34042127403066763
-0.35122018036930985
-0.35765501444227416
-0.3981447316931822
-0.3465255003826529
-0.35732440672129506
-0.6115162167023466
-0.6520059339532547
-0.6003867026427253
-0.6111856089813675
-0.8772829301016609
-0.9177726473525691
-0.8661534160420399
-0.876952322380682
-0.3750929696825046
-0.4155826869334127
-0.36396345562288346
-0.3747623619615256
-0.3811971960344899
-0.421686913285398
-0.3700676819748688
-0.38086658831351083
-0.6350583982945623
-0.6755481155454706
-0.6239288842349412
-0.6347277905735833
-1.0744132638419226
-1.114902981092831
-1.0632837497823013
-1.0740826561209436
-0.5722233034227663
-0.6127130206736743
-0.5610937893631449
-0.5718926957017871
-0.5783275297747515
-0.6188172470256597
-0.5671980157151302
-0.5779969220537725
-0.8321887320348239
-0.8726784492857321
-0.8210592179752026
-0.8318581243138449
-1.3471496115024666
-1.3876393287533744
-1.3360200974428453
-1.3468190037814873
-0.8449596510833097
-0.885449368334218
-0.8338301370236887
-0.8446290433623306
-0.8510638774352951
-0.8915535946862031
-0.8399343633756738
-0.8507332697143161
-1.1049250796953674
-1.1454147969462756
-1.093795565635746
-1.1045944719743883
-1.0306393862645506
-1.0711291035154589
-1.0195098722049294
-1.0303087785435716
-0.5284494258453943
-0.5689391430963023
-0.5173199117857732
-0.5281188181244153
-0.5345536521973796
-0.5750433694482877
-0.5234241381377583
-0.5342230444764005
-0.7884148544574519
-0.8289045717083601
-0.7772853403978307
-0.7880842467364728
-1.0541815678567665
-1.0946712851076748
-1.0430520537971453
-1.0538509601357875
-0.5519916074376101
-0.5924813246885183
-0.5408620933779889
-0.5516609997166311
-0.5580958337895954
-0.5985855510405036
-0.5469663197299741
-0.5577652260686163
-0.8119570360496677
-0.8524467533005758
-0.8008275219900464
-0.8116264283286887
-1.3380401981394585
-1.3785299153903667
-1.3269106840798373
-1.3377095904184797
-0.8358502377203021
-0.8763399549712102
-0.8247207236606808
-0.835519629999323
-0.8419544640722874
-0.8824441813231955
-0.8308249500126661
-0.8416238563513083
-1.0958156663323597
-1.136305383583268
-1.0846861522727385
-1.0954850586113807
-1.6107765458000018
-1.65126626305091
-1.599647031740381
-1.610445938079023
-1.1085865853808456
-1.1490763026317539
-1.0974570713212244
-1.1082559776598666
-1.1146908117328311
-1.155180528983739
-1.1035612976732097
-1.1143602040118519
-1.3685520139929035
-1.4090417312438113
-1.3574224999332822
-1.3682214062719245
-1.2942663205620868
-1.3347560378129946
-1.2831368065024655
-1.2939357128411075
-0.7920763601429303
-0.8325660773938384
-0.780946846083309
-0.7917457524219511
-0.7981805864949154
-0.8386703037458235
-0.7870510724352943
-0.7978499787739364
-1.052041788754988
-1.0925315060058962
-1.0409122746953667
-1.0517111810340087
-1.3178085021543025
-1.3582982194052102
-1.3066789880946812
-1.3174778944333234
-0.8156185417351459
-0.8561082589860541
-0.8044890276755247
-0.8152879340141669
-0.8217227680871312
-0.8622124853380394
-0.8105932540275099
-0.8213921603661521
-1.0755839703472037
-1.1160736875981117
-1.0644544562875824
-1.0752533626262246
-0.8630062494376082
-0.9034959666885161
-0.8518767353779869
-0.8626756417166289
-0.3608162890184517
-0.40130600626935975
-0.3496867749588305
-0.3604856812974726
-0.366920515370437
-0.40741023262134496
-0.3557910013108157
-0.36658990764945787
-0.6207817176305094
-0.6612714348814176
-0.6096522035708882
-0.6204511099095303
-1.1357425970981518
-1.1762323143490598
-1.1246130830385306
-1.1354119893771728
-0.6335526366789953
-0.6740423539299034
-0.622423122619374
-0.6332220289580163
-0.6396568630309805
-0.6801465802818887
-0.6285273489713593
-0.6393262553100015
-0.893518065291053
-0.934007782541961
-0.8823885512314316
-0.8931874575700738
-0.8192323718602361
-0.8597220891111443
-0.8081028578006149
-0.8189017641392571
-0.3170424114410798
-0.3575321286919878
-0.30591289738145855
-0.3167118037201007
-0.3231466377930651
-0.3636363550439731
-0.3120171237334438
-0.3228160300720859
-0.5770078400531375
-0.6174975573040455
-0.5658783259935162
-0.5766772323321585
-0.8427745534524518
-0.88326427070336
-0.8316450393928305
-0.8424439457314727
-0.34058459303329564
-0.38107431028420363
-0.3294550789736743
-0.34025398531231654
-0.34668881938528084
-0.38717853663618895
-0.3355593053256596
-0.34635821166430175
-0.6005500216453533
-0.6410397388962612
-0.5894205075857321
-0.6002194139243743
-1.1231409339213898
-1.1636306511722978
-1.1120114198617688
-1.1228103262004108
-0.6209509735022334
-0.6614406907531415
-0.6098214594426121
-0.6206203657812543
-0.6270551998542186
-0.6675449171051268
-0.6159256857945974
-0.6267245921332396
-0.880916402114291
-0.9214061193651992
-0.8697868880546697
-0.8805857943933121
-1.3958772815819336
-1.4363669988328414
-1.384747767522312
-1.3955466738609543
-0.8936873211627769
-0.934177038413685
-0.8825578071031558
-0.893356713441798
-0.8997915475147622
-0.9402812647656703
-0.8886620334551409
-0.8994609397937832
-1.1536527497748348
-1.1941424670257426
-1.1425232357152135
-1.1533221420538555
-1.0793670563440179
-1.1198567735949259
-1.0682375422843966
-1.0790364486230388
-0.5771770959248614
-0.6176668131757697
-0.5660475818652402
-0.5768464882038824
-0.5832813222768467
-0.6237710395277548
-0.5721518082172256
-0.5829507145558677
-0.8371425245369191
-0.8776322417878273
-0.8260130104772979
-0.8368119168159399
-1.1029092379362335
-1.1433989551871415
-1.0917797238766123
-1.1025786302152545
-0.6007192775170772
-0.6412089947679854
-0.5895897634574561
-0.6003886697960983
-0.6068235038690625
-0.6473132211199707
-0.5956939898094412
-0.6064928961480834
-0.8606847061291348
-0.901174423380043
-0.8495551920695136
-0.8603540984081558
-1.3000395716764956
-1.3405292889274034
-1.2889100576168744
-1.2997089639555164
-0.7978496112573387
-0.8383393285082469
-0.7867200971977175
-0.7975190035363597
-0.8039538376093239
-0.8444435548602321
-0.7928243235497028
-0.803623229888345
-1.0578150398693964
-1.0983047571203044
-1.0466855258097751
-1.0574844321484174
-1.5727759193370388
-1.613265636587947
-1.5616464052774175
-1.57244531161606
-1.0705859589178823
-1.1110756761687905
-1.059456444858261
-1.0702553511969033
-1.0766901852698676
-1.1171799025207756
-1.0655606712102463
-1.0763595775488886
-1.33055138752994
-1.3710411047808482
-1.3194218734703187
-1.3302207798089611
-1.2562656940991233
-1.2967554113500315
-1.2451361800395024
-1.2559350863781444
-0.7540757336799668
-0.794565450930875
-0.7429462196203456
-0.7537451259589878
-0.760179960031952
-0.8006696772828602
-0.749050445972331
-0.759849352310973
-1.0140411622920245
-1.0545308795429327
-1.0029116482324032
-1.0137105545710454
-1.2798078756913391
-1.3202975929422474
-1.2686783616317179
-1.2794772679703603
-0.7776179152721826
-0.8181076325230907
-0.7664884012125613
-0.7772873075512036
-0.7837221416241678
-0.824211858875076
-0.7725926275645466
-0.7833915339031887
-1.0375833438842403
-1.0780730611351481
-1.026453829824619
-1.0372527361632613
-1.563666505974031
-1.6041562232249393
-1.5525369919144096
-1.563335898253052
-1.0614765455548747
-1.1019662628057827
-1.0503470314952534
-1.0611459378338957
-1.06758077190686
-1.1080704891577682
-1.0564512578472387
-1.067250164185881
-1.3214419741669323
-1.3619316914178405
-1.3103124601073115
-1.3211113664459535
-1.8364028536345747
-1.8768925708854824
-1.8252733395749534
-1.8360722459135956
-1.3342128932154185
-1.3747026104663262
-1.3230833791557972
-1.3338822854944394
-1.3403171195674035
-1.3808068368183117
-1.3291876055077825
-1.3399865118464247
-1.5941783218274759
-1.6346680390783839
-1.5830488077678548
-1.5938477141064966
-1.5198926283966592
-1.5603823456475672
-1.5087631143370381
-1.51956202067568
-1.0177026679775028
-1.058192385228411
-1.0065731539178815
-1.0173720602565237
-1.023806894329488
-1.0642966115803962
-1.0126773802698668
-1.023476286608509
-1.2776680965895606
-1.3181578138404684
-1.2665385825299393
-1.2773374888685816
-1.5434348099888748
-1.583924527239783
-1.5323052959292538
-1.5431042022678958
-1.0412448495697184
-1.0817345668206266
-1.0301153355100974
-1.0409142418487396
-1.047349075921704
-1.087838793172612
-1.0362195618620826
-1.0470184682007249
-1.3012102781817763
-1.3416999954326843
-1.290080764122155
-1.3008796704607972
-1.0886325572721807
-1.1291222745230889
-1.0775030432125594
-1.0883019495512016
-0.5864425968530241
-0.6269323141039324
-0.575313082793403
-0.5861119891320451
-0.5925468232050093
-0.6330365404559175
-0.5814173091453884
-0.5922162154840306
-0.846408025465082
-0.8868977427159901
-0.8352785114054607
-0.8460774177441029
-1.3613689049327244
-1.4018586221836322
-1.3502393908731032
-1.3610382972117454
-0.8591789445135678
-0.899668661764476
-0.8480494304539465
-0.8588483367925888
-0.8652831708655532
-0.9057728881164612
-0.8541536568059318
-0.8649525631445739
-1.1191443731256256
-1.1596340903765336
-1.1080148590660042
-1.1188137654046466
-1.0448586796948087
-1.0853483969457167
-1.0337291656351877
-1.0445280719738297
-0.5426687192756524
-0.5831584365265603
-0.531539205216031
-0.5423381115546733
-0.5487729456276377
-0.5892626628785458
-0.5376434315680163
-0.5484423379066585
-0.8026341478877099
-0.8431238651386181
-0.7915046338280889
-0.8023035401667309
-1.0684008612870242
-1.1088905785379326
-1.0572713472274033
-1.0680702535660453
-0.5662109008678681
-0.6067006181187762
-0.5550813868082469
-0.5658802931468891
-0.5723151272198534
-0.6128048444707613
-0.5611856131602321
-0.5719845194988743
-0.8261763294799256
-0.866666046730834
-0.8150468154203045
-0.8258457217589468
