-0.9334938802974118
-0.8725124979589629
-0.9046292788425441
-0.8490570645764296
-0.7609870839214622
-0.7000057015830133
-0.7321224824665946
-0.6765502682004801
-0.7349147101504367
-0.6739333278119879
-0.7060501086955692
-0.6504778944294548
-0.9411106016970879
-0.8801292193586391
-0.9122460002422201
-0.8566737859761058
-1.0200152623019674
-0.9590338799635185
-0.9911506608470996
-0.9355784465809852
-0.8475084659260178
-0.786527083587569
-0.8186438644711502
-0.7630716502050359
-0.8214360921549922
-0.7604547098165436
-0.7925714907001247
-0.7369992764340102
-1.0276319837016434
-0.9666506013631947
-0.9987673822467757
-0.9431951679806614
-1.1135857224490964
-1.052604340110648
-1.084721120994229
-1.0291489067281145
-0.9410789260731472
-0.8800975437346984
-0.9122143246182796
-0.8566421103521652
-0.9150065523021217
-0.854025169963673
-0.886141950847254
-0.8305697365811396
-1.1212024438487727
-1.060221061510324
-1.0923378423939052
-1.0367656281277908
-1.1286332782247752
-1.0676518958863261
-1.0997686767699075
-1.0441964625037932
-0.9561264818488256
-0.8951450995103768
-0.9272618803939582
-0.8716896661278437
-0.9300541080778001
-0.8690727257393515
-0.9011895066229326
-0.8456172923568182
-1.1362499996244513
-1.0752686172860024
-1.1073853981695836
-1.0518131839034692
-0.9414681166072424
-0.8804867342687935
-0.9126035151523748
-0.8570313008862604
-0.7689613202312929
-0.7079799378928442
-0.7400967187764252
-0.6845245045103109
-0.7428889464602674
-0.6819075641218186
-0.7140243450053999
-0.6584521307392853
-0.9490848380069185
-0.8881034556684698
-0.920220236552051
-0.8646480222859366
-1.027989498611798
-0.9670081162733491
-0.9991248971569304
-0.943552682890816
-0.8554827022358484
-0.7945013198973997
-0.826618100780981
-0.7710458865148665
-0.829410328464823
-0.7684289461263742
-0.8005457270099555
-0.7449735127438409
-1.0356062200114742
-0.9746248376730252
-1.0067416185566065
-0.9511694042904921
-1.1215599587589271
-1.0605785764204785
-1.0926953573040596
-1.0371231430379453
-0.9490531623829778
-0.8880717800445289
-0.9201885609281103
-0.8646163466619956
-0.9229807886119523
-0.8619994062735036
-0.8941161871570849
-0.8385439728909704
-1.1291766801586036
-1.0681952978201545
-1.100312078703736
-1.0447398644376213
-1.136607514534606
-1.0756261321961569
-1.1077429130797383
-1.052170698813624
-0.9641007181586563
-0.9031193358202076
-0.9352361167037888
-0.8796639024376743
-0.9380283443876308
-0.8770469620491821
-0.9091637429327634
-0.8535915286666488
-1.144224235934282
-1.0832428535958332
-1.1153596344794143
-1.0597874202133
-1.0871361606158463
-1.0261547782773974
-1.0582715591609788
-1.0026993448948642
-0.9146293642398968
-0.8536479819014481
-0.8857647627850294
-0.8301925485189148
-0.8885569904688714
-0.8275756081304226
-0.8596923890140038
-0.8041201747478893
-1.0947528820155223
-1.0337714996770737
-1.0658882805606549
-1.0103160662945403
-1.173657542620402
-1.112676160281953
-1.1447929411655342
-1.0892207268994198
-1.0011507462444524
-0.9401693639060036
-0.9722861447895849
-0.9167139305234703
-0.9750783724734269
-0.914096990134978
-0.9462137710185594
-0.8906415567524449
-1.1812742640200782
-1.120292881681629
-1.1524096625652107
-1.096837448299096
-1.267228002767531
-1.2062466204290823
-1.2383634013126634
-1.1827911870465493
-1.0947212063915819
-1.033739824053133
-1.0658566049367142
-1.0102843906705996
-1.0686488326205563
-1.0076674502821075
-1.0397842311656886
-0.9842120168995743
-1.2748447241672072
-1.2138633418287583
-1.2459801227123397
-1.1904079084462253
-1.2822755585432097
-1.2212941762047609
-1.2534109570883423
-1.1978387428222277
-1.1097687621672603
-1.0487873798288114
-1.0809041607123928
-1.0253319464462782
-1.0836963883962347
-1.022715006057786
-1.0548317869413673
-0.9992595726752528
-1.289892279942886
-1.228910897604437
-1.2610276784880186
-1.2054554642219037
-0.768199186698181
-0.7072178043597321
-0.7393345852433134
-0.683762370977199
-0.5956923903222314
-0.5347110079837826
-0.5668277888673638
-0.5112555746012493
-0.569620016551206
-0.508638634212757
-0.5407554150963383
-0.48518320083022387
-0.7758159080978572
-0.7148345257594085
-0.7469513066429896
-0.6913790923768752
-0.8547205687027366
-0.7937391863642878
-0.825855967247869
-0.7702837529817547
-0.682213772326787
-0.6212323899883382
-0.6533491708719196
-0.597776956605805
-0.6561413985557615
-0.5951600162173126
-0.627276797100894
-0.5717045828347794
-0.8623372901024128
-0.8013559077639639
-0.8334726886475452
-0.7779004743814306
-0.9482910288498659
-0.8873096465114171
-0.9194264273949985
-0.863854213128884
-0.7757842324739165
-0.7148028501354676
-0.7469196310190489
-0.6913474167529343
-0.7497118587028911
-0.6887304763644423
-0.7208472572480233
-0.6652750429819089
-0.9559077502495421
-0.8949263679110933
-0.9270431487946743
-0.87147093452856
-0.9633385846255444
-0.9023572022870956
-0.9344739831706769
-0.8789017689045625
-0.7908317882495949
-0.7298504059111462
-0.7619671867947274
-0.706394972528613
-0.7647594144785697
-0.7037780321401208
-0.7358948130237021
-0.6803225987575876
-0.9709553060252206
-0.9099739236867718
-0.942090704570353
-0.8865184903042387
-0.9749645491786624
-0.9139831668402135
-0.9460999477237949
-0.8905277334576803
-0.8024577528027129
-0.7414763704642641
-0.7735931513478455
-0.7180209370817308
-0.7763853790316874
-0.7154039966932385
-0.7475207775768199
-0.6919485633107053
-0.9825812705783384
-0.9215998882398897
-0.953716669123471
-0.8981444548573564
-1.061485931183218
-1.0005045488447692
-1.0326213297283504
-0.9770491154622359
-0.8889791348072684
-0.8279977524688197
-0.860114533352401
-0.8045423190862864
-0.862906761036243
-0.8019253786977941
-0.8340421595813753
-0.7784699453152608
-1.0691026525828942
-1.0081212702444453
-1.0402380511280265
-0.984665836861912
-1.1550563913303473
-1.0940750089918985
-1.12619178987548
-1.0706195756093655
-0.9825495949543978
-0.921568212615949
-0.9536849934995303
-0.8981127792334157
-0.9564772211833723
-0.8954958388449235
-0.9276126197285047
-0.8720404054623903
-1.1626731127300234
-1.1016917303915748
-1.133808511275156
-1.0782362970090413
-1.170103947106026
-1.109122564767577
-1.1412393456511585
-1.085667131385044
-0.9975971507300764
-0.9366157683916275
-0.9687325492752088
-0.9131603350090942
-0.9715247769590508
-0.910543394620602
-0.9426601755041834
-0.8870879612380688
-1.1777206685057022
-1.1167392861672532
-1.1488560670508348
-1.09328385278472
-0.9829387854884931
-0.9219574031500443
-0.9540741840336255
-0.8985019697675111
-0.8104319891125437
-0.7494506067740949
-0.781567387657676
-0.7259951733915616
-0.7843596153415181
-0.7233782330030694
-0.7554950138866504
-0.699922799620536
-0.9905555068881692
-0.9295741245497204
-0.9616909054333015
-0.9061186911671871
-1.0694601674930486
-1.0084787851545998
-1.040595566038181
-0.9850233517720667
-0.8969533711170992
-0.8359719887786503
-0.8680887696622316
-0.8125165553961171
-0.8708809973460736
-0.8098996150076249
-0.842016395891206
-0.7864441816250917
-1.077076888892725
-1.016095506554276
-1.0482122874378572
-0.9926400731717427
-1.163030627640178
-1.1020492453017292
-1.1341660261853106
-1.078593811919196
-0.9905238312642285
-0.9295424489257796
-0.9616592298093608
-0.9060870155432464
-0.9644514574932029
-0.9034700751547542
-0.9355868560383355
-0.880014641772221
-1.1706473490398541
-1.1096659667014055
-1.1417827475849867
-1.086210533318872
-1.1780781834158567
-1.1170968010774078
-1.149213581960989
-1.0936413676948746
-1.005571387039907
-0.9445900047014583
-0.9767067855850394
-0.921134571318925
-0.9794990132688816
-0.9185176309304328
-0.9506344118140139
-0.8950621975478995
-1.185694904815533
-1.124713522477084
-1.156830303360665
-1.1012580890945507
-1.1286068294970972
-1.0676254471586482
-1.0997422280422298
-1.044170013776115
-0.9561000331211476
-0.8951186507826987
-0.9272354316662799
-0.8716632174001654
-0.930027659350122
-0.8690462770116733
-0.9011630578952545
-0.8455908436291399
-1.1362235508967733
-1.0752421685583244
-1.1073589494419056
-1.051786735175791
-1.2151282115016524
-1.1541468291632035
-1.1862636100467847
-1.1306913957806708
-1.0426214151257032
-0.9816400327872543
-1.0137568136708355
-0.958184599404721
-1.0165490413546776
-0.9555676590162288
-0.98768443989981
-0.9321122256336954
-1.2227449329013285
-1.1617635505628798
-1.193880331446461
-1.1383081171803469
-1.3086986716487816
-1.247717289310333
-1.2798340701939142
-1.2242618559277998
-1.1361918752728326
-1.0752104929343838
-1.107327273817965
-1.0517550595518503
-1.110119501501807
-1.0491381191633582
-1.0812549000469394
-1.0256826857808248
-1.316315393048458
-1.2553340107100088
-1.2874507915935902
-1.2318785773274759
-1.3237462274244607
-1.2627648450860116
-1.2948816259695932
-1.2393094117034786
-1.1512394310485112
-1.0902580487100622
-1.1223748295936435
-1.066802615327529
-1.1251670572774857
-1.0641856749390366
-1.096302455822618
-1.0407302415565034
-1.3313629488241365
-1.270381566485688
-1.302498347369269
-1.2469261331031547
-0.8096698555794316
-0.7486884732409828
-0.7808052541245641
-0.7252330398584498
-0.6371630592034822
-0.5761816768650333
-0.6082984577486145
-0.5527262434825001
-0.6110906854324566
-0.5501093030940077
-0.582226083977589
-0.5266538697114745
-0.8172865769791078
-0.7563051946406589
-0.7884219755242403
-0.732849761258126
-0.8961912375839873
-0.8352098552455385
-0.8673266361291195
-0.8117544218630052
-0.7236844412080378
-0.6627030588695889
-0.6948198397531703
-0.6392476254870556
-0.6976120674370122
-0.6366306850985634
-0.6687474659821447
-0.6131752517160302
-0.9038079589836634
-0.8428265766452145
-0.8749433575287957
-0.8193711432626813
-0.9897616977311167
-0.9287803153926678
-0.9608970962762491
-0.9053248820101345
-0.8172549013551671
-0.7562735190167182
-0.7883902999002996
-0.7328180856341849
-0.7911825275841415
-0.7302011452456927
-0.7623179261292741
-0.7067457118631595
-0.9973784191307928
-0.936397036792344
-0.968513817675925
-0.9129416034098107
-1.0048092535067952
-0.9438278711683463
-0.9759446520519276
-0.9203724377858132
-0.8323024571308456
-0.771321074792397
-0.8034378556759781
-0.7478656414098637
-0.80623008335982
-0.7452487010213714
-0.7773654819049526
-0.7217932676388382
-1.0124259749064712
-0.9514445925680224
-0.9835613734516035
-0.9279891591854894
-0.9749645491786624
-0.9139831668402135
-0.9460999477237949
-0.8905277334576803
-0.8024577528027129
-0.7414763704642641
-0.7735931513478455
-0.7180209370817308
-0.7763853790316874
-0.7154039966932385
-0.7475207775768199
-0.6919485633107053
-0.9825812705783384
-0.9215998882398897
-0.953716669123471
-0.8981444548573564
-1.061485931183218
-1.0005045488447692
-1.0326213297283504
-0.9770491154622359
-0.8889791348072684
-0.8279977524688197
-0.860114533352401
-0.8045423190862864
-0.862906761036243
-0.8019253786977941
-0.8340421595813753
-0.7784699453152608
-1.0691026525828942
-1.0081212702444453
-1.0402380511280265
-0.984665836861912
-1.1550563913303473
-1.0940750089918985
-1.12619178987548
-1.0706195756093655
-0.9825495949543978
-0.921568212615949
-0.9536849934995303
-0.8981127792334157
-0.9564772211833723
-0.8954958388449235
-0.9276126197285047
-0.8720404054623903
-1.1626731127300234
-1.1016917303915748
-1.133808511275156
-1.0782362970090413
-1.170103947106026
-1.109122564767577
-1.1412393456511585
-1.085667131385044
-0.9975971507300764
-0.9366157683916275
-0.9687325492752088
-0.9131603350090942
-0.9715247769590508
-0.910543394620602
-0.9426601755041834
-0.8870879612380688
-1.1777206685057022
-1.1167392861672532
-1.1488560670508348
-1.09328385278472
-0.9829387854884931
-0.9219574031500443
-0.9540741840336255
-0.8985019697675111
-0.8104319891125437
-0.7494506067740949
-0.781567387657676
-0.7259951733915616
-0.7843596153415181
-0.7233782330030694
-0.7554950138866504
-0.699922799620536
-0.9905555068881692
-0.9295741245497204
-0.9616909054333015
-0.9061186911671871
-1.0694601674930486
-1.0084787851545998
-1.040595566038181
-0.9850233517720667
-0.8969533711170992
-0.8359719887786503
-0.8680887696622316
-0.8125165553961171
-0.8708809973460736
-0.8098996150076249
-0.842016395891206
-0.7864441816250917
-1.077076888892725
-1.016095506554276
-1.0482122874378572
-0.9926400731717427
-1.163030627640178
-1.1020492453017292
-1.1341660261853106
-1.078593811919196
-0.9905238312642285
-0.9295424489257796
-0.9616592298093608
-0.9060870155432464
-0.9644514574932029
-0.9034700751547542
-0.9355868560383355
-0.880014641772221
-1.1706473490398541
-1.1096659667014055
-1.1417827475849867
-1.086210533318872
-1.1780781834158567
-1.1170968010774078
-1.149213581960989
-1.0936413676948746
-1.005571387039907
-0.9445900047014583
-0.9767067855850394
-0.921134571318925
-0.9794990132688816
-0.9185176309304328
-0.9506344118140139
-0.8950621975478995
-1.185694904815533
-1.124713522477084
-1.156830303360665
-1.1012580890945507
-1.1286068294970972
-1.0676254471586482
-1.0997422280422298
-1.044170013776115
-0.9561000331211476
-0.8951186507826987
-0.9272354316662799
-0.8716632174001654
-0.930027659350122
-0.8690462770116733
-0.9011630578952545
-0.8455908436291399
-1.1362235508967733
-1.0752421685583244
-1.1073589494419056
-1.051786735175791
-1.2151282115016524
-1.1541468291632035
-1.1862636100467847
-1.1306913957806708
-1.0426214151257032
-0.9816400327872543
-1.0137568136708355
-0.958184599404721
-1.0165490413546776
-0.9555676590162288
-0.98768443989981
-0.9321122256336954
-1.2227449329013285
-1.1617635505628798
-1.193880331446461
-1.1383081171803469
-1.3086986716487816
-1.247717289310333
-1.2798340701939142
-1.2242618559277998
-1.1361918752728326
-1.0752104929343838
-1.107327273817965
-1.0517550595518503
-1.110119501501807
-1.0491381191633582
-1.0812549000469394
-1.0256826857808248
-1.316315393048458
-1.2553340107100088
-1.2874507915935902
-1.2318785773274759
-1.3237462274244607
-1.2627648450860116
-1.2948816259695932
-1.2393094117034786
-1.1512394310485112
-1.0902580487100622
-1.1223748295936435
-1.066802615327529
-1.1251670572774857
-1.0641856749390366
-1.096302455822618
-1.0407302415565034
-1.3313629488241365
-1.270381566485688
-1.302498347369269
-1.2469261331031547
-0.8096698555794316
-0.7486884732409828
-0.7808052541245641
-0.7252330398584498
-0.6371630592034822
-0.5761816768650333
-0.6082984577486145
-0.5527262434825001
-0.6110906854324566
-0.5501093030940077
-0.582226083977589
-0.5266538697114745
-0.8172865769791078
-0.7563051946406589
-0.7884219755242403
-0.732849761258126
-0.8961912375839873
-0.8352098552455385
-0.8673266361291195
-0.8117544218630052
-0.7236844412080378
-0.6627030588695889
-0.6948198397531703
-0.6392476254870556
-0.6976120674370122
-0.6366306850985634
-0.6687474659821447
-0.6131752517160302
-0.9038079589836634
-0.8428265766452145
-0.8749433575287957
-0.8193711432626813
-0.9897616977311167
-0.9287803153926678
-0.9608970962762491
-0.9053248820101345
-0.8172549013551671
-0.7562735190167182
-0.7883902999002996
-0.7328180856341849
-0.7911825275841415
-0.7302011452456927
-0.7623179261292741
-0.7067457118631595
-0.9973784191307928
-0.936397036792344
-0.968513817675925
-0.9129416034098107
-1.0048092535067952
-0.9438278711683463
-0.9759446520519276
-0.9203724377858132
-0.8323024571308456
-0.771321074792397
-0.8034378556759781
-0.7478656414098637
-0.80623008335982
-0.7452487010213714
-0.7773654819049526
-0.7217932676388382
-1.0124259749064712
-0.9514445925680224
-0.9835613734516035
-0.9279891591854894
-1.0049696224192155
-0.9439882400807666
-0.9761050209643479
-0.9205328066982335
-0.8324628260432659
-0.7714814437048171
-0.8035982245883984
-0.748026010322284
-0.8063904522722406
-0.7454090699337917
-0.7775258508173729
-0.7219536365512585
-1.0125863438188916
-0.9516049614804428
-0.983721742364024
-0.9281495280979095
-1.091491004423771
-1.0305096220853223
-1.0626264029689034
-1.007054188702789
-0.9189842080478214
-0.8580028257093727
-0.8901196065929539
-0.8345473923268395
-0.8929118342767961
-0.8319304519383474
-0.8640472328219284
-0.808475018555814
-1.0991077258234472
-1.0381263434849983
-1.0702431243685795
-1.0146709101024651
-1.1850614645709003
-1.1240800822324515
-1.1561968631160329
-1.1006246488499185
-1.0125546681949509
-0.9515732858565021
-0.9836900667400832
-0.9281178524739688
-0.9864822944239254
-0.9255009120854767
-0.9576176929690579
-0.9020454787029434
-1.1926781859705764
-1.1316968036321275
-1.1638135845157087
-1.1082413702495943
-1.2001090203465787
-1.1391276380081299
-1.1712444188917113
-1.115672204625597
-1.0276022239706295
-0.9666208416321805
-0.9987376225157618
-0.9431654082496473
-1.001529850199604
-0.9405484678611552
-0.9726652487447364
-0.917093034478622
-1.207725741746255
-1.146744359407806
-1.1788611402913876
-1.1232889260252727
-1.0129438587290462
-0.9519624763905975
-0.9840792572741786
-0.9285070430080642
-0.8404370623530967
-0.7794556800146479
-0.8115724608982291
-0.7560002466321146
-0.8143646885820712
-0.7533833062436224
-0.7855000871272037
-0.7299278728610893
-1.0205605801287223
-0.9595791977902735
-0.9916959786738547
-0.9361237644077404
-1.0994652407336016
-1.038483858395153
-1.0706006392787342
-1.0150284250126198
-0.9269584443576522
-0.8659770620192034
-0.8980938429027847
-0.8425216286366702
-0.9008860705866268
-0.839904688248178
-0.8720214691317593
-0.8164492548656449
-1.107081962133278
-1.046100579794829
-1.07821736067841
-1.0226451464122956
-1.1930357008807309
-1.132054318542282
-1.1641710994258634
-1.1085988851597492
-1.0205289045047816
-0.9595475221663327
-0.991664303049914
-0.9360920887837995
-0.9944565307337562
-0.9334751483953074
-0.9655919292788886
-0.9100197150127741
-1.200652422280407
-1.1396710399419583
-1.1717878208255395
-1.1162156065594253
-1.2080832566564095
-1.1471018743179608
-1.179218655201542
-1.1236464409354276
-1.03557646028046
-0.9745950779420114
-1.0067118588255926
-0.9511396445594781
-1.0095040865094347
-0.9485227041709858
-0.9806394850545671
-0.9250672707884526
-1.2156999780560858
-1.1547185957176367
-1.1868353766012183
-1.1312631623351037
-1.15861190273765
-1.0976305203992012
-1.1297473012827826
-1.0741750870166682
-0.9861051063617006
-0.9251237240232518
-0.9572405049068331
-0.9016682906407186
-0.9600327325906751
-0.8990513502522265
-0.9311681311358075
-0.8755959168696932
-1.166228624137326
-1.1052472417988775
-1.1373640226824586
-1.081791808416344
-1.2451332847422052
-1.1841519024037566
-1.2162686832873377
-1.1606964690212236
-1.0726264883662562
-1.0116451060278073
-1.0437618869113885
-0.9881896726452741
-1.0465541145952306
-0.985572732256782
-1.0176895131403632
-0.9621172988742488
-1.2527500061418813
-1.1917686238034326
-1.2238854046870138
-1.1683131904208994
-1.3387037448893346
-1.2777223625508858
-1.3098391434344672
-1.2542669291683528
-1.1661969485133854
-1.1052155661749368
-1.137332347058518
-1.0817601327924034
-1.1401245747423598
-1.0791431924039112
-1.1112599732874924
-1.055687759021378
-1.3463204662890107
-1.2853390839505618
-1.3174558648341432
-1.2618836505680286
-1.3537513006650135
-1.2927699183265646
-1.324886699210146
-1.2693144849440314
-1.181244504289064
-1.120263121950615
-1.1523799028341963
-1.096807688568082
-1.1551721305180385
-1.0941907481795896
-1.126307529063171
-1.0707353147970564
-1.3613680220646893
-1.3003866397262407
-1.3325034206098219
-1.2769312063437075
-0.8396749288199847
-0.7786935464815361
-0.8108103273651172
-0.7552381130990028
-0.6671681324440352
-0.6061867501055865
-0.6383035309891677
-0.5827313167230532
-0.6410957586730099
-0.580114376334561
-0.6122311572181421
-0.5566589429520277
-0.8472916502196609
-0.7863102678812123
-0.8184270487647933
-0.762854834498679
-0.9261963108245403
-0.8652149284860915
-0.8973317093696729
-0.8417594951035584
-0.7536895144485908
-0.6927081321101419
-0.7248249129937233
-0.6692526987276087
-0.7276171406775656
-0.6666357583391167
-0.6987525392226978
-0.6431803249565834
-0.9338130322242165
-0.8728316498857679
-0.9049484307693489
-0.8493762165032346
-1.0197667709716698
-0.9587853886332208
-0.9909021695168022
-0.9353299552506875
-0.8472599745957202
-0.7862785922572714
-0.8183953731408526
-0.7628231588747381
-0.8211876008246949
-0.760206218486246
-0.7923229993698271
-0.7367507851037127
-1.0273834923713459
-0.966402110032897
-0.9985188909164784
-0.9429466766503637
-1.0348143267473482
-0.9738329444088996
-1.0059497252924807
-0.9503775110263663
-0.8623075303713986
-0.8013261480329501
-0.8334429289165312
-0.7778707146504168
-0.8362351566003734
-0.7752537742619245
-0.8073705551455056
-0.7517983408793912
-1.0424310481470243
-0.9814496658085757
-1.0135664466921568
-0.9579942324260424
