-1.0842583432568103
-1.3216761385216698
-1.2166911440215822
-1.082226266508018
-1.008366313735157
-1.2457841090000166
-1.1407991144999292
-1.0063342369863646
-0.8334556777003134
-1.0708734729651728
-0.9658884784650854
-0.8314236009515208
-1.007061903458124
-1.2444796987229834
-1.1394947042228958
-1.0050298267093316
-0.969281108258546
-1.2066989035234057
-1.101713909023318
-0.9672490315097536
-0.8933890787368929
-1.1308068740017525
-1.0258218795016647
-0.8913570019881002
-0.7184784427020491
-0.9558962379669087
-0.8509112434668211
-0.7164463659532567
-0.8920846684598599
-1.1295024637247193
-1.0245174692246317
-0.8900525917110672
-1.062517951579133
-1.2999357468439927
-1.1949507523439051
-1.0604858748303407
-0.9866259220574799
-1.2240437173223395
-1.119058722822252
-0.9845938453086875
-0.8117152860226364
-1.0491330812874957
-0.9441480867874084
-0.8096832092738439
-0.9853215117804469
-1.2227393070453063
-1.117754312545219
-0.9832894350316543
-0.751942806189448
-0.9893606014543074
-0.88437560695422
-0.7499107294406554
-0.6760507766677947
-0.9134685719326542
-0.8084835774325666
-0.6740186999190023
-0.5011401406329511
-0.7385579358978105
-0.633572941397723
-0.49910806388415846
-0.6747463663907617
-0.9121641616556212
-0.8071791671555336
-0.672714289641969
-1.0121047694479988
-1.249522564712858
-1.1445375702127705
-1.0100726926992063
-0.9362127399263456
-1.1736305351912049
-1.0686455406911175
-0.934180663177553
-0.761302103891502
-0.9987198991563614
-0.8937349046562739
-0.7592700271427095
-0.9349083296493125
-1.1723261249141719
-1.0673411304140845
-0.93287625290052
-0.8971275344497346
-1.1345453297145942
-1.0295603352145064
-0.8950954577009421
-0.8212355049280814
-1.0586533001929408
-0.9536683056928533
-0.8192034281792888
-0.6463248688932377
-0.8837426641580972
-0.7787576696580096
-0.6442927921444451
-0.8199310946510482
-1.0573488899159078
-0.9523638954158201
-0.8178990179022558
-0.9903643777703217
-1.227782173035181
-1.1227971785350936
-0.9883323010215291
-0.9144723482486684
-1.1518901435135278
-1.0469051490134402
-0.9124402714998758
-0.7395617122138248
-0.9769795074786842
-0.8719945129785969
-0.7375296354650323
-0.9131679379716354
-1.1505857332364948
-1.0456007387364072
-0.9111358612228427
-0.6797892323806365
-0.9172070276454958
-0.8122220331454084
-0.6777571556318438
-0.6038972028589831
-0.8413149981238426
-0.736330003623755
-0.6018651261101907
-0.42898656682413944
-0.6664043620889989
-0.5614193675889113
-0.42695449007534686
-0.6025927925819501
-0.8400105878468096
-0.735025593346722
-0.6005607158331575
-1.2228245917595508
-1.4602423870244103
-1.3552573925243228
-1.2207925150107584
-1.1469325622378976
-1.3843503575027571
-1.2793653630026696
-1.1449004854891054
-0.9720219262030542
-1.2094397214679136
-1.104454726967826
-0.9699898494542616
-1.1456281519608649
-1.383045947225724
-1.2780609527256364
-1.1435960752120722
-1.1078473567612868
-1.3452651520261463
-1.2402801575260585
-1.1058152800124943
-1.0319553272396336
-1.269373122504493
-1.1643881280044055
-1.029923250490841
-0.8570446912047898
-1.0944624864696493
-0.9894774919695618
-0.8550126144559973
-1.0306509169626004
-1.2680687122274599
-1.1630837177273723
-1.028618840213808
-1.201084200081874
-1.4385019953467333
-1.3335170008466457
-1.1990521233330815
-1.1251921705602208
-1.36260996582508
-1.2576249713249925
-1.1231600938114283
-0.950281534525377
-1.1876993297902365
-1.082714335290149
-0.9482494577765844
-1.1238877602831878
-1.361305555548047
-1.2563205610479595
-1.1218556835343951
-0.8905090546921883
-1.127926849957048
-1.0229418554569603
-0.888476977943396
-0.8146170251705355
-1.0520348204353946
-0.9470498259353074
-0.8125849484217428
-0.6397063891356917
-0.877124184400551
-0.7721391899004637
-0.6376743123868991
-0.8133126148935023
-1.0507304101583617
-0.9457454156582742
-0.8112805381447096
-0.8386812947737922
-1.0760990900386516
-0.971114095538564
-0.8366492180249996
-0.7627892652521389
-1.0002070605169984
-0.8952220660169108
-0.7607571885033463
-0.5878786292172952
-0.8252964244821547
-0.7203114299820671
-0.5858465524685027
-0.7614848549751058
-0.998902650239965
-0.8939176557398778
-0.7594527782263132
-0.7237040597755279
-0.9611218550403873
-0.8561368605402998
-0.7216719830267354
-0.6478120302538746
-0.8852298255187342
-0.7802448310186466
-0.6457799535050821
-0.47290139421903105
-0.7103191894838905
-0.6053341949838029
-0.47086931747023847
-0.6465076199768415
-0.8839254152417009
-0.7789404207416134
-0.644475543228049
-0.8169409030961149
-1.0543586983609745
-0.9493737038608869
-0.8149088263473223
-0.7410488735744618
-0.9784666688393211
-0.8734816743392337
-0.7390167968256692
-0.5661382375396182
-0.8035560328044776
-0.69857103830439
-0.5641061607908255
-0.7397444632974286
-0.9771622585622881
-0.8721772640622005
-0.7377123865486361
-0.5063657577064296
-0.7437835529712892
-0.6387985584712016
-0.5043336809576371
-0.43047372818477647
-0.6678915234496359
-0.5629065289495483
-0.4284416514359838
-0.2555630921499328
-0.4929808874147923
-0.38799589291470465
-0.2535310154011402
-0.4291693179077434
-0.6665871131726029
-0.5616021186725152
-0.4271372411589507
-1.1115438391042844
-1.3489616343691435
-1.2439766398690562
-1.1095117623554915
-1.0356518095826313
-1.2730696048474903
-1.168084610347403
-1.0336197328338386
-0.8607411735477875
-1.0981589688126467
-0.9931739743125595
-0.8587090967989949
-1.034347399305598
-1.2717651945704576
-1.16678020007037
-1.0323153225568054
-0.99656660410602
-1.2339843993708797
-1.128999404870792
-0.9945345273572275
-0.920674574584367
-1.1580923698492263
-1.0531073753491387
-0.9186424978355743
-0.7457639385495232
-0.9831817338143825
-0.8781967393142952
-0.7437318618007306
-0.9193701643073336
-1.1567879595721933
-1.0518029650721057
-0.9173380875585413
-1.0898034474266072
-1.327221242691467
-1.222236248191379
-1.0877713706778145
-1.013911417904954
-1.2513292131698137
-1.146344218669726
-1.0118793411561613
-0.8390007818701103
-1.0764185771349697
-0.9714335826348822
-0.8369687051213179
-1.0126070076279208
-1.2500248028927805
-1.145039808392693
-1.0105749308791283
-0.7792283020369218
-1.0166460973017815
-0.9116611028016938
-0.7771962252881293
-0.7033362725152688
-0.9407540677801283
-0.8357690732800407
-0.7013041957664761
-0.528425636480425
-0.7658434317452846
-0.660858437245197
-0.5263935597316325
-0.7020318622382358
-0.9394496575030951
-0.8344646630030075
-0.6999997854894431
-1.0393902652954727
-1.2768080605603322
-1.1718230660602444
-1.0373581885466803
-0.9634982357738195
-1.200916031038679
-1.0959310365385915
-0.9614661590250271
-0.788587599738976
-1.0260053950038355
-0.9210204005037479
-0.7865555229901833
-0.9621938254967864
-1.199611620761646
-1.0946266262615583
-0.960161748747994
-0.9244130302972084
-1.161830825562068
-1.0568458310619806
-0.922380953548416
-0.8485210007755554
-1.0859387960404148
-0.9809538015403273
-0.8464889240267629
-0.6736103647407118
-0.9110281600055713
-0.8060431655054837
-0.6715782879919191
-0.8472165904985223
-1.0846343857633818
-0.9796493912632942
-0.8451845137497298
-1.0176498736177957
-1.2550676688826552
-1.1500826743825676
-1.0156177968690032
-0.9417578440961425
-1.179175639361002
-1.0741906448609142
-0.9397257673473498
-0.7668472080612988
-1.0042650033261582
-0.8992800088260708
-0.7648151313125063
-0.9404534338191095
-1.1778712290839688
-1.0728862345838812
-0.9384213570703168
-0.7070747282281103
-0.9444925234929699
-0.8395075289928823
-0.7050426514793179
-0.6311826987064572
-0.8686004939713164
-0.7636154994712291
-0.6291506219576646
-0.4562720626716134
-0.693689857936473
-0.5887048634363853
-0.4542399859228209
-0.6298782884294242
-0.8672960836942835
-0.7623110891941961
-0.6278462116806316
-1.2501100876070252
-1.4875278828718845
-1.3825428883717967
-1.2480780108582323
-1.1742180580853718
-1.411635853350231
-1.3066508588501435
-1.1721859813365791
-0.999307422050528
-1.2367252173153875
-1.1317402228153
-0.9972753453017356
-1.1729136478083388
-1.4103314430731981
-1.3053464485731103
-1.1708815710595464
-1.1351328526087607
-1.3725506478736202
-1.2675656533735327
-1.1331007758599685
-1.0592408230871073
-1.2966586183519668
-1.1916736238518795
-1.057208746338315
-0.8843301870522638
-1.1217479823171235
-1.016762987817036
-0.8822981103034714
-1.0579364128100743
-1.2953542080749338
-1.1903692135748463
-1.055904336061282
-1.228369695929348
-1.4657874911942073
-1.3608024966941197
-1.2263376191805555
-1.1524776664076948
-1.389895461672554
-1.2849104671724665
-1.150445589658902
-0.9775670303728511
-1.2149848256377105
-1.1099998311376231
-0.9755349536240584
-1.1511732561306618
-1.3885910513955213
-1.2836060568954335
-1.149141179381869
-0.9177945505396624
-1.155212345804522
-1.0502273513044345
-0.9157624737908701
-0.8419025210180092
-1.0793203162828686
-0.9743353217827813
-0.8398704442692166
-0.6669918849831658
-0.904409680248025
-0.7994246857479375
-0.6649598082343732
-0.8405981107409762
-1.0780159060058354
-0.9730309115057483
-0.8385660339921837
-0.865966790621266
-1.1033845858861255
-0.998399591386038
-0.8639347138724734
-0.7900747610996128
-1.0274925563644723
-0.9225075618643849
-0.7880426843508203
-0.6151641250647693
-0.8525819203296287
-0.7475969258295411
-0.6131320483159768
-0.7887703508225797
-1.0261881460874391
-0.9212031515873516
-0.7867382740737873
-0.7509895556230018
-0.9884073508878614
-0.8834223563877738
-0.7489574788742092
-0.6750975261013487
-0.912515321366208
-0.8075303268661206
-0.6730654493525561
-0.500186890066505
-0.7376046853313645
-0.6326196908312769
-0.49815481331771244
-0.6737931158243154
-0.911210911089175
-0.8062259165890874
-0.671761039075523
-0.8442263989435889
-1.0816441942084483
-0.9766591997083609
-0.8421943221947964
-0.7683343694219357
-1.0057521646867953
-0.9007671701867077
-0.7663022926731433
-0.5934237333870922
-0.8308415286519517
-0.725856534151864
-0.5913916566382996
-0.7670299591449027
-1.004447754409762
-0.8994627599096746
-0.76499788239611
-0.5336512535539035
-0.771069048818763
-0.6660840543186757
-0.531619176805111
-0.4577592240322504
-0.69517701929711
-0.5901920247970222
-0.4557271472834578
-0.28284858799740675
-0.5202663832622663
-0.41528138876217874
-0.2808165112486142
-0.4564548137552173
-0.6938726090200766
-0.5888876145199892
-0.4544227370064247
-1.043812324537121
-1.28123011980198
-1.1762451253018926
-1.0417802477883282
-0.9679202950154677
-1.205338090280327
-1.1003530957802394
-0.9658882182666751
-0.793009658980624
-1.0304274542454832
-0.925442459745396
-0.7909775822318313
-0.9666158847384345
-1.2040336800032942
-1.0990486855032064
-0.9645838079896419
-0.9288350895388565
-1.1662528848037161
-1.0612678903036286
-0.9268030127900639
-0.8529430600172034
-1.090360855282063
-0.9853758607819751
-0.8509109832684109
-0.6780324239823597
-0.915450219247219
-0.8104652247471317
-0.6760003472335671
-0.8516386497401702
-1.08905644500503
-0.9840714505049422
-0.8496065729913779
-1.0220719328594436
-1.2594897281243034
-1.1545047336242156
-1.020039856110651
-0.9461799033377906
-1.1835976986026502
-1.0786127041025624
-0.9441478265889979
-0.7712692673029468
-1.0086870625678064
-0.9037020680677188
-0.7692371905541544
-0.9448754930607574
-1.182293288325617
-1.0773082938255294
-0.9428434163119649
-0.7114967874697584
-0.9489145827346179
-0.8439295882345303
-0.7094647107209657
-0.6356047579481052
-0.8730225532129647
-0.7680375587128772
-0.6335726811993126
-0.46069412191326153
-0.698111917178121
-0.5931269226780335
-0.4586620451644689
-0.6343003476710722
-0.8717181429359315
-0.766733148435844
-0.6322682709222797
-0.9716587507283093
-1.209076545993169
-1.104091551493081
-0.9696266739795167
-0.895766721206656
-1.1331845164715155
-1.0281995219714282
-0.8937346444578635
-0.7208560851718124
-0.9582738804366719
-0.8532888859365844
-0.7188240084230199
-0.8944623109296229
-1.1318801061944825
-1.026895111694395
-0.8924302341808305
-0.856681515730045
-1.0940993109949047
-0.9891143164948171
-0.8546494389812526
-0.7807894862083918
-1.0182072814732512
-0.9132222869731639
-0.7787574094595994
-0.6058788501735483
-0.8432966454384078
-0.7383116509383202
-0.6038467734247557
-0.7794850759313587
-1.0169028711962182
-0.9119178766961308
-0.7774529991825663
-0.949918359050632
-1.1873361543154917
-1.082351159815404
-0.9478862823018397
-0.874026329528979
-1.1114441247938385
-1.006459130293751
-0.8719942527801864
-0.6991156934941354
-0.9365334887589948
-0.8315484942589073
-0.6970836167453428
-0.872721919251946
-1.1101397145168053
-1.005154720016718
-0.8706898425031534
-0.6393432136609468
-0.8767610089258063
-0.7717760144257187
-0.6373111369121545
-0.5634511841392936
-0.800868979404153
-0.6958839849040657
-0.561419107390501
-0.38854054810444993
-0.6259583433693094
-0.5209733488692218
-0.38650847135565736
-0.5621467738622606
-0.79956456912712
-0.6945795746270327
-0.5601146971134681
-1.1823785730398617
-1.419796368304721
-1.3148113738046332
-1.1803464962910688
-1.1064865435182083
-1.3439043387830674
-1.23891934428298
-1.1044544667694156
-0.9315759074833646
-1.168993702748224
-1.0640087082481364
-0.929543830734572
-1.1051821332411753
-1.3425999285060348
-1.2376149340059468
-1.1031500564923828
-1.0674013380415974
-1.3048191333064567
-1.1998341388063691
-1.065369261292805
-0.9915093085199439
-1.2289271037848033
-1.123942109284716
-0.9894772317711514
-0.8165986724851003
-1.05401646774996
-0.9490314732498724
-0.8145665957363079
-0.9902048982429109
-1.2276226935077703
-1.1226376990076827
-0.9881728214941184
-1.1606381813621844
-1.398055976627044
-1.2930709821269561
-1.158606104613392
-1.0847461518405312
-1.3221639471053905
-1.217178952605303
-1.0827140750917388
-0.9098355158056876
-1.147253311070547
-1.0422683165704596
-0.907803439056895
-1.0834417415634983
-1.3208595368283578
-1.21587454232827
-1.0814096648147058
-0.8500630359724989
-1.0874808312373585
-0.9824958367372709
-0.8480309592237065
-0.7741710064508458
-1.0115888017157053
-0.9066038072156177
-0.7721389297020532
-0.5992603704160023
-0.8366781656808616
-0.731693171180774
-0.5972282936672096
-0.7728665961738128
-1.010284391438672
-0.9052993969385847
-0.7708345194250202
-0.7982352760541025
-1.035653071318962
-0.9306680768188744
-0.79620319930531
-0.7223432465324494
-0.9597610417973089
-0.8547760472972213
-0.7203111697836567
-0.5474326104976057
-0.7848504057624652
-0.6798654112623777
-0.5454005337488133
-0.7210388362554163
-0.9584566315202757
-0.8534716370201881
-0.7190067595066237
-0.6832580410558383
-0.9206758363206978
-0.8156908418206102
-0.6812259643070457
-0.6073660115341852
-0.8447838067990446
-0.7397988122989572
-0.6053339347853925
-0.4324553754993415
-0.669873170764201
-0.5648881762641135
-0.43042329875054897
-0.6060616012571519
-0.8434793965220115
-0.738494402021924
-0.6040295245083594
-0.7764948843764254
-1.0139126796412847
-0.9089276851411974
-0.7744628076276329
-0.7006028548547721
-0.9380206501196316
-0.8330356556195443
-0.6985707781059798
-0.5256922188199287
-0.7631100140847882
-0.6581250195847005
-0.5236601420711362
-0.6992984445777392
-0.9367162398425986
-0.8317312453425111
-0.6972663678289466
-0.46591973898674
-0.7033375342515995
-0.5983525397515123
-0.46388766223794753
-0.39002770946508686
-0.6274455047299464
-0.5224605102298587
-0.3879956327162943
-0.21511707343024328
-0.4525348686951027
-0.3475498741950152
-0.21308499668145067
-0.38872329918805376
-0.6261410944529132
-0.5211560999528257
-0.3866912224392612
-1.0530109734406068
-1.2904287687054663
-1.1854437742053787
-1.0509788966918143
-0.9771189439189537
-1.214536739183813
-1.1095517446837255
-0.9750868671701612
-0.8022083078841101
-1.0396261031489695
-0.9346411086488822
-0.8001762311353176
-0.9758145336419207
-1.2132323289067803
-1.1082473344066925
-0.973782456893128
-0.9380337384423425
-1.1754515337072022
-1.0704665392071147
-0.9360016616935501
-0.8621417089206893
-1.099559504185549
-0.9945745096854616
-0.860109632171897
-0.6872310728858458
-0.9246488681507051
-0.8196638736506178
-0.6851989961370533
-0.8608372986436563
-1.098255093908516
-0.9932700994084284
-0.858805221894864
-1.0312705817629297
-1.2686883770277895
-1.1637033825277017
-1.0292385050141373
-0.9553785522412764
-1.192796347506136
-1.0878113530060487
-0.9533464754924841
-0.780467916206433
-1.0178857114712925
-0.9129007169712049
-0.7784358394576406
-0.9540741419642434
-1.191491937229103
-1.0865069427290155
-0.9520420652154511
-0.7206954363732445
-0.958113231638104
-0.8531282371380164
-0.7186633596244519
-0.6448034068515914
-0.8822212021164507
-0.7772362076163634
-0.6427713301027987
-0.4698927708167477
-0.7073105660816071
-0.6023255715815196
-0.46786069406795505
-0.6434989965745584
-0.8809167918394177
-0.7759317973393302
-0.6414669198257658
-0.9808573996317954
-1.2182751948966548
-1.1132902003965672
-0.9788253228830028
-0.9049653701101422
-1.1423831653750016
-1.037398170874914
-0.9029332933613496
-0.7300547340752986
-0.9674725293401579
-0.8624875348400706
-0.728022657326506
-0.9036609598331091
-1.1410787550979686
-1.036093760597881
-0.9016288830843165
-0.8658801646335311
-1.1032979598983907
-0.9983129653983032
-0.8638480878847387
-0.7899881351118779
-1.0274059303767376
-0.9224209358766499
-0.7879560583630852
-0.6150774990770344
-0.8524952943418939
-0.7475102998418063
-0.6130454223282418
-0.788683724834845
-1.0261015200997043
-0.9211165255996169
-0.7866516480860523
-0.9591170079541183
-1.1965348032189778
-1.0915498087188902
-0.9570849312053257
-0.8832249784324652
-1.1206427736973243
-1.015657779197237
-0.8811929016836725
-0.7083143423976214
-0.9457321376624808
-0.8407471431623933
-0.7062822656488289
-0.881920568155432
-1.1193383634202914
-1.0143533689202038
-0.8798884914066395
-0.6485418625644329
-0.8859596578292925
-0.780974663329205
-0.6465097858156403
-0.5726498330427798
-0.8100676283076391
-0.7050826338075515
-0.5706177562939873
-0.39773919700793603
-0.6351569922727955
-0.5301719977727078
-0.39570712025914345
-0.5713454227657467
-0.8087632180306061
-0.7037782235305186
-0.5693133460169543
-1.1915772219433478
-1.4289950172082067
-1.3240100227081193
-1.189545145194555
-1.1156851924216946
-1.3531029876865537
-1.248117993186466
-1.113653115672902
-0.9407745563868507
-1.17819235165171
-1.0732073571516227
-0.9387424796380581
-1.1143807821446614
-1.351798577409521
-1.246813582909433
-1.112348705395869
-1.0765999869450833
-1.3140177822099426
-1.2090327877098552
-1.0745679101962906
-1.00070795742343
-1.2381257526882896
-1.1331407581882018
-0.9986758806746376
-0.8257973213885865
-1.063215116653446
-0.9582301221533585
-0.823765244639794
-0.999403547146397
-1.2368213424112566
-1.1318363479111688
-0.9973714703976044
-1.1698368302656705
-1.4072546255305298
-1.3022696310304422
-1.1678047535168783
-1.0939448007440176
-1.3313625960088766
-1.2263776015087893
-1.0919127239952249
-0.9190341647091737
-1.156451959974033
-1.0514669654739455
-0.9170020879603811
-1.0926403904669841
-1.3300581857318436
-1.225073191231756
-1.0906083137181917
-0.8592616848759851
-1.0966794801408446
-0.991694485640757
-0.8572296081271925
-0.7833696553543319
-1.0207874506191914
-0.9158024561191039
-0.7813375786055393
-0.6084590193194882
-0.8458768145843477
-0.7408918200842601
-0.6064269425706958
-0.7820652450772989
-1.0194830403421582
-0.9144980458420707
-0.7800331683285063
-0.8074339249575887
-1.044851720222448
-0.9398667257223606
-0.8054018482087961
-0.7315418954359355
-0.9689596907007948
-0.8639746962007074
-0.7295098186871429
-0.5566312594010918
-0.7940490546659513
-0.6890640601658637
-0.5545991826522993
-0.7302374851589024
-0.9676552804237618
-0.8626702859236742
-0.7282054084101098
-0.6924566899593245
-0.9298744852241839
-0.8248894907240965
-0.6904246132105318
-0.6165646604376712
-0.8539824557025306
-0.7489974612024431
-0.6145325836888788
-0.4416540244028277
-0.679071819667687
-0.5740868251675996
-0.439621947654035
-0.6152602501606381
-0.8526780454254976
-0.74769305092541
-0.6132281734118457
-0.7856935332799115
-1.023111328544771
-0.9181263340446836
-0.7836614565311191
-0.7098015037582583
-0.9472192990231177
-0.8422343045230303
-0.7077694270094658
-0.5348908677234149
-0.7723086629882742
-0.6673236684881867
-0.5328587909746222
-0.7084970934812254
-0.9459148887460846
-0.8409298942459972
-0.7064650167324327
-0.47511838789022615
-0.7125361831550857
-0.6075511886549981
-0.4730863111414337
-0.399226358368573
-0.6366441536334324
-0.5316591591333448
-0.39719428161978043
-0.2243157223337294
-0.4617335175985888
-0.35674852309850125
-0.2222836455849368
-0.39792194809153997
-0.6353397433563992
-0.5303547488563117
-0.39588987134274733
