-0.9236874738859717
-0.9475225776084104
-0.7686191210237382
-0.8349121488808717
-0.8541455723137987
-0.8779806760362374
-0.6990772194515652
-0.7653702473086987
-0.5723283273060533
-0.5961634310284919
-0.41725997444381996
-0.4835530023009535
-0.8760406163580112
-0.89987572008045
-0.7209722634957778
-0.7872652913529113
-1.11880481404302
-1.1426399177654585
-0.9637364611807866
-1.03002948903792
-1.049262912470847
-1.0730980161932855
-0.8941945596086136
-0.9604875874657471
-0.7674456674631016
-0.7912807711855403
-0.6123773146008683
-0.6786703424580016
-1.0711579565150597
-1.0949930602374982
-0.9160896036528262
-0.9823826315099597
-1.082902133186237
-1.1067372369086752
-0.9278337803240032
-0.9941268081811369
-1.0133602316140637
-1.0371953353365022
-0.8582918787518302
-0.9245849066089638
-0.7315429866063182
-0.7553780903287569
-0.576474633744085
-0.6427676616012182
-1.0352552756582765
-1.059090379380715
-0.8801869227960428
-0.9464799506531764
-1.0081197970205933
-1.031954900743032
-0.8530514441583599
-0.9193444720154934
-0.9385778954484203
-0.9624129991708588
-0.783509542586187
-0.8498025704433203
-0.6567606504406751
-0.6805957541631138
-0.5016922975784417
-0.5679853254355751
-0.9604729394926329
-0.9843080432150714
-0.8054045866303997
-0.8716976144875329
-0.8978748567534688
-0.9217099604759075
-0.7428065038912356
-0.8090995317483691
-0.8283329551812959
-0.8521680589037345
-0.6732646023190625
-0.739557630176196
-0.5465157101735503
-0.570350813895989
-0.39144735731131697
-0.45774038516845045
-0.8502279992255084
-0.8740631029479471
-0.6951596463632751
-0.7614526742204087
-1.0929921969105174
-1.1168273006329559
-0.9379238440482837
-1.0042168719054174
-1.0234502953383442
-1.0472853990607829
-0.8683819424761109
-0.9346749703332444
-0.7416330503305988
-0.7654681540530374
-0.5865646974683654
-0.6528577253254989
-1.0453453393825567
-1.0691804431049954
-0.8902769865203235
-0.9565700143774568
-1.057089516053734
-1.0809246197761726
-0.9020211631915004
-0.9683141910486341
-0.987547614481561
-1.0113827182039996
-0.8324792616193276
-0.8987722894764612
-0.7057303694738155
-0.7295654731962541
-0.5506620166115821
-0.6169550444687156
-1.0094426585257736
-1.033277762248212
-0.8543743056635402
-0.9206673335206735
-0.9823071798880906
-1.0061422836105292
-0.8272388270258572
-0.8935318548829907
-0.9127652783159176
-0.9366003820383562
-0.7576969254536842
-0.8239899533108177
-0.6309480333081721
-0.6547831370306109
-0.4758796804459387
-0.5421727083030722
-0.9346603223601301
-0.9584954260825688
-0.7795919694978968
-0.8458849973550303
-1.1548863360769952
-1.1787214397994341
-0.9998179832147618
-1.0661110110718957
-1.0853444345048224
-1.109179538227261
-0.9302760816425888
-0.9965691094997223
-0.8035271894970768
-0.8273622932195155
-0.6484588366348433
-0.714751864491977
-1.1072394785490347
-1.1310745822714736
-0.9521711256868014
-1.018464153543935
-1.3500036762340433
-1.3738387799564822
-1.1949353233718099
-1.2612283512289437
-1.2804617746618705
-1.3042968783843094
-1.125393421799637
-1.1916864496567707
-0.9986445296541252
-1.0224796333765638
-0.8435761767918917
-0.9098692046490252
-1.3023568187060832
-1.3261919224285217
-1.1472884658438498
-1.2135814937009832
-1.3141009953772602
-1.337936099099699
-1.1590326425150266
-1.2253256703721604
-1.2445590938050872
-1.2683941975275261
-1.0894907409428538
-1.1557837687999875
-0.9627418487973418
-0.9865769525197805
-0.8076734959351083
-0.8739665237922419
-1.2664541378492997
-1.2902892415717384
-1.1113857849870663
-1.1776788128442
-1.2393186592116165
-1.2631537629340557
-1.0842503063493834
-1.150543334206517
-1.169776757639444
-1.1936118613618827
-1.0147084047772106
-1.0810014326343442
-0.8879595126316985
-0.9117946163541372
-0.7328911597694652
-0.7991841876265987
-1.1916718016836565
-1.2155069054060952
-1.036603448821423
-1.1028964766785565
-0.720156303736095
-0.7439914074585336
-0.5650879508738617
-0.631380978730995
-0.650614402163922
-0.6744495058863607
-0.4955460493016885
-0.561839077158822
-0.36879715715617656
-0.3926322608786152
-0.21372880429394311
-0.2800218321510766
-0.6725094462081346
-0.6963445499305733
-0.5174410933459012
-0.5837341212030346
-0.9152736438931431
-0.939108747615582
-0.7602052910309098
-0.8264983188880434
-0.8457317423209704
-0.869566846043409
-0.6906633894587367
-0.7569564173158706
-0.5639144973132247
-0.5877496010356634
-0.4088461444509913
-0.47513917230812486
-0.8676267863651828
-0.8914618900876216
-0.7125584335029493
-0.7788514613600832
-0.8793709630363601
-0.9032060667587987
-0.7243026101741264
-0.7905956380312602
-0.8098290614641871
-0.8336641651866257
-0.6547607086019535
-0.7210537364590872
-0.5280118164564416
-0.5518469201788802
-0.3729434635942081
-0.4392364914513417
-0.8317241055083997
-0.8555592092308383
-0.6766557526461661
-0.7429487805032998
-0.8045886268707166
-0.8284237305931552
-0.6495202740084832
-0.7158133018656169
-0.7350467252985436
-0.7588818290209822
-0.5799783724363102
-0.6462714002934438
-0.45322948029079835
-0.4770645840132369
-0.2981611274285648
-0.36445415528569836
-0.7569417693427563
-0.7807768730651948
-0.6018734164805226
-0.6681664443376564
-0.8637940280200034
-0.887629131742442
-0.7087256751577701
-0.7750187030149036
-0.7942521264478304
-0.818087230170269
-0.639183773585597
-0.7054768014427305
-0.5124348814400851
-0.5362699851625236
-0.35736652857785167
-0.42365955643498515
-0.816147170492043
-0.8399822742144816
-0.6610788176298096
-0.7273718454869431
-1.0589113681770517
-1.0827464718994904
-0.9038430153148184
-0.9701360431719517
-0.9893694666048787
-1.0132045703273174
-0.8343011137426454
-0.9005941415997787
-0.7075522215971334
-0.7313873253195721
-0.5524838687348999
-0.6187768965920334
-1.0112645106490912
-1.0350996143715299
-0.856196157786858
-0.9224891856439913
-1.0230086873202684
-1.046843791042707
-0.8679403344580351
-0.9342333623151686
-0.9534667857480953
-0.977301889470534
-0.7983984328858621
-0.8646914607429953
-0.6716495407403501
-0.6954846444627888
-0.5165811878781167
-0.5828742157352503
-0.9753618297923082
-0.9991969335147466
-0.8202934769300747
-0.8865865047872082
-0.9482263511546251
-0.9720614548770636
-0.7931579982923916
-0.8594510261495252
-0.8786844495824521
-0.9025195533048905
-0.7236160967202186
-0.7899091245773522
-0.5968672045747069
-0.6207023082971455
-0.44179885171247335
-0.5080918795696069
-0.9005794936266648
-0.9244145973491033
-0.7455111407644313
-0.8118041686215648
-0.8379814108875007
-0.8618165146099394
-0.6829130580252671
-0.7492060858824007
-0.7684395093153277
-0.7922746130377664
-0.6133711564530944
-0.6796641843102277
-0.4866222643075821
-0.5104573680300207
-0.33155391144534874
-0.3978469393024822
-0.7903345533595403
-0.814169657081979
-0.635266200497307
-0.7015592283544403
-1.0330987510445488
-1.0569338547669875
-0.8780303981823155
-0.9443234260394491
-0.963556849472376
-0.9873919531948147
-0.8084884966101424
-0.874781524467276
-0.6817396044646303
-0.7055747081870689
-0.526671251602397
-0.5929642794595306
-0.9854518935165885
-1.0092869972390273
-0.830383540654355
-0.8966765685114886
-0.9971960701877657
-1.021031173910204
-0.8421277173255322
-0.9084207451826657
-0.9276541686155927
-0.9514892723380314
-0.7725858157533592
-0.8388788436104927
-0.6458369236078472
-0.6696720273302856
-0.4907685707456137
-0.5570615986027471
-0.9495492126598053
-0.973384316382244
-0.7944808597975718
-0.8607738876547053
-0.9224137340221222
-0.9462488377445609
-0.7673453811598887
-0.8336384090170222
-0.8528718324499492
-0.8767069361723879
-0.6978034795877157
-0.7640965074448492
-0.5710545874422038
-0.5948896911646424
-0.4159862345799704
-0.48227926243710395
-0.8747668764941618
-0.8986019802166005
-0.7196985236319283
-0.7859915514890621
-1.094992890211027
-1.1188279939334655
-0.9399245373487937
-1.006217565205927
-1.025450988638854
-1.0492860923612928
-0.8703826357766206
-0.9366756636337541
-0.7436337436311085
-0.7674688473535473
-0.5885653907688752
-0.6548584186260087
-1.0473460326830666
-1.0711811364055055
-0.8922776798208332
-0.9585707076779667
-1.2901102303680754
-1.313945334090514
-1.135041877505842
-1.2013349053629754
-1.2205683287959024
-1.244403432518341
-1.065499975933669
-1.1317930037908026
-0.9387510837881569
-0.9625861875105954
-0.7836827309259234
-0.849975758783057
-1.2424633728401149
-1.2662984765625538
-1.0873950199778817
-1.153688047835015
-1.2542075495112919
-1.2780426532337303
-1.0991391966490585
-1.1654322245061919
-1.184665647939119
-1.2085007516615576
-1.0295972950768857
-1.0958903229340191
-0.9028484029313737
-0.9266835066538122
-0.7477800500691402
-0.8140730779262737
-1.2065606919833316
-1.2303957957057703
-1.0514923391210982
-1.1177853669782318
-1.1794252133456484
-1.2032603170680871
-1.0243568604834152
-1.0906498883405484
-1.1098833117734759
-1.1337184154959141
-0.9548149589112422
-1.0211079867683757
-0.8280660667657302
-0.8519011704881689
-0.6729977139034967
-0.7392907417606303
-1.1317783558176882
-1.1556134595401268
-0.9767100029554548
-1.0430030308125884
-0.6602628578701267
-0.6840979615925652
-0.5051945050078932
-0.5714875328650267
-0.5907209562979536
-0.6145560600203923
-0.43565260343572026
-0.5019456312928537
-0.30890371129020827
-0.3327388150126469
-0.15383535842797483
-0.22012838628510836
-0.6126160003421662
-0.6364511040646048
-0.4575476474799328
-0.5238406753370664
-0.855380198027175
-0.8792153017496138
-0.7003118451649416
-0.7666048730220751
-0.785838296455002
-0.8096734001774405
-0.6307699435927686
-0.6970629714499021
-0.5040210514472566
-0.5278561551696952
-0.34895269858502315
-0.4152457264421567
-0.8077333404992146
-0.8315684442216534
-0.6526649876369812
-0.7189580154941148
-0.8194775171703916
-0.8433126208928304
-0.6644091643081583
-0.7307021921652919
-0.7499356155982186
-0.7737707193206574
-0.5948672627359852
-0.6611602905931188
-0.46811837059047334
-0.49195347431291186
-0.3130500177282398
-0.3793430455853734
-0.7718306596424312
-0.79566576336487
-0.6167623067801978
-0.6830553346373314
-0.7446951810047483
-0.7685302847271871
-0.5896268281425149
-0.6559198559996486
-0.6751532794325752
-0.698988383155014
-0.5200849265703419
-0.5863779544274756
-0.39333603442483
-0.4171711381472686
-0.2382676815625965
-0.3045607094197301
-0.697048323476788
-0.7208834271992266
-0.5419799706145546
-0.6082729984716883
-0.9518893631061531
-0.9757244668285918
-0.7968210102439196
-0.8631140381010535
-0.8823474615339801
-0.9061825652564188
-0.7272791086717466
-0.7935721365288801
-0.6005302165262347
-0.6243653202486733
-0.44546186366400137
-0.5117548915211348
-0.9042425055781927
-0.9280776093006314
-0.7491741527159592
-0.8154671805730928
-1.1470067032632016
-1.1708418069856399
-0.991938350400968
-1.0582313782581017
-1.0774648016910284
-1.101299905413467
-0.922396448828795
-0.9886894766859285
-0.7956475566832829
-0.8194826604057217
-0.6405792038210497
-0.706872231678183
-1.099359845735241
-1.1231949494576796
-0.9442914928730076
-1.0105845207301412
-1.1111040224064184
-1.1349391261288566
-0.9560356695441847
-1.0223286974013182
-1.0415621208342452
-1.0653972245566836
-0.8864937679720116
-0.9527867958291452
-0.7597448758264996
-0.7835799795489383
-0.6046765229642664
-0.6709695508213998
-1.0634571648784579
-1.0872922686008963
-0.9083888120162242
-0.9746818398733578
-1.0363216862407747
-1.0601567899632134
-0.8812533333785415
-0.9475463612356748
-0.9667797846686017
-0.9906148883910404
-0.8117114318063682
-0.8780044596635018
-0.6849625396608564
-0.708797643383295
-0.529894186798623
-0.5961872146557565
-0.9886748287128143
-1.0125099324352531
-0.8336064758505809
-0.8998995037077144
-0.9260767459736503
-0.949911849696089
-0.771008393111417
-0.8373014209685503
-0.8565348444014773
-0.8803699481239159
-0.701466491539244
-0.7677595193963775
-0.5747175993937318
-0.5985527031161705
-0.4196492465314984
-0.48594227438863186
-0.8784298884456898
-0.9022649921681285
-0.7233615355834566
-0.7896545634405899
-1.1211940861306986
-1.1450291898531373
-0.9661257332684651
-1.0324187611255986
-1.0516521845585258
-1.0754872882809643
-0.8965838316962921
-0.9628768595534258
-0.7698349395507802
-0.7936700432732188
-0.6147665866885466
-0.6810596145456803
-1.073547228602738
-1.097382332325177
-0.9184788757405047
-0.9847719035976382
-1.0852914052739153
-1.109126508996354
-0.9302230524116818
-0.9965160802688153
-1.0157495037017423
-1.039584607424181
-0.8606811508395088
-0.9269741786966426
-0.7339322586939969
-0.7577673624164355
-0.5788639058317633
-0.645156933688897
-1.037644547745955
-1.0614796514683935
-0.8825761948837214
-0.948869222740855
-1.010509069108272
-1.0343441728307106
-0.8554407162460386
-0.9217337441031721
-0.940967167536099
-0.9648022712585376
-0.7858988146738656
-0.8521918425309991
-0.6591499225283535
-0.6829850262507923
-0.5040815696661202
-0.5703745975232535
-0.9628622115803116
-0.9866973153027502
-0.8077938587180782
-0.8740868865752117
-1.1830882252971766
-1.2069233290196155
-1.0280198724349432
-1.094312900292077
-1.1135463237250038
-1.1373814274474425
-0.9584779708627702
-1.0247709987199038
-0.8317290787172582
-0.8555641824396969
-0.6766607258550249
-0.7429537537121585
-1.1354413677692163
-1.159276471491655
-0.9803730149069828
-1.0466660427641163
-1.3782055654542247
-1.4020406691766636
-1.2231372125919913
-1.2894302404491251
-1.308663663882052
-1.3324987676044906
-1.1535953110198185
-1.2198883388769521
-1.0268464188743065
-1.050681522596745
-0.8717780660120731
-0.9380710938692066
-1.3305587079262646
-1.354393811648703
-1.1754903550640312
-1.2417833829211646
-1.3423028845974414
-1.3661379883198803
-1.187234531735208
-1.2535275595923419
-1.2727609830252686
-1.2965960867477073
-1.117692630163035
-1.1839856580201689
-0.9909437380175233
-1.0147788417399617
-0.8358753851552898
-0.9021684130124233
-1.2946560270694814
-1.3184911307919198
-1.1395876742072477
-1.2058807020643814
-1.2675205484317982
-1.291355652154237
-1.1124521955695648
-1.1787452234266982
-1.1979786468596252
-1.2218137505820639
-1.042910293997392
-1.1092033218545254
-0.9161614018518799
-0.9399965055743186
-0.7610930489896466
-0.8273860768467799
-1.219873690903838
-1.2437087946262764
-1.0648053380416045
-1.131098365898738
-0.7483581929562764
-0.7721932966787151
-0.5932898400940431
-0.6595828679511764
-0.6788162913841034
-0.7026513951065421
-0.5237479385218698
-0.5900409663790036
-0.39699904637635797
-0.42083415009879654
-0.24193069351412458
-0.308223721371258
-0.700711335428316
-0.7245464391507547
-0.5456429825660825
-0.611936010423216
-0.9434755331133247
-0.9673106368357635
-0.7884071802510912
-0.8547002081082248
-0.8739336315411518
-0.8977687352635904
-0.7188652786789181
-0.7851583065360518
-0.5921163865334063
-0.615951490255845
-0.43704803367117273
-0.5033410615283063
-0.8958286755853642
-0.919663779307803
-0.7407603227231309
-0.8070533505802644
-0.9075728522565415
-0.9314079559789801
-0.7525044993943079
-0.8187975272514414
-0.8380309506843685
-0.8618660544068071
-0.6829625978221349
-0.7492556256792686
-0.556213705676623
-0.5800488093990616
-0.40114535281438957
-0.46743838067152305
-0.8599259947285811
-0.8837610984510197
-0.7048576418663475
-0.7711506697234812
-0.832790516090898
-0.8566256198133366
-0.6777221632286647
-0.7440151910857983
-0.763248614518725
-0.7870837182411636
-0.6081802616564916
-0.6744732895136252
-0.4814313695109797
-0.5052664732334182
-0.32636301664874623
-0.39265604450587976
-0.7851436585629377
-0.8089787622853762
-0.6300753057007042
-0.6963683335578378
-1.0513604010260393
-1.075195504748478
-0.8962920481638058
-0.9625850760209396
-0.9818184994538662
-1.005653603176305
-0.8267501465916328
-0.8930431744487664
-0.7000012544461209
-0.7238363581685595
-0.5449329015838875
-0.611225929441021
-1.0037135434980788
-1.0275486472205175
-0.8486451906358454
-0.914938218492979
-1.2464777411830879
-1.2703128449055263
-1.0914093883208542
-1.1577024161779876
-1.1769358396109149
-1.200770943333353
-1.0218674867486812
-1.0881605146058146
-0.8951185946031691
-0.9189536983256078
-0.7400502417409356
-0.8063432695980691
-1.1988308836551274
-1.222665987377566
-1.0437625307928937
-1.1100555586500274
-1.2105750603263046
-1.234410164048743
-1.055506707464071
-1.1217997353212046
-1.1410331587541314
-1.1648682624765698
-0.9859648058918978
-1.0522578337490314
-0.8592159137463858
-0.8830510174688245
-0.7041475608841525
-0.7704405887412858
-1.162928202798344
-1.1867633065207823
-1.0078598499361104
-1.0741528777932439
-1.1357927241606611
-1.1596278278830996
-0.9807243712984276
-1.047017399155561
-1.066250822588488
-1.0900859263109266
-0.9111824697262546
-0.9774754975833879
-0.7844335775807424
-0.8082686813031811
-0.6293652247185091
-0.6956582525756426
-1.0881458666327004
-1.1119809703551389
-0.9330775137704672
-0.9993705416276005
-1.0255477838935365
-1.0493828876159752
-0.8704794310313031
-0.9367724588884364
-0.9560058823213636
-0.9798409860438021
-0.8009375294591301
-0.8672305573162636
-0.6741886373136181
-0.6980237410360566
-0.5191202844513845
-0.5854133123085181
-0.977900926365576
-1.0017360300880147
-0.8228325735033427
-0.8891256013604762
-1.2206651240505846
-1.2445002277730235
-1.0655967711883512
-1.131889799045485
-1.1511232224784118
-1.1749583262008505
-0.9960548696161785
-1.062347897473312
-0.8693059774706664
-0.893141081193105
-0.714237624608433
-0.7805306524655665
-1.1730182665226245
-1.196853370245063
-1.0179499136603911
-1.0842429415175243
-1.1847624431938015
-1.20859754691624
-1.029694090331568
-1.0959871181887015
-1.1152205416216285
-1.1390556453440672
-0.9601521887593951
-1.0264452166165288
-0.833403296613883
-0.8572384003363216
-0.6783349437516496
-0.7446279716087832
-1.1371155856658413
-1.1609506893882797
-0.9820472328036077
-1.048340260660741
-1.109980107028158
-1.1338152107505968
-0.9549117541659248
-1.0212047820230583
-1.040438205455985
-1.0642733091784238
-0.8853698525937517
-0.9516628804508852
-0.7586209604482396
-0.7824560641706785
-0.6035526075860063
-0.6698456354431398
-1.0623332495001978
-1.0861683532226363
-0.9072648966379643
-0.9735579244950979
-1.2825592632170628
-1.3063943669395015
-1.1274909103548294
-1.1937839382119628
-1.21301736164489
-1.2368524653673285
-1.0579490087826566
-1.12424203663979
-0.9312001166371444
-0.9550352203595831
-0.7761317637749109
-0.8424247916320446
-1.2349124056891023
-1.2587475094115412
-1.079844052826869
-1.1461370806840026
-1.477676603374111
-1.5015117070965498
-1.3226082505118775
-1.3889012783690111
-1.4081347018019381
-1.431969805524377
-1.2530663489397047
-1.3193593767968383
-1.126317456794193
-1.1501525605166314
-0.9712491039319592
-1.0375421317890927
-1.4300297458461506
-1.4538648495685893
-1.2749613929839172
-1.3412544208410508
-1.4417739225173278
-1.4656090262397663
-1.2867055696550942
-1.3529985975122278
-1.3722320209451548
-1.3960671246675935
-1.2171636680829212
-1.2834566959400553
-1.0904147759374092
-1.1142498796598481
-0.9353464230751759
-1.0016394509323094
-1.3941270649893671
-1.417962168711806
-1.2390587121271337
-1.3053517399842676
-1.3669915863516842
-1.390826690074123
-1.2119232334894507
-1.2782162613465846
-1.2974496847795116
-1.3212847885019499
-1.142381331917278
-1.2086743597744116
-1.015632439771766
-1.0394675434942047
-0.8605640869095327
-0.9268571147666662
-1.319344728823724
-1.3431798325461628
-1.1642763759614907
-1.2305694038186241
-0.8478292308761625
-0.8716643345986012
-0.6927608780139293
-0.7590539058710626
-0.7782873293039897
-0.8021224330264282
-0.6232189764417562
-0.6895120042988897
-0.4964700842962441
-0.5203051880186826
-0.3414017314340106
-0.4076947592911441
-0.8001823733482021
-0.8240174770706408
-0.6451140204859688
-0.7114070483431021
-1.0429465710332109
-1.0667816747556496
-0.8878782181709773
-0.9541712460281109
-0.973404669461038
-0.9972397731834766
-0.8183363165988043
-0.8846293444559381
-0.6915874244532924
-0.715422528175731
-0.5365190715910588
-0.6028120994481924
-0.9952997135052504
-1.019134817227689
-0.840231360643017
-0.9065243885001507
-1.0070438901764276
-1.0308789938988663
-0.8519755373141941
-0.9182685651713276
-0.9375019886042547
-0.9613370923266932
-0.7824336357420211
-0.8487266635991548
-0.6556847435965092
-0.6795198473189478
-0.5006163907342757
-0.5669094185914092
-0.9593970326484673
-0.9832321363709059
-0.8043286797862337
-0.8706217076433674
-0.9322615540107843
-0.9560966577332228
-0.7771932011485506
-0.8434862290056844
-0.8627196524386113
-0.8865547561610498
-0.7076512995763778
-0.7739443274335114
-0.5809024074308659
-0.6047375111533045
-0.4258340545686323
-0.49212708242576586
-0.8846146964828239
-0.9084498002052624
-0.7295463436205902
-0.795839371477724
