-0.9802666943047338
-1.0741221747451999
-0.8282831861731361
-0.891491369299634
-0.8094428368695764
-0.9032983173100427
-0.6574593287379787
-0.7206675118644764
-0.5076136963112593
-0.6014691767517257
-0.35563018817966174
-0.41883837130615936
-0.8313378809137889
-0.9251933613542553
-0.6793543727821914
-0.742562555908689
-1.2160773052716891
-1.3099327857121554
-1.0640937971400917
-1.1273019802665893
-1.0452534478365318
-1.139108928276998
-0.8932699397049342
-0.9564781228314317
-0.7434243072782146
-0.8372797877186812
-0.5914407991466172
-0.6546489822731147
-1.0671484918807443
-1.1610039723212107
-0.9151649837491468
-0.9783731668756445
-1.1099328478194859
-1.2037883282599524
-0.9579493396878884
-1.021157522814386
-0.9391089903843286
-1.032964470824795
-0.7871254822527309
-0.8503336653792287
-0.6372798498260116
-0.7311353302664778
-0.4852963416944141
-0.5485045248209116
-0.9610040344285412
-1.0548595148690076
-0.8090205262969438
-0.8722287094234413
-1.1215482438185274
-1.215403724258994
-0.96956473568693
-1.0327729188134276
-0.9507243863833702
-1.0445798668238366
-0.7987408782517726
-0.8619490613782703
-0.6488952458250533
-0.7427507262655196
-0.49691173769345565
-0.5601199208199532
-0.9726194304275828
-1.0664749108680494
-0.8206359222959853
-0.8838441054224829
-0.9618209025718542
-1.0556763830123206
-0.8098373944402566
-0.8730455775667543
-0.7909970451366968
-0.884852525577163
-0.6390135370050992
-0.7022217201315969
-0.4891679045783795
-0.5830233850188458
-0.3371843964467819
-0.4003925795732795
-0.8128920891809093
-0.9067475696213756
-0.6609085810493119
-0.7241167641758095
-1.1976315135388091
-1.291486993979276
-1.045648005407212
-1.1088561885337096
-1.026807656103652
-1.1206631365441182
-0.8748241479720547
-0.9380323310985521
-0.7249785155453349
-0.8188339959858014
-0.5729950074137373
-0.636203190540235
-1.0487027001478646
-1.1425581805883311
-0.8967191920162673
-0.9599273751427647
-1.0914870560866063
-1.1853425365270724
-0.9395035479550088
-1.0027117310815064
-0.920663198651449
-1.0145186790919154
-0.7686796905198514
-0.831887873646349
-0.6188340580931317
-0.7126895385335981
-0.46685054996153424
-0.5300587330880319
-0.9425582426956615
-1.036413723136128
-0.790574734564064
-0.8537829176905617
-1.1031024520856476
-1.1969579325261142
-0.9511189439540503
-1.0143271270805478
-0.9322785946504905
-1.0261340750909569
-0.7802950865188929
-0.8435032696453906
-0.6304494540921735
-0.7243049345326397
-0.4784659459605758
-0.5416741290870735
-0.9541736386947031
-1.0480291191351696
-0.8021901305631055
-0.8653983136896032
-1.2188323818953803
-1.3126878623358464
-1.0668488737637827
-1.1300570568902804
-1.048008524460223
-1.1418640049006894
-0.8960250163286255
-0.9592331994551232
-0.746179383901906
-0.8400348643423723
-0.5941958757703083
-0.6574040588968061
-1.0699035685044356
-1.163759048944902
-0.9179200603728381
-0.9811282434993358
-1.454642992862336
-1.5484984733028022
-1.3026594847307382
-1.3658676678572357
-1.283819135427178
-1.3776746158676447
-1.1318356272955807
-1.1950438104220784
-0.9819899948688614
-1.0758454753093278
-0.830006486737264
-0.8932146698637615
-1.305714179471391
-1.3995696599118572
-1.1537306713397935
-1.2169388544662914
-1.3484985354101324
-1.4423540158505985
-1.1965150272785345
-1.2597232104050324
-1.1776746779749752
-1.2715301584154415
-1.025691169843378
-1.0888993529698752
-0.8758455374166582
-0.9697010178571246
-0.7238620292850606
-0.7870702124115583
-1.1995697220191877
-1.293425202459654
-1.0475862138875902
-1.1107943970140879
-1.360113931409174
-1.4539694118496405
-1.2081304232775765
-1.2713386064040741
-1.1892900739740169
-1.283145554414483
-1.0373065658424194
-1.1005147489689169
-0.8874609334156996
-0.9813164138561662
-0.7354774252841022
-0.7986856084105998
-1.2111851180182291
-1.3050405984586957
-1.059201609886632
-1.1224097930131296
-0.8006160798312394
-0.8944715602717055
-0.6486325716996417
-0.7118407548261394
-0.6297922223960819
-0.7236477028365481
-0.4778087142644843
-0.5410168973909818
-0.3279630818377646
-0.421818562278231
-0.1759795737061671
-0.23918775683266472
-0.6516872664402944
-0.7455427468807607
-0.4997037583086969
-0.5629119414351944
-1.0364266907981947
-1.1302821712386608
-0.8844431826665972
-0.9476513657930947
-0.8656028333630374
-0.9594583138035035
-0.7136193252314398
-0.7768275083579375
-0.5637736928047201
-0.6576291732451865
-0.41179018467312256
-0.47499836779962007
-0.8874978774072498
-0.9813533578477162
-0.7355143692756524
-0.7987225524021498
-0.9302822333459915
-1.0241377137864578
-0.7782987252143941
-0.8415069083408915
-0.7594583759108341
-0.8533138563513005
-0.6074748677792368
-0.6706830509057341
-0.457629235352517
-0.5514847157929833
-0.30564572722091937
-0.368853910347417
-0.7813534199550467
-0.8752089003955131
-0.6293699118234494
-0.6925780949499468
-0.9418976293450328
-1.0357531097854993
-0.7899141212134354
-0.8531223043399331
-0.7710737719098756
-0.864929252350342
-0.619090263778278
-0.6822984469047757
-0.46924463135155864
-0.5631001117920249
-0.3172611232199609
-0.38046930634645854
-0.7929688159540882
-0.8868242963945546
-0.6409853078224906
-0.7041934909489883
-0.9395807012434417
-1.0334361816839082
-0.7875971931118442
-0.8508053762383417
-0.7687568438082845
-0.8626123242487508
-0.6167733356766868
-0.6799815188031845
-0.46692770324996735
-0.5607831836904337
-0.3149441951183698
-0.37815237824486736
-0.7906518878524972
-0.8845073682929634
-0.6386683797208996
-0.7018765628473973
-1.175391312210397
-1.2692467926508637
-1.0234078040787995
-1.0866159872052974
-1.00456745477524
-1.098422935215706
-0.8525839466436422
-0.9157921297701398
-0.7027383142169227
-0.7965937946573891
-0.5507548060853252
-0.6139629892118228
-1.0264624988194524
-1.1203179792599187
-0.8744789906878551
-0.9376871738143527
-1.069246854758194
-1.1631023351986605
-0.9172633466265965
-0.9804715297530942
-0.8984229973230367
-0.9922784777635031
-0.7464394891914392
-0.8096476723179368
-0.5965938567647197
-0.6904493372051859
-0.44461034863312204
-0.5078185317596197
-0.9203180413672493
-1.0141735218077157
-0.7683345332356518
-0.8315427163621494
-1.0808622507572354
-1.174717731197702
-0.9288787426256381
-0.9920869257521356
-0.9100383933220783
-1.0038938737625447
-0.7580548851904807
-0.8212630683169784
-0.6082092527637611
-0.7020647332042277
-0.4562257446321636
-0.5194339277586612
-0.9319334373662909
-1.0257889178067574
-0.7799499292346933
-0.843158112361191
-0.9211349095105621
-1.0149903899510284
-0.7691514013789646
-0.8323595845054623
-0.7503110520754048
-0.8441665325158713
-0.5983275439438073
-0.661535727070305
-0.4484819115170875
-0.5423373919575538
-0.2964984033854899
-0.35970658651198756
-0.7722060961196174
-0.8660615765600836
-0.6202225879880199
-0.6834307711145176
-1.1569455204775174
-1.2508010009179837
-1.00496201234592
-1.0681701954724176
-0.9861216630423602
-1.0799771434828263
-0.8341381549107627
-0.8973463380372604
-0.6842925224840429
-0.7781480029245095
-0.5323090143524454
-0.595517197478943
-1.0080167070865726
-1.101872187527039
-0.8560331989549753
-0.9192413820814728
-1.0508010630253144
-1.1446565434657805
-0.8988175548937167
-0.9620257380202144
-0.879977205590157
-0.9738326860306235
-0.7279936974585595
-0.791201880585057
-0.5781480650318399
-0.6720035454723061
-0.4261645569002422
-0.48937274002673975
-0.9018722496343696
-0.9957277300748361
-0.7498887415027721
-0.8130969246292696
-1.0624164590243559
-1.1562719394648222
-0.9104329508927583
-0.973641134019256
-0.8915926015891985
-0.9854480820296649
-0.739609093457601
-0.8028172765840986
-0.5897634610308814
-0.6836189414713477
-0.4377799528992838
-0.5009881360257814
-0.9134876456334111
-1.0073431260738777
-0.7615041375018136
-0.8247123206283112
-1.1781463888340882
-1.2720018692745545
-1.026162880702491
-1.0893710638289882
-1.0073225313989311
-1.1011780118393975
-0.8553390232673336
-0.9185472063938313
-0.705493390840614
-0.7993488712810802
-0.5535098827090164
-0.6167180658355141
-1.0292175754431439
-1.12307305588361
-0.8772340673115462
-0.9404422504380441
-1.4139569998010437
-1.5078124802415098
-1.261973491669446
-1.3251816747959435
-1.2431331423658862
-1.3369886228063526
-1.0911496342342888
-1.1543578173607867
-0.9413040018075695
-1.0351594822480357
-0.7893204936759719
-0.8525286768024696
-1.2650281864100992
-1.3588836668505655
-1.1130446782785015
-1.1762528614049992
-1.3078125423488405
-1.4016680227893068
-1.1558290342172426
-1.2190372173437405
-1.1369886849136832
-1.2308441653541495
-0.9850051767820859
-1.0482133599085832
-0.8351595443553662
-0.9290150247958326
-0.6831760362237687
-0.7463842193502663
-1.1588837289578957
-1.2527392093983623
-1.0069002208262985
-1.0701084039527957
-1.319427938347882
-1.4132834187883483
-1.1674444302162845
-1.2306526133427822
-1.148604080912725
-1.242459561353191
-0.9966205727811275
-1.0598287559076252
-0.8467749403544077
-0.9406304207948742
-0.6947914322228103
-0.7579996153493078
-1.1704991249569374
-1.2643546053974037
-1.0185156168253402
-1.0817237999518377
-0.7599300867699471
-0.8537855672104135
-0.6079465786383498
-0.6711547617648475
-0.5891062293347898
-0.6829617097752562
-0.4371227212031922
-0.5003309043296899
-0.2872770887764726
-0.38113256921693905
-0.13529358064487512
-0.1985017637713727
-0.6110012733790026
-0.7048567538194688
-0.4590177652474049
-0.5222259483739025
-0.9957406977369028
-1.0895961781773689
-0.8437571896053052
-0.9069653727318026
-0.8249168403017454
-0.9187723207422116
-0.6729333321701478
-0.7361415152966452
-0.5230876997434281
-0.6169431801838946
-0.3711041916118305
-0.43431237473832807
-0.8468118843459581
-0.9406673647864242
-0.6948283762143604
-0.7580365593408581
-0.8895962402846995
-0.9834517207251658
-0.7376127321531022
-0.8008209152795995
-0.7187723828495421
-0.8126278632900086
-0.5667888747179446
-0.6299970578444422
-0.416943242291225
-0.5107987227316912
-0.26495973415962737
-0.328167917286125
-0.7406674268937548
-0.8345229073342212
-0.5886839187621574
-0.6518921018886548
-0.9012116362837409
-0.9950671167242074
-0.7492281281521435
-0.8124363112786411
-0.7303877788485836
-0.8242432592890501
-0.5784042707169861
-0.6416124538434838
-0.4285586382902666
-0.5224141187307328
-0.27657513015866897
-0.3397833132851666
-0.7522828228927962
-0.8461383033332627
-0.6002993147611987
-0.6635074978876964
-0.9395807012434417
-1.0334361816839082
-0.7875971931118442
-0.8508053762383417
-0.7687568438082845
-0.8626123242487508
-0.6167733356766868
-0.6799815188031845
-0.46692770324996735
-0.5607831836904337
-0.3149441951183698
-0.37815237824486736
-0.7906518878524972
-0.8845073682929634
-0.6386683797208996
-0.7018765628473973
-1.175391312210397
-1.2692467926508637
-1.0234078040787995
-1.0866159872052974
-1.00456745477524
-1.098422935215706
-0.8525839466436422
-0.9157921297701398
-0.7027383142169227
-0.7965937946573891
-0.5507548060853252
-0.6139629892118228
-1.0264624988194524
-1.1203179792599187
-0.8744789906878551
-0.9376871738143527
-1.069246854758194
-1.1631023351986605
-0.9172633466265965
-0.9804715297530942
-0.8984229973230367
-0.9922784777635031
-0.7464394891914392
-0.8096476723179368
-0.5965938567647197
-0.6904493372051859
-0.44461034863312204
-0.5078185317596197
-0.9203180413672493
-1.0141735218077157
-0.7683345332356518
-0.8315427163621494
-1.0808622507572354
-1.174717731197702
-0.9288787426256381
-0.9920869257521356
-0.9100383933220783
-1.0038938737625447
-0.7580548851904807
-0.8212630683169784
-0.6082092527637611
-0.7020647332042277
-0.4562257446321636
-0.5194339277586612
-0.9319334373662909
-1.0257889178067574
-0.7799499292346933
-0.843158112361191
-0.9211349095105621
-1.0149903899510284
-0.7691514013789646
-0.8323595845054623
-0.7503110520754048
-0.8441665325158713
-0.5983275439438073
-0.661535727070305
-0.4484819115170875
-0.5423373919575538
-0.2964984033854899
-0.35970658651198756
-0.7722060961196174
-0.8660615765600836
-0.6202225879880199
-0.6834307711145176
-1.1569455204775174
-1.2508010009179837
-1.00496201234592
-1.0681701954724176
-0.9861216630423602
-1.0799771434828263
-0.8341381549107627
-0.8973463380372604
-0.6842925224840429
-0.7781480029245095
-0.5323090143524454
-0.595517197478943
-1.0080167070865726
-1.101872187527039
-0.8560331989549753
-0.9192413820814728
-1.0508010630253144
-1.1446565434657805
-0.8988175548937167
-0.9620257380202144
-0.879977205590157
-0.9738326860306235
-0.7279936974585595
-0.791201880585057
-0.5781480650318399
-0.6720035454723061
-0.4261645569002422
-0.48937274002673975
-0.9018722496343696
-0.9957277300748361
-0.7498887415027721
-0.8130969246292696
-1.0624164590243559
-1.1562719394648222
-0.9104329508927583
-0.973641134019256
-0.8915926015891985
-0.9854480820296649
-0.739609093457601
-0.8028172765840986
-0.5897634610308814
-0.6836189414713477
-0.4377799528992838
-0.5009881360257814
-0.9134876456334111
-1.0073431260738777
-0.7615041375018136
-0.8247123206283112
-1.1781463888340882
-1.2720018692745545
-1.026162880702491
-1.0893710638289882
-1.0073225313989311
-1.1011780118393975
-0.8553390232673336
-0.9185472063938313
-0.705493390840614
-0.7993488712810802
-0.5535098827090164
-0.6167180658355141
-1.0292175754431439
-1.12307305588361
-0.8772340673115462
-0.9404422504380441
-1.4139569998010437
-1.5078124802415098
-1.261973491669446
-1.3251816747959435
-1.2431331423658862
-1.3369886228063526
-1.0911496342342888
-1.1543578173607867
-0.9413040018075695
-1.0351594822480357
-0.7893204936759719
-0.8525286768024696
-1.2650281864100992
-1.3588836668505655
-1.1130446782785015
-1.1762528614049992
-1.3078125423488405
-1.4016680227893068
-1.1558290342172426
-1.2190372173437405
-1.1369886849136832
-1.2308441653541495
-0.9850051767820859
-1.0482133599085832
-0.8351595443553662
-0.9290150247958326
-0.6831760362237687
-0.7463842193502663
-1.1588837289578957
-1.2527392093983623
-1.0069002208262985
-1.0701084039527957
-1.319427938347882
-1.4132834187883483
-1.1674444302162845
-1.2306526133427822
-1.148604080912725
-1.242459561353191
-0.9966205727811275
-1.0598287559076252
-0.8467749403544077
-0.9406304207948742
-0.6947914322228103
-0.7579996153493078
-1.1704991249569374
-1.2643546053974037
-1.0185156168253402
-1.0817237999518377
-0.7599300867699471
-0.8537855672104135
-0.6079465786383498
-0.6711547617648475
-0.5891062293347898
-0.6829617097752562
-0.4371227212031922
-0.5003309043296899
-0.2872770887764726
-0.38113256921693905
-0.13529358064487512
-0.1985017637713727
-0.6110012733790026
-0.7048567538194688
-0.4590177652474049
-0.5222259483739025
-0.9957406977369028
-1.0895961781773689
-0.8437571896053052
-0.9069653727318026
-0.8249168403017454
-0.9187723207422116
-0.6729333321701478
-0.7361415152966452
-0.5230876997434281
-0.6169431801838946
-0.3711041916118305
-0.43431237473832807
-0.8468118843459581
-0.9406673647864242
-0.6948283762143604
-0.7580365593408581
-0.8895962402846995
-0.9834517207251658
-0.7376127321531022
-0.8008209152795995
-0.7187723828495421
-0.8126278632900086
-0.5667888747179446
-0.6299970578444422
-0.416943242291225
-0.5107987227316912
-0.26495973415962737
-0.328167917286125
-0.7406674268937548
-0.8345229073342212
-0.5886839187621574
-0.6518921018886548
-0.9012116362837409
-0.9950671167242074
-0.7492281281521435
-0.8124363112786411
-0.7303877788485836
-0.8242432592890501
-0.5784042707169861
-0.6416124538434838
-0.4285586382902666
-0.5224141187307328
-0.27657513015866897
-0.3397833132851666
-0.7522828228927962
-0.8461383033332627
-0.6002993147611987
-0.6635074978876964
-1.0135706056393468
-1.107426086079813
-0.8615870975077492
-0.9247952806342468
-0.8427467482041894
-0.9366022286446558
-0.6907632400725918
-0.7539714231990895
-0.5409176076458723
-0.6347730880863386
-0.3889340995142747
-0.45214228264077233
-0.864641792248402
-0.9584972726888684
-0.7126582841168044
-0.7758664672433021
-1.249381216606302
-1.3432366970467688
-1.0973977084747046
-1.1606058916012025
-1.0785573591711448
-1.1724128396116111
-0.9265738510395473
-0.9897820341660448
-0.7767282186128276
-0.8705836990532939
-0.6247447104812303
-0.6879528936077276
-1.1004524032153573
-1.1943078836558239
-0.9484688950837599
-1.0116770782102575
-1.143236759154099
-1.2370922395945654
-0.9912532510225013
-1.054461434148999
-0.9724129017189416
-1.066268382159408
-0.820429393587344
-0.8836375767138416
-0.6705837611606245
-0.7644392416010909
-0.518600253029027
-0.5818084361555246
-0.9943079457631543
-1.0881634262036206
-0.8423244376315566
-0.9055326207580542
-1.1548521551531405
-1.248707635593607
-1.002868647021543
-1.0660768301480408
-0.9840282977179833
-1.0778837781584494
-0.8320447895863855
-0.8952529727128834
-0.6821991571596662
-0.7760546376001325
-0.5302156490280686
-0.5934238321545664
-1.0059233417621958
-1.0997788222026623
-0.8539398336305981
-0.917148016757096
-0.995124813906467
-1.0889802943469333
-0.8431413057748697
-0.9063494889013671
-0.8243009564713097
-0.9181564369117761
-0.6723174483397123
-0.7355256314662098
-0.5224718159129924
-0.6163272963534588
-0.37048830778139485
-0.4336964909078925
-0.8461960005155224
-0.9400514809559887
-0.6942124923839247
-0.7574206755104224
-1.2309354248734226
-1.3247909053138889
-1.078951916741825
-1.1421600998683226
-1.060111567438265
-1.1539670478787314
-0.9081280593066677
-0.9713362424331652
-0.7582824268799478
-0.8521379073204142
-0.6062989187483503
-0.6695071018748481
-1.0820066114824778
-1.1758620919229443
-0.9300231033508803
-0.9932312864773778
-1.1247909674212193
-1.2186464478616859
-0.9728074592896218
-1.0360156424161195
-0.9539671099860619
-1.0478225904265284
-0.8019836018544645
-0.865191784980962
-0.6521379694277448
-0.7459934498682111
-0.5001544612961472
-0.5633626444226448
-0.9758621540302745
-1.069717634470741
-0.8238786458986771
-0.8870868290251744
-1.1364063634202608
-1.2302618438607271
-0.9844228552886631
-1.047631038415161
-0.9655825059851035
-1.05943798642557
-0.8135989978535058
-0.8768071809800037
-0.6637533654267862
-0.7576088458672527
-0.5117698572951886
-0.5749780404216864
-0.9874775500293161
-1.0813330304697826
-0.8354940418977186
-0.8987022250242163
-1.252136293229993
-1.3459917736704596
-1.1001527850983956
-1.1633609682248935
-1.081312435794836
-1.1751679162353024
-0.9293289276632386
-0.9925371107897363
-0.7794832952365188
-0.8733387756769854
-0.6274997871049214
-0.6907079702314189
-1.1032074798390488
-1.1970629602795149
-0.9512239717074512
-1.0144321548339488
-1.4879469041969489
-1.5818023846374152
-1.3359633960653512
-1.3991715791918486
-1.3171230467617916
-1.4109785272022577
-1.1651395386301937
-1.2283477217566914
-1.0152939062034743
-1.1091493866439408
-0.8633103980718767
-0.9265185811983744
-1.3390180908060039
-1.4328735712464702
-1.1870345826744066
-1.2502427658009043
-1.3818024467447456
-1.4756579271852117
-1.2298189386131477
-1.2930271217396456
-1.2109785893095881
-1.3048340697500547
-1.0589950811779907
-1.1222032643044884
-0.9091494487512711
-1.0030049291917378
-0.7571659406196737
-0.8203741237461714
-1.2328736333538008
-1.3267291137942672
-1.0808901252222032
-1.144098308348701
-1.393417842743787
-1.4872733231842536
-1.2414343346121894
-1.3046425177386871
-1.2225939853086298
-1.316449465749096
-1.0706104771770322
-1.1338186603035298
-0.9207648447503127
-1.0146203251907793
-0.7687813366187151
-0.8319895197452128
-1.2444890293528423
-1.3383445097933089
-1.092505521221245
-1.1557137043477426
-0.8339199911658521
-0.9277754716063186
-0.6819364830342548
-0.7451446661607523
-0.6630961337306949
-0.7569516141711612
-0.5111126255990972
-0.5743208087255949
-0.36126699317237765
-0.45512247361284397
-0.2092834850407801
-0.27249166816727766
-0.6849911777749075
-0.7788466582153738
-0.5330076696433098
-0.5962158527698075
-1.0697306021328075
-1.163586082573274
-0.9177470940012102
-0.9809552771277076
-0.8989067446976502
-0.9927622251381166
-0.7469232365660529
-0.8101314196925503
-0.5970776041393331
-0.6909330845797993
-0.4450940960077355
-0.508302279134233
-0.9208017887418628
-1.0146572691823292
-0.7688182806102655
-0.8320264637367629
-0.9635861446806046
-1.0574416251210708
-0.8116026365490069
-0.8748108196755046
-0.7927622872454472
-0.8866177676859134
-0.6407787791138496
-0.7039869622403472
-0.4909331466871299
-0.5847886271275963
-0.33894963855553234
-0.40215782168202996
-0.8146573312896598
-0.9085128117301262
-0.6626738231580622
-0.7258820062845598
-0.9752015406796459
-1.0690570211201125
-0.8232180325480483
-0.8864262156745462
-0.8043776832444887
-0.8982331636849549
-0.6523941751128911
-0.7156023582393888
-0.5025485426861716
-0.5964040231266379
-0.35056503455457394
-0.4137732176810715
-0.8262727272887013
-0.9201282077291677
-0.6742892191571035
-0.7374974022836014
