-1.1161009620881204
-1.2327123332758085
-1.1888470058334157
-1.1826657049908953
-0.6247975161172443
-0.7414088873049326
-0.69754355986254
-0.6913622590200195
-0.8091007973359754
-0.9257121685236638
-0.8818468410812711
-0.8756655402387504
-0.9798544261048036
-1.0964657972924918
-1.0526004698500993
-1.0464191690075786
-1.1850524203756128
-1.3016637915633007
-1.2577984641209081
-1.251617163278388
-0.6937489744047368
-0.8103603455924249
-0.7664950181500324
-0.7603137173075117
-0.8780522556234677
-0.994663626811156
-0.9507982993687634
-0.9446169985262427
-1.0488058843922958
-1.1654172555799842
-1.1215519281375914
-1.115370627295071
-1.3443911262834516
-1.4610024974711397
-1.4171371700287472
-1.4109558691862267
-0.8530876803125759
-0.9696990515002639
-0.9258337240578715
-0.9196524232153508
-1.0373909615313066
-1.1540023327189948
-1.1101370052766024
-1.1039557044340818
-1.2081445903001349
-1.324755961487823
-1.2808906340454305
-1.2747093332029098
-1.2727020303908425
-1.389313401578531
-1.345448074136138
-1.3392667732936177
-0.7813985844199667
-0.8980099556076548
-0.8541446281652624
-0.8479633273227418
-0.9657018656386978
-1.082313236826386
-1.0384479093839933
-1.0322666085414727
-1.1364554944075258
-1.2530668655952142
-1.2092015381528214
-1.2030202373103007
-0.8328592478978248
-0.9494706190855129
-0.9056052916431204
-0.8994239908005999
-0.34155580192694907
-0.4581671731146372
-0.4143018456722446
-0.40812054482972404
-0.5258590831456801
-0.6424704543333682
-0.5986051268909756
-0.5924238260484551
-0.696612711914508
-0.8132240831021963
-0.7693587556598037
-0.7631774548172832
-0.9018107061853173
-1.0184220773730055
-0.9745567499306129
-0.9683754490880924
-0.41050726021444145
-0.5271186314021298
-0.483253303959737
-0.4770720031172164
-0.5948105414331724
-0.7114219126208607
-0.6675565851784679
-0.6613752843359474
-0.7655641702020005
-0.8821755413896888
-0.8383102139472961
-0.8321289131047754
-1.0611494120931562
-1.1777607832808445
-1.1338954558384517
-1.127714154995931
-0.5698459661222804
-0.6864573373099687
-0.6425920098675761
-0.6364107090250555
-0.7541492473410113
-0.8707606185286996
-0.826895291086307
-0.8207139902437864
-0.9249028761098396
-1.0415142472975276
-0.9976489198551349
-0.9914676190126145
-0.9894603162005472
-1.1060716873882355
-1.0622063599458427
-1.0560250591033222
-0.49815687022967137
-0.6147682414173596
-0.5709029139749671
-0.5647216131324464
-0.6824601514484024
-0.7990715226360906
-0.755206195193698
-0.7490248943511774
-0.8532137802172305
-0.9698251514049185
-0.9259598239625261
-0.9197785231200055
-0.988281245784909
-1.104892616972597
-1.0610272895302044
-1.0548459886876838
-0.4969777998140328
-0.6135891710017211
-0.5697238435593285
-0.5635425427168079
-0.681281081032764
-0.797892452220452
-0.7540271247780594
-0.7478458239355389
-0.8520347098015919
-0.9686460809892802
-0.9247807535468877
-0.918599452704367
-1.0572327040724012
-1.1738440752600894
-1.1299787478176968
-1.1237974469751761
-0.5659292581015252
-0.6825406292892136
-0.638675301846821
-0.6324940010043003
-0.7502325393202562
-0.8668439105079445
-0.8229785830655518
-0.8167972822230313
-0.9209861680890844
-1.0375975392767727
-0.99373221183438
-0.9875509109918593
-1.21657140998024
-1.3331827811679284
-1.2893174537255356
-1.283136152883015
-0.7252679640093642
-0.8418793351970524
-0.7980140077546599
-0.7918327069121394
-0.9095712452280951
-1.0261826164157835
-0.9823172889733907
-0.9761359881308702
-1.0803248739969233
-1.1969362451846115
-1.1530709177422187
-1.1468896168996983
-1.144882314087631
-1.2614936852753194
-1.2176283578329266
-1.2114470569904061
-0.6535788681167553
-0.7701902393044434
-0.726324911862051
-0.7201436110195303
-0.8378821493354862
-0.9544935205231744
-0.9106281930807819
-0.9044468922382612
-1.0086357781043143
-1.1252471492920024
-1.08138182184961
-1.0752005210070894
-0.8022412867448445
-0.9188526579325327
-0.87498733049014
-0.8688060296476195
-0.31093784077396863
-0.42754921196165685
-0.3836838845192643
-0.3775025836767436
-0.49524112199269965
-0.6118524931803878
-0.5679871657379952
-0.5618058648954747
-0.6659947507615277
-0.782606121949216
-0.7387407945068233
-0.7325594936643027
-0.8711927450323369
-0.987804116220025
-0.9439387887776323
-0.9377574879351118
-0.379889299061461
-0.4965006702491492
-0.4526353428067566
-0.446454041964236
-0.5641925802801919
-0.6808039514678802
-0.6369386240254875
-0.6307573231829671
-0.7349462090490201
-0.8515575802367084
-0.8076922527943157
-0.8015109519517952
-1.030531450940176
-1.1471428221278641
-1.1032774946854715
-1.0970961938429509
-0.5392280049693
-0.6558393761569882
-0.6119740487145956
-0.605792747872075
-0.723531286188031
-0.8401426573757192
-0.7962773299333264
-0.790096029090806
-0.894284914956859
-1.0108962861445472
-0.9670309587021547
-0.960849657859634
-0.9588423550475667
-1.075453726235255
-1.0315883987928625
-1.0254070979503416
-0.467538909076691
-0.5841502802643792
-0.5402849528219866
-0.534103651979466
-0.6518421902954219
-0.7684535614831103
-0.7245882340407176
-0.7184069331981972
-0.8225958190642501
-0.9392071902519383
-0.8953418628095456
-0.8891605619670252
-1.1490163185949471
-1.265627689782635
-1.2217623623402425
-1.215581061497722
-0.6577128726240711
-0.7743242438117593
-0.7304589163693669
-0.7242776155268462
-0.842016153842802
-0.9586275250304903
-0.9147621975880978
-0.9085808967455772
-1.0127697826116302
-1.1293811537993184
-1.085515826356926
-1.0793345255144053
-1.2179677768824395
-1.3345791480701277
-1.290713820627735
-1.2845325197852147
-0.7266643309115636
-0.8432757020992517
-0.7994103746568592
-0.7932290738143385
-0.9109676121302945
-1.0275789833179827
-0.9837136558755901
-0.9775323550330695
-1.0817212408991226
-1.198332612086811
-1.1544672846444182
-1.1482859838018977
-1.3773064827902786
-1.4939178539779667
-1.450052526535574
-1.4438712256930535
-0.8860030368194025
-1.0026144080070907
-0.9587490805646982
-0.9525677797221775
-1.0703063180381336
-1.1869176892258215
-1.1430523617834292
-1.1368710609409085
-1.2410599468069614
-1.3576713179946498
-1.3138059905522572
-1.3076246897097366
-1.3056173868976695
-1.4222287580853576
-1.3783634306429648
-1.3721821298004444
-0.8143139409267933
-0.9309253121144816
-0.8870599846720891
-0.8808786838295686
-0.9986172221455245
-1.1152285933332127
-1.07136326589082
-1.0651819650482994
-1.1693708509143523
-1.285982222102041
-1.242116894659648
-1.2359355938171275
-0.8657746044046516
-0.9823859755923399
-0.9385206481499472
-0.9323393473074266
-0.3744711584337758
-0.491082529621464
-0.4472172021790713
-0.4410359013365508
-0.5587744396525067
-0.675385810840195
-0.6315204833978023
-0.6253391825552819
-0.7295280684213349
-0.846139439609023
-0.8022741121666306
-0.7960928113241099
-0.9347260626921441
-1.0513374338798325
-1.0074721064374395
-1.0012908055949188
-0.4434226167212682
-0.5600339879089565
-0.5161686604665638
-0.5099873596240432
-0.6277258979399991
-0.7443372691276875
-0.7004719416852948
-0.6942906408427741
-0.7984795267088273
-0.9150908978965155
-0.8712255704541229
-0.8650442696116023
-1.0940647685999831
-1.2106761397876713
-1.1668108123452785
-1.160629511502758
-0.6027613226291072
-0.7193726938167955
-0.6755073663744029
-0.6693260655318822
-0.787064603847838
-0.9036759750355263
-0.8598106475931337
-0.8536293467506132
-0.9578182326166663
-1.0744296038043544
-1.0305642763619618
-1.0243829755194414
-1.0223756727073738
-1.1389870438950622
-1.0951217164526694
-1.088940415610149
-0.5310722267364982
-0.6476835979241863
-0.6038182704817938
-0.5976369696392732
-0.7153755079552292
-0.8319868791429174
-0.7881215517005248
-0.7819402508580042
-0.8861291367240572
-1.0027405079117455
-0.9588751804693527
-0.9526938796268323
-1.0211966022917354
-1.1378079734794238
-1.0939426460370312
-1.0877613451945105
-0.5298931563208596
-0.6465045275085478
-0.6026392000661551
-0.5964578992236347
-0.7141964375395906
-0.8308078087272789
-0.7869424812848862
-0.7807611804423656
-0.8849500663084187
-1.0015614374961068
-0.9576961100537145
-0.9515148092111938
-1.090148060579228
-1.2067594317669161
-1.1628941043245233
-1.1567128034820027
-0.598844614608352
-0.7154559857960403
-0.6715906583536477
-0.6654093575111271
-0.783147895827083
-0.8997592670147713
-0.8558939395723786
-0.849712638729858
-0.9539015245959112
-1.0705128957835994
-1.0266475683412066
-1.0204662674986862
-1.2494867664870668
-1.3660981376747552
-1.3222328102323624
-1.316051509389842
-0.7581833205161911
-0.8747946917038792
-0.8309293642614866
-0.8247480634189661
-0.9424866017349218
-1.0590979729226102
-1.0152326454802176
-1.009051344637697
-1.11324023050375
-1.2298516016914383
-1.1859862742490457
-1.179804973406525
-1.1777976705944577
-1.294409041782146
-1.2505437143397533
-1.2443624134972329
-0.6864942246235821
-0.8031055958112703
-0.7592402683688777
-0.753058967526357
-0.870797505842313
-0.9874088770300011
-0.9435435495876087
-0.937362248745088
-1.041551134611141
-1.1581625057988294
-1.1142971783564366
-1.1081158775139162
-0.8351566432516712
-0.9517680144393594
-0.9079026869969667
-0.9017213861544463
-0.3438531972807954
-0.46046456846848355
-0.41659924102609097
-0.4104179401835704
-0.5281564784995264
-0.6447678496872146
-0.600902522244822
-0.5947212214023013
-0.6989101072683545
-0.8155214784560427
-0.7716561510136501
-0.7654748501711295
-0.9041081015391634
-1.0207194727268518
-0.9768541452844592
-0.9706728444419386
-0.4128046555682878
-0.529416026755976
-0.48555069931358336
-0.4793693984710628
-0.5971079367870188
-0.713719307974707
-0.6698539805323144
-0.6636726796897938
-0.7678615655558468
-0.8844729367435351
-0.8406076093011424
-0.834426308458622
-1.0634468074470027
-1.1800581786346909
-1.1361928511922983
-1.1300115503497776
-0.5721433614761268
-0.688754732663815
-0.6448894052214224
-0.6387081043789018
-0.7564466426948577
-0.873058013882546
-0.8291926864401533
-0.8230113855976329
-0.9272002714636858
-1.0438116426513742
-0.9999463152089815
-0.993765014366461
-0.9917577115543936
-1.1083690827420818
-1.0645037552996892
-1.0583224544571685
-0.5004542655835178
-0.617065636771206
-0.5732003093288134
-0.5670190084862927
-0.6847575468022487
-0.801368917989937
-0.7575035905475443
-0.7513222897050238
-0.8555111755710769
-0.9721225467587651
-0.9282572193163724
-0.922075918473852
-1.1490163185949471
-1.265627689782635
-1.2217623623402425
-1.215581061497722
-0.6577128726240711
-0.7743242438117593
-0.7304589163693669
-0.7242776155268462
-0.842016153842802
-0.9586275250304903
-0.9147621975880978
-0.9085808967455772
-1.0127697826116302
-1.1293811537993184
-1.085515826356926
-1.0793345255144053
-1.2179677768824395
-1.3345791480701277
-1.290713820627735
-1.2845325197852147
-0.7266643309115636
-0.8432757020992517
-0.7994103746568592
-0.7932290738143385
-0.9109676121302945
-1.0275789833179827
-0.9837136558755901
-0.9775323550330695
-1.0817212408991226
-1.198332612086811
-1.1544672846444182
-1.1482859838018977
-1.3773064827902786
-1.4939178539779667
-1.450052526535574
-1.4438712256930535
-0.8860030368194025
-1.0026144080070907
-0.9587490805646982
-0.9525677797221775
-1.0703063180381336
-1.1869176892258215
-1.1430523617834292
-1.1368710609409085
-1.2410599468069614
-1.3576713179946498
-1.3138059905522572
-1.3076246897097366
-1.3056173868976695
-1.4222287580853576
-1.3783634306429648
-1.3721821298004444
-0.8143139409267933
-0.9309253121144816
-0.8870599846720891
-0.8808786838295686
-0.9986172221455245
-1.1152285933332127
-1.07136326589082
-1.0651819650482994
-1.1693708509143523
-1.285982222102041
-1.242116894659648
-1.2359355938171275
-0.8657746044046516
-0.9823859755923399
-0.9385206481499472
-0.9323393473074266
-0.3744711584337758
-0.491082529621464
-0.4472172021790713
-0.4410359013365508
-0.5587744396525067
-0.675385810840195
-0.6315204833978023
-0.6253391825552819
-0.7295280684213349
-0.846139439609023
-0.8022741121666306
-0.7960928113241099
-0.9347260626921441
-1.0513374338798325
-1.0074721064374395
-1.0012908055949188
-0.4434226167212682
-0.5600339879089565
-0.5161686604665638
-0.5099873596240432
-0.6277258979399991
-0.7443372691276875
-0.7004719416852948
-0.6942906408427741
-0.7984795267088273
-0.9150908978965155
-0.8712255704541229
-0.8650442696116023
-1.0940647685999831
-1.2106761397876713
-1.1668108123452785
-1.160629511502758
-0.6027613226291072
-0.7193726938167955
-0.6755073663744029
-0.6693260655318822
-0.787064603847838
-0.9036759750355263
-0.8598106475931337
-0.8536293467506132
-0.9578182326166663
-1.0744296038043544
-1.0305642763619618
-1.0243829755194414
-1.0223756727073738
-1.1389870438950622
-1.0951217164526694
-1.088940415610149
-0.5310722267364982
-0.6476835979241863
-0.6038182704817938
-0.5976369696392732
-0.7153755079552292
-0.8319868791429174
-0.7881215517005248
-0.7819402508580042
-0.8861291367240572
-1.0027405079117455
-0.9588751804693527
-0.9526938796268323
-1.0211966022917354
-1.1378079734794238
-1.0939426460370312
-1.0877613451945105
-0.5298931563208596
-0.6465045275085478
-0.6026392000661551
-0.5964578992236347
-0.7141964375395906
-0.8308078087272789
-0.7869424812848862
-0.7807611804423656
-0.8849500663084187
-1.0015614374961068
-0.9576961100537145
-0.9515148092111938
-1.090148060579228
-1.2067594317669161
-1.1628941043245233
-1.1567128034820027
-0.598844614608352
-0.7154559857960403
-0.6715906583536477
-0.6654093575111271
-0.783147895827083
-0.8997592670147713
-0.8558939395723786
-0.849712638729858
-0.9539015245959112
-1.0705128957835994
-1.0266475683412066
-1.0204662674986862
-1.2494867664870668
-1.3660981376747552
-1.3222328102323624
-1.316051509389842
-0.7581833205161911
-0.8747946917038792
-0.8309293642614866
-0.8247480634189661
-0.9424866017349218
-1.0590979729226102
-1.0152326454802176
-1.009051344637697
-1.11324023050375
-1.2298516016914383
-1.1859862742490457
-1.179804973406525
-1.1777976705944577
-1.294409041782146
-1.2505437143397533
-1.2443624134972329
-0.6864942246235821
-0.8031055958112703
-0.7592402683688777
-0.753058967526357
-0.870797505842313
-0.9874088770300011
-0.9435435495876087
-0.937362248745088
-1.041551134611141
-1.1581625057988294
-1.1142971783564366
-1.1081158775139162
-0.8351566432516712
-0.9517680144393594
-0.9079026869969667
-0.9017213861544463
-0.3438531972807954
-0.46046456846848355
-0.41659924102609097
-0.4104179401835704
-0.5281564784995264
-0.6447678496872146
-0.600902522244822
-0.5947212214023013
-0.6989101072683545
-0.8155214784560427
-0.7716561510136501
-0.7654748501711295
-0.9041081015391634
-1.0207194727268518
-0.9768541452844592
-0.9706728444419386
-0.4128046555682878
-0.529416026755976
-0.48555069931358336
-0.4793693984710628
-0.5971079367870188
-0.713719307974707
-0.6698539805323144
-0.6636726796897938
-0.7678615655558468
-0.8844729367435351
-0.8406076093011424
-0.834426308458622
-1.0634468074470027
-1.1800581786346909
-1.1361928511922983
-1.1300115503497776
-0.5721433614761268
-0.688754732663815
-0.6448894052214224
-0.6387081043789018
-0.7564466426948577
-0.873058013882546
-0.8291926864401533
-0.8230113855976329
-0.9272002714636858
-1.0438116426513742
-0.9999463152089815
-0.993765014366461
-0.9917577115543936
-1.1083690827420818
-1.0645037552996892
-1.0583224544571685
-0.5004542655835178
-0.617065636771206
-0.5732003093288134
-0.5670190084862927
-0.6847575468022487
-0.801368917989937
-0.7575035905475443
-0.7513222897050238
-0.8555111755710769
-0.9721225467587651
-0.9282572193163724
-0.922075918473852
-1.173398270393853
-1.2900096415815412
-1.2461443141391486
-1.2399630132966282
-0.6820948244229772
-0.7987061956106654
-0.7548408681682728
-0.7486595673257521
-0.8663981056417082
-0.9830094768293962
-0.9391441493870037
-0.9329628485444831
-1.0371517344105363
-1.1537631055982245
-1.1098977781558321
-1.1037164773133112
-1.2423497286813456
-1.3589610998690336
-1.315095772426641
-1.3089144715841203
-0.7510462827104695
-0.8676576538981577
-0.8237923264557652
-0.8176110256132446
-0.9353495639292007
-1.0519609351168888
-1.0080956076744962
-1.0019143068319756
-1.1061031926980287
-1.222714563885717
-1.1788492364433243
-1.1726679356008036
-1.4016884345891845
-1.5182998057768726
-1.47443447833448
-1.4682531774919594
-0.9103849886183085
-1.0269963598059968
-0.9831310323636041
-0.9769497315210837
-1.0946882698370395
-1.2112996410247279
-1.1674343135823353
-1.1612530127398146
-1.2654418986058675
-1.382053269793556
-1.3381879423511633
-1.3320066415086427
-1.3299993386965754
-1.4466107098842638
-1.402745382441871
-1.3965640815993505
-0.8386958927256996
-0.9553072639133878
-0.9114419364709951
-0.9052606356284747
-1.0229991739444304
-1.1396105451321188
-1.095745217689726
-1.0895639168472055
-1.1937528027132585
-1.3103641739009468
-1.2664988464585543
-1.2603175456160338
-0.8901565562035576
-1.0067679273912458
-0.9629025999488532
-0.9567212991063327
-0.3988531102326819
-0.5154644814203702
-0.47159915397797747
-0.4654178531354568
-0.5831563914514128
-0.6997677626391011
-0.6559024351967084
-0.6497211343541878
-0.7539100202202409
-0.8705213914079291
-0.8266560639655365
-0.8204747631230158
-0.9591080144910501
-1.0757193856787384
-1.0318540582363456
-1.0256727573938251
-0.46780456852017427
-0.5844159397078624
-0.5405506122654699
-0.5343693114229492
-0.6521078497389051
-0.7687192209265934
-0.7248538934842008
-0.7186725926416803
-0.8228614785077334
-0.9394728496954214
-0.895607522253029
-0.8894262214105084
-1.118446720398889
-1.2350580915865774
-1.1911927641441846
-1.185011463301664
-0.6271432744280133
-0.7437546456157015
-0.6998893181733089
-0.6937080173307884
-0.8114465556467442
-0.9280579268344324
-0.8841925993920399
-0.8780112985495193
-0.9822001844155724
-1.0988115556032605
-1.054946228160868
-1.0487649273183475
-1.04675762450628
-1.1633689956939681
-1.1195036682515758
-1.113322367409055
-0.5554541785354042
-0.6720655497230924
-0.6282002222806997
-0.6220189214381793
-0.7397574597541353
-0.8563688309418234
-0.8125035034994307
-0.8063222026569101
-0.9105110885229633
-1.0271224597106514
-0.9832571322682588
-0.9770758314257384
-1.0455785540906415
-1.1621899252783296
-1.118324597835937
-1.1121432969934166
-0.5542751081197657
-0.670886479307454
-0.6270211518650614
-0.6208398510225407
-0.7385783893384966
-0.8551897605261849
-0.8113244330837923
-0.8051431322412717
-0.9093320181073248
-1.025943389295013
-0.9820780618526204
-0.9758967610100997
-1.1145300123781339
-1.2311413835658223
-1.1872760561234295
-1.1810947552809088
-0.6232265664072582
-0.7398379375949463
-0.6959726101525537
-0.6897913093100331
-0.807529847625989
-0.9241412188136773
-0.8802758913712847
-0.8740945905287641
-0.9782834763948173
-1.0948948475825053
-1.051029520140113
-1.044848219297592
-1.273868718285973
-1.3904800894736613
-1.3466147620312685
-1.3404334611887478
-0.7825652723150972
-0.8991766435027854
-0.8553113160603928
-0.8491300152178721
-0.966868553533828
-1.0834799247215163
-1.0396145972791235
-1.033433296436603
-1.1376221823026562
-1.2542335534903444
-1.2103682260479518
-1.2041869252054314
-1.2021796223933638
-1.318790993581052
-1.2749256661386594
-1.268744365296139
-0.7108761764224881
-0.8274875476101763
-0.7836222201677836
-0.777440919325263
-0.895179457641219
-1.0117908288289073
-0.9679255013865146
-0.9617442005439941
-1.0659330864100471
-1.1825444575977353
-1.1386791301553427
-1.1324978293128223
-0.8595385950505772
-0.9761499662382656
-0.9322846387958729
-0.9261033379533523
-0.3682351490797015
-0.48484652026738967
-0.4409811928249971
-0.4347998919824765
-0.5525384302984323
-0.6691498014861206
-0.625284474043728
-0.6191031732012076
-0.7232920590672605
-0.8399034302549486
-0.796038102812556
-0.7898568019700356
-0.9284900533380696
-1.045101424525758
-1.0012360970833651
-0.9950547962408448
-0.4371866073671939
-0.5537979785548821
-0.5099326511124895
-0.5037513502699689
-0.6214898885859248
-0.7381012597736132
-0.6942359323312205
-0.6880546314886998
-0.792243517354753
-0.908854888542441
-0.8649895611000485
-0.8588082602575279
-1.0878287592459086
-1.204440130433597
-1.1605748029912042
-1.1543935021486835
-0.5965253132750329
-0.713136684462721
-0.6692713570203286
-0.6630900561778079
-0.7808285944937639
-0.8974399656814521
-0.8535746382390594
-0.847393337396539
-0.951582223262592
-1.06819359445028
-1.0243282670078875
-1.018146966165367
-1.0161396633532995
-1.132751034540988
-1.0888857070985951
-1.0827044062560747
-0.5248362173824238
-0.6414475885701121
-0.5975822611277195
-0.5914009602851988
-0.7091394986011549
-0.8257508697888429
-0.7818855423464505
-0.7757042415039298
-0.8798931273699828
-0.9965044985576712
-0.9526391711152785
-0.946457870272758
