-0.7694106524393283
-0.9531652046214635
-0.8445600378972351
-0.7835588652584252
-0.6619951614540533
-0.8457497136361889
-0.7371445469119602
-0.6761433742731504
-0.6200609468566591
-0.8038154990387947
-0.6952103323145662
-0.6342091596757564
-0.6566021586101511
-0.8403567107922865
-0.7317515440680581
-0.6707503714292483
-1.0002071799415415
-1.183961732123677
-1.0753565653994486
-1.0143553927606388
-0.8927916889562666
-1.0765462411384021
-0.9679410744141734
-0.9069399017753639
-0.8508574743588727
-1.034612026541008
-0.9260068598167795
-0.8650056871779697
-0.8873986861123645
-1.0711532382945
-0.9625480715702716
-0.9015468989314617
-0.862355525355955
-1.0461100775380905
-0.9375049108138619
-0.876503738175052
-0.7549400343706801
-0.9386945865528157
-0.830089419828587
-0.7690882471897773
-0.7130058197732863
-0.8967603719554215
-0.7881552052311931
-0.7271540325923832
-0.749547031526778
-0.9333015837089135
-0.8246964169846849
-0.7636952443458752
-0.6425302209719959
-0.8262847731541311
-0.7176796064299027
-0.6566784337910928
-0.5351147299867208
-0.7188692821688565
-0.6102641154446278
-0.5492629428058181
-0.49318051538932683
-0.6769350675714623
-0.5683299008472338
-0.507328728208424
-0.5297217271428187
-0.7134762793249543
-0.6048711126007256
-0.543869939961916
-0.8815671940894985
-1.065321746271634
-0.9567165795474054
-0.8957154069085955
-0.7741517031042235
-0.957906255286359
-0.8493010885621304
-0.7882999159233206
-0.7322174885068296
-0.9159720406889649
-0.8073668739647364
-0.7463657013259266
-0.7687587002603213
-0.9525132524424568
-0.8439080857182284
-0.7829069130794185
-1.112363721591712
-1.2961182737738473
-1.1875131070496188
-1.126511934410809
-1.004948230606437
-1.1887027827885723
-1.0800976160643438
-1.0190964434255338
-0.9630140160090428
-1.1467685681911781
-1.0381634014669499
-0.97716222882814
-0.9995552277625348
-1.1833097799446701
-1.0747046132204416
-1.0137034405816319
-0.9745120670061254
-1.158266619188261
-1.0496614524640324
-0.9886602798252224
-0.8670965760208504
-1.050851128202986
-0.9422459614787574
-0.8812447888399476
-0.8251623614234563
-1.0089169136055918
-0.9003117468813633
-0.8393105742425535
-0.8617035731769483
-1.0454581253590838
-0.9368529586348552
-0.8758517859960454
-0.754686762622166
-0.9384413148043016
-0.8298361480800729
-0.768834975441263
-0.6472712716368911
-0.8310258238190265
-0.722420657094798
-0.6614194844559881
-0.6053370570394969
-0.7890916092216325
-0.6804864424974039
-0.6194852698585942
-0.6418782687929889
-0.8256328209751242
-0.7170276542508959
-0.6560264816120859
-1.1010370767504738
-1.2847916289326091
-1.1761864622083809
-1.115185289569571
-0.9936215857651987
-1.1773761379473342
-1.0687709712231057
-1.007769798584296
-0.9516873711678048
-1.13544192334994
-1.0268367566257117
-0.9658355839869018
-0.9882285829212967
-1.171983135103432
-1.0633779683792037
-1.0023767957403937
-1.3318336042526873
-1.5155881564348228
-1.406982989710594
-1.3459818170717843
-1.2244181132674121
-1.4081726654495477
-1.2995674987253194
-1.2385663260865092
-1.1824838986700181
-1.3662384508521537
-1.257633284127925
-1.1966321114891154
-1.2190251104235101
-1.4027796626056455
-1.2941744958814172
-1.2331733232426074
-1.1939819496671007
-1.377736501849236
-1.2691313351250078
-1.2081301624861978
-1.0865664586818258
-1.2703210108639613
-1.1617158441397326
-1.1007146715009226
-1.0446322440844316
-1.228386796266567
-1.1197816295423384
-1.0587804569035286
-1.0811734558379236
-1.264928008020059
-1.1563228412958304
-1.0953216686570206
-0.9741566452831413
-1.1579111974652767
-1.0493060307410482
-0.9883048581022382
-0.8667411542978664
-1.0504957064800016
-0.9418905397557732
-0.8808893671169633
-0.8248069397004723
-1.0085614918826078
-0.8999563251583791
-0.8389551525195694
-0.8613481514539643
-1.0451027036360996
-0.9364975369118711
-0.8754963642730612
-0.9058270707396263
-1.0895816229217616
-0.9809764561975333
-0.9199752835587234
-0.7984115797543513
-0.9821661319364867
-0.8735609652122582
-0.8125597925734485
-0.7564773651569573
-0.9402319173390927
-0.8316267506148641
-0.7706255779760544
-0.7930185769104492
-0.9767731290925847
-0.8681679623683561
-0.8071667897295463
-1.1366235982418396
-1.320378150423975
-1.2117729836997468
-1.1507718110609368
-1.0292081072565646
-1.2129626594387002
-1.1043574927144717
-1.0433563200756617
-0.9872738926591705
-1.1710284448413062
-1.0624232781170775
-1.0014221054782677
-1.0238151044126627
-1.207569656594798
-1.0989644898705695
-1.0379633172317597
-0.9987719436562531
-1.1825264958383885
-1.07392132911416
-1.0129201564753503
-0.8913564526709783
-1.0751110048531138
-0.9665058381288851
-0.9055046654900752
-0.8494222380735841
-1.0331767902557196
-0.9245716235314911
-0.8635704508926814
-0.8859634498270761
-1.0697180020092116
-0.9611128352849829
-0.9001116626461731
-0.7789466392722937
-0.9627011914544292
-0.8540960247302007
-0.7930948520913909
-0.6715311482870188
-0.8552857004691543
-0.7466805337449256
-0.6856793611061159
-0.6295969336896249
-0.8133514858717601
-0.7047463191475317
-0.6437451465087218
-0.6661381454431169
-0.8498926976252521
-0.7412875309010237
-0.6802863582622138
-0.8006252699840591
-0.9843798221661947
-0.8757746554419661
-0.8147734828031564
-0.6932097789987843
-0.8769643311809198
-0.7683591644566914
-0.7073579918178815
-0.6512755644013903
-0.8350301165835259
-0.7264249498592972
-0.6654237772204874
-0.6878167761548822
-0.8715713283370177
-0.762966161612789
-0.7019649889739793
-1.0314217974862727
-1.2151763496684083
-1.1065711829441796
-1.0455700103053696
-0.9240063065009978
-1.1077608586831331
-0.9991556919589046
-0.9381545193200947
-0.8820720919036036
-1.0658266440857391
-0.9572214773615105
-0.8962203047227009
-0.9186133036570956
-1.1023678558392311
-0.9937626891150025
-0.9327615164761925
-0.8935701429006863
-1.0773246950828217
-0.9687195283585931
-0.9077183557197832
-0.7861546519154113
-0.9699092040975466
-0.8613040373733182
-0.8003028647345083
-0.7442204373180171
-0.9279749895001527
-0.8193698227759241
-0.7583686501371144
-0.7807616490715091
-0.9645162012536447
-0.8559110345294161
-0.7949098618906061
-0.6737448385167267
-0.8574993906988623
-0.7488942239746336
-0.6878930513358239
-0.5663293475314518
-0.7500838997135874
-0.6414787329893588
-0.5804775603505492
-0.5243951329340578
-0.7081496851161933
-0.5995445183919649
-0.5385433457531551
-0.5609363446875497
-0.7446908968696853
-0.6360857301454566
-0.575084557506647
-0.9127818116342294
-1.096536363816365
-0.9879311970921365
-0.9269300244533267
-0.8053663206489546
-0.9891208728310901
-0.8805157061068615
-0.8195145334680518
-0.7634321060515604
-0.947186658233696
-0.8385814915094675
-0.7775803188706576
-0.7999733178050524
-0.983727869987188
-0.8751227032629593
-0.8141215306241496
-1.143578339136443
-1.3273328913185785
-1.21872772459435
-1.1577265519555402
-1.036162848151168
-1.2199174003333033
-1.1113122336090748
-1.050311060970265
-0.994228633553774
-1.1779831857359093
-1.0693780190116808
-1.0083768463728708
-1.0307698453072658
-1.2145243974894013
-1.1059192307651726
-1.0449180581263628
-1.0057266845508566
-1.189481236732992
-1.0808760700087634
-1.0198748973699536
-0.8983111935655815
-1.082065745747717
-0.9734605790234884
-0.9124594063846786
-0.8563769789681875
-1.040131531150323
-0.9315263644260944
-0.8705251917872845
-0.8929181907216793
-1.076672742903815
-0.9680675761795864
-0.9070664035407765
-0.7859013801668969
-0.9696559323490325
-0.8610507656248039
-0.8000495929859942
-0.678485889181622
-0.8622404413637575
-0.753635274639529
-0.6926341020007193
-0.6365516745842279
-0.8203062267663637
-0.711701060042135
-0.6506998874033252
-0.6730928863377199
-0.8568474385198555
-0.7482422717956267
-0.6872410991568171
-1.1322516942952046
-1.3160062464773403
-1.2074010797531118
-1.146399907114302
-1.0248362033099299
-1.2085907554920654
-1.0999855887678367
-1.0389844161290271
-0.9829019887125358
-1.1666565408946712
-1.0580513741704427
-0.9970502015316329
-1.0194432004660277
-1.2031977526481632
-1.0945925859239345
-1.033591413285125
-1.3630482217974185
-1.5468027739795533
-1.4381976072553253
-1.3771964346165155
-1.2556327308121433
-1.4393872829942789
-1.3307821162700506
-1.2697809436312404
-1.2136985162147491
-1.3974530683968849
-1.2888479016726562
-1.2278467290338464
-1.2502397279682411
-1.4339942801503767
-1.3253891134261482
-1.2643879407873384
-1.225196567211832
-1.408951119393967
-1.3003459526697387
-1.239344780030929
-1.1177810762265568
-1.301535628408692
-1.1929304616844638
-1.1319292890456538
-1.0758468616291628
-1.259601413811298
-1.1509962470870696
-1.0899950744482598
-1.1123880733826546
-1.2961426255647899
-1.1875374588405616
-1.1265362862017516
-1.0053712628278724
-1.1891258150100077
-1.080520648285779
-1.0195194756469694
-0.8979557718425973
-1.0817103240247328
-0.9731051573005042
-0.9121039846616945
-0.8560215572452033
-1.0397761094273386
-0.9311709427031103
-0.8701697700643003
-0.8925627689986951
-1.0763173211808306
-0.967712154456602
-0.9067109818177923
-0.9370416882843573
-1.1207962404664928
-1.0121910737422644
-0.9511899011034545
-0.8296261972990825
-1.013380749481218
-0.9047755827569892
-0.8437744101181796
-0.7876919827016882
-0.9714465348838237
-0.8628413681595952
-0.8018401955207854
-0.8242331944551803
-1.0079877466373157
-0.8993825799130872
-0.8383814072742775
-1.1678382157865708
-1.3515927679687063
-1.2429876012444776
-1.1819864286056678
-1.0604227248012958
-1.2441772769834312
-1.1355721102592027
-1.074570937620393
-1.0184885102039016
-1.2022430623860372
-1.0936378956618087
-1.0326367230229987
-1.0550297219573936
-1.238784274139529
-1.1301791074153007
-1.0691779347764907
-1.0299865612009844
-1.2137411133831197
-1.105135946658891
-1.0441347740200813
-0.9225710702157093
-1.1063256223978448
-0.9977204556736163
-0.9367192830348064
-0.8806368556183153
-1.0643914078004508
-0.9557862410762221
-0.8947850684374123
-0.9171780673718073
-1.1009326195539426
-0.9923274528297141
-0.9313262801909042
-0.8101612568170249
-0.9939158089991603
-0.8853106422749317
-0.8243094696361221
-0.70274576583175
-0.8865003180138855
-0.7778951512896568
-0.7168939786508471
-0.660811551234356
-0.8445661034164913
-0.7359609366922627
-0.674959764053453
-0.6973527629878478
-0.8811073151699833
-0.7725021484457547
-0.711500975806945
-0.8006252699840591
-0.9843798221661947
-0.8757746554419661
-0.8147734828031564
-0.6932097789987843
-0.8769643311809198
-0.7683591644566914
-0.7073579918178815
-0.6512755644013903
-0.8350301165835259
-0.7264249498592972
-0.6654237772204874
-0.6878167761548822
-0.8715713283370177
-0.762966161612789
-0.7019649889739793
-1.0314217974862727
-1.2151763496684083
-1.1065711829441796
-1.0455700103053696
-0.9240063065009978
-1.1077608586831331
-0.9991556919589046
-0.9381545193200947
-0.8820720919036036
-1.0658266440857391
-0.9572214773615105
-0.8962203047227009
-0.9186133036570956
-1.1023678558392311
-0.9937626891150025
-0.9327615164761925
-0.8935701429006863
-1.0773246950828217
-0.9687195283585931
-0.9077183557197832
-0.7861546519154113
-0.9699092040975466
-0.8613040373733182
-0.8003028647345083
-0.7442204373180171
-0.9279749895001527
-0.8193698227759241
-0.7583686501371144
-0.7807616490715091
-0.9645162012536447
-0.8559110345294161
-0.7949098618906061
-0.6737448385167267
-0.8574993906988623
-0.7488942239746336
-0.6878930513358239
-0.5663293475314518
-0.7500838997135874
-0.6414787329893588
-0.5804775603505492
-0.5243951329340578
-0.7081496851161933
-0.5995445183919649
-0.5385433457531551
-0.5609363446875497
-0.7446908968696853
-0.6360857301454566
-0.575084557506647
-0.9127818116342294
-1.096536363816365
-0.9879311970921365
-0.9269300244533267
-0.8053663206489546
-0.9891208728310901
-0.8805157061068615
-0.8195145334680518
-0.7634321060515604
-0.947186658233696
-0.8385814915094675
-0.7775803188706576
-0.7999733178050524
-0.983727869987188
-0.8751227032629593
-0.8141215306241496
-1.143578339136443
-1.3273328913185785
-1.21872772459435
-1.1577265519555402
-1.036162848151168
-1.2199174003333033
-1.1113122336090748
-1.050311060970265
-0.994228633553774
-1.1779831857359093
-1.0693780190116808
-1.0083768463728708
-1.0307698453072658
-1.2145243974894013
-1.1059192307651726
-1.0449180581263628
-1.0057266845508566
-1.189481236732992
-1.0808760700087634
-1.0198748973699536
-0.8983111935655815
-1.082065745747717
-0.9734605790234884
-0.9124594063846786
-0.8563769789681875
-1.040131531150323
-0.9315263644260944
-0.8705251917872845
-0.8929181907216793
-1.076672742903815
-0.9680675761795864
-0.9070664035407765
-0.7859013801668969
-0.9696559323490325
-0.8610507656248039
-0.8000495929859942
-0.678485889181622
-0.8622404413637575
-0.753635274639529
-0.6926341020007193
-0.6365516745842279
-0.8203062267663637
-0.711701060042135
-0.6506998874033252
-0.6730928863377199
-0.8568474385198555
-0.7482422717956267
-0.6872410991568171
-1.1322516942952046
-1.3160062464773403
-1.2074010797531118
-1.146399907114302
-1.0248362033099299
-1.2085907554920654
-1.0999855887678367
-1.0389844161290271
-0.9829019887125358
-1.1666565408946712
-1.0580513741704427
-0.9970502015316329
-1.0194432004660277
-1.2031977526481632
-1.0945925859239345
-1.033591413285125
-1.3630482217974185
-1.5468027739795533
-1.4381976072553253
-1.3771964346165155
-1.2556327308121433
-1.4393872829942789
-1.3307821162700506
-1.2697809436312404
-1.2136985162147491
-1.3974530683968849
-1.2888479016726562
-1.2278467290338464
-1.2502397279682411
-1.4339942801503767
-1.3253891134261482
-1.2643879407873384
-1.225196567211832
-1.408951119393967
-1.3003459526697387
-1.239344780030929
-1.1177810762265568
-1.301535628408692
-1.1929304616844638
-1.1319292890456538
-1.0758468616291628
-1.259601413811298
-1.1509962470870696
-1.0899950744482598
-1.1123880733826546
-1.2961426255647899
-1.1875374588405616
-1.1265362862017516
-1.0053712628278724
-1.1891258150100077
-1.080520648285779
-1.0195194756469694
-0.8979557718425973
-1.0817103240247328
-0.9731051573005042
-0.9121039846616945
-0.8560215572452033
-1.0397761094273386
-0.9311709427031103
-0.8701697700643003
-0.8925627689986951
-1.0763173211808306
-0.967712154456602
-0.9067109818177923
-0.9370416882843573
-1.1207962404664928
-1.0121910737422644
-0.9511899011034545
-0.8296261972990825
-1.013380749481218
-0.9047755827569892
-0.8437744101181796
-0.7876919827016882
-0.9714465348838237
-0.8628413681595952
-0.8018401955207854
-0.8242331944551803
-1.0079877466373157
-0.8993825799130872
-0.8383814072742775
-1.1678382157865708
-1.3515927679687063
-1.2429876012444776
-1.1819864286056678
-1.0604227248012958
-1.2441772769834312
-1.1355721102592027
-1.074570937620393
-1.0184885102039016
-1.2022430623860372
-1.0936378956618087
-1.0326367230229987
-1.0550297219573936
-1.238784274139529
-1.1301791074153007
-1.0691779347764907
-1.0299865612009844
-1.2137411133831197
-1.105135946658891
-1.0441347740200813
-0.9225710702157093
-1.1063256223978448
-0.9977204556736163
-0.9367192830348064
-0.8806368556183153
-1.0643914078004508
-0.9557862410762221
-0.8947850684374123
-0.9171780673718073
-1.1009326195539426
-0.9923274528297141
-0.9313262801909042
-0.8101612568170249
-0.9939158089991603
-0.8853106422749317
-0.8243094696361221
-0.70274576583175
-0.8865003180138855
-0.7778951512896568
-0.7168939786508471
-0.660811551234356
-0.8445661034164913
-0.7359609366922627
-0.674959764053453
-0.6973527629878478
-0.8811073151699833
-0.7725021484457547
-0.711500975806945
-0.955701423970556
-1.1394559761526915
-1.030850809428463
-0.969849636789653
-0.8482859329852811
-1.0320404851674168
-0.923435318443188
-0.8624341458043784
-0.806351718387887
-0.9901062705700225
-0.8815011038457938
-0.8204999312069842
-0.842892930141379
-1.0266474823235145
-0.9180423155992858
-0.8570411429604762
-1.1864979514727692
-1.370252503654905
-1.2616473369306767
-1.2006461642918664
-1.0790824604874945
-1.26283701266963
-1.1542318459454013
-1.0932306733065915
-1.0371482458901005
-1.2209027980722358
-1.1122976313480073
-1.0512964587091975
-1.0736894576435922
-1.257444009825728
-1.1488388431014993
-1.0878376704626895
-1.0486462968871828
-1.2324008490693183
-1.1237956823450899
-1.06279450970628
-0.941230805901908
-1.1249853580840434
-1.0163801913598147
-0.9553790187210052
-0.899296591304514
-1.0830511434866497
-0.974445976762421
-0.913444804123611
-0.935837803058006
-1.1195923552401412
-1.010987188515913
-0.949986015877103
-0.8288209925032236
-1.012575544685359
-0.9039703779611304
-0.8429692053223208
-0.7214055015179487
-0.9051600537000842
-0.7965548869758556
-0.7355537143370456
-0.6794712869205546
-0.8632258391026901
-0.7546206723784616
-0.6936194997396518
-0.7160124986740466
-0.899767050856182
-0.7911618841319534
-0.7301607114931438
-1.0678579656207263
-1.2516125178028619
-1.1430073510786332
-1.0820061784398234
-0.9604424746354515
-1.1441970268175867
-1.0355918600933582
-0.9745906874545485
-0.9185082600380573
-1.1022628122201927
-0.9936576454959641
-0.9326564728571545
-0.9550494717915492
-1.1388040239736845
-1.030198857249456
-0.9691976846106463
-1.2986544931229398
-1.4824090453050751
-1.3738038785808468
-1.312802705942037
-1.1912390021376646
-1.3749935543198002
-1.266388387595572
-1.2053872149567622
-1.1493047875402707
-1.333059339722406
-1.2244541729981777
-1.163453000359368
-1.1858459992937627
-1.369600551475898
-1.2609953847516695
-1.1999942121128597
-1.1608028385373532
-1.3445573907194885
-1.2359522239952603
-1.1749510513564503
-1.0533873475520783
-1.2371418997342138
-1.1285367330099851
-1.0675355603711756
-1.0114531329546843
-1.1952076851368196
-1.0866025184125911
-1.0256013457737814
-1.047994344708176
-1.2317488968903116
-1.123143730166083
-1.0621425575272732
-0.9409775341533938
-1.1247320863355292
-1.0161269196113007
-0.955125746972491
-0.8335620431681189
-1.0173165953502545
-0.9087114286260258
-0.8477102559872162
-0.7916278285707248
-0.9753823807528603
-0.8667772140286316
-0.805776041389822
-0.8281690403242168
-1.0119235925063523
-0.9033184257821236
-0.8423172531433137
-1.2873278482817017
-1.4710824004638372
-1.3624772337396085
-1.3014760611007987
-1.1799123572964265
-1.363666909478562
-1.2550617427543336
-1.1940605701155236
-1.1379781426990325
-1.3217326948811678
-1.2131275281569396
-1.1521263555181298
-1.1745193544525245
-1.3582739066346599
-1.2496687399104316
-1.1886675672716216
-1.518124375783915
-1.7018789279660502
-1.5932737612418222
-1.532272588603012
-1.4107088847986402
-1.5944634369807758
-1.485858270256547
-1.4248570976177373
-1.368774670201246
-1.5525292223833813
-1.443924055659153
-1.3829228830203435
-1.405315881954738
-1.5890704341368735
-1.4804652674126448
-1.419464094773835
-1.3802727211983286
-1.5640272733804639
-1.4554221066562354
-1.3944209340174256
-1.2728572302130534
-1.4566117823951887
-1.3480066156709607
-1.2870054430321507
-1.2309230156156594
-1.414677567797795
-1.3060724010735663
-1.245071228434757
-1.2674642273691514
-1.4512187795512868
-1.3426136128270585
-1.2816124401882485
-1.160447416814369
-1.3442019689965046
-1.2355968022722763
-1.1745956296334663
-1.053031925829094
-1.2367864780112297
-1.128181311287001
-1.0671801386481914
-1.0110977112317001
-1.1948522634138354
-1.086247096689607
-1.0252459240507972
-1.047638922985192
-1.2313934751673274
-1.1227883084430987
-1.0617871358042892
-1.0921178422708542
-1.2758723944529895
-1.1672672277287612
-1.106266055089951
-0.9847023512855793
-1.1684569034677146
-1.059851736743486
-0.9988505641046762
-0.942768136688185
-1.1265226888703206
-1.0179175221460919
-0.9569163495072822
-0.979309348441677
-1.1630639006238126
-1.0544587338995839
-0.993457561260774
-1.3229143697730679
-1.506668921955203
-1.3980637552309745
-1.337062582592165
-1.2154988787877927
-1.399253430969928
-1.2906482642456996
-1.22964709160689
-1.1735646641903985
-1.3573192163725338
-1.2487140496483056
-1.1877128770094956
-1.2101058759438903
-1.3938604281260258
-1.2852552614017976
-1.2242540887629878
-1.1850627151874809
-1.3688172673696164
-1.260212100645388
-1.1992109280065784
-1.0776472242022062
-1.2614017763843415
-1.152796609660113
-1.0917954370213032
-1.035713009604812
-1.2194675617869473
-1.110862395062719
-1.049861222423909
-1.072254221358304
-1.2560087735404393
-1.1474036068162106
-1.086402434177401
-0.9652374108035218
-1.148991962985657
-1.0403867962614286
-0.9793856236226187
-0.8578219198182468
-1.0415764720003822
-0.9329713052761537
-0.8719701326373438
-0.8158877052208526
-0.9996422574029882
-0.8910370906787596
-0.8300359180399499
-0.8524289169743446
-1.03618346915648
-0.9275783024322515
-0.8665771297934416
