-0.7383750296486002
-0.8083418523612134
-0.7820226558957778
-0.7456750914649882
-0.5256051199228514
-0.5955719426354644
-0.5692527461700289
-0.5329051817392392
-0.4529537976100142
-0.5229206203226271
-0.49660142385719147
-0.46025385942640196
-0.7556327818874755
-0.8255996046000884
-0.7992804081346528
-0.7629328437038633
-1.178702394204331
-1.2486692169169438
-1.2223500204515083
-1.1860024560207187
-0.965932484478582
-1.035899307191195
-1.0095801107257594
-0.9732325462949697
-0.8932811621657449
-0.9632479848783577
-0.9369287884129222
-0.9005812239821326
-1.1959601464432061
-1.2659269691558188
-1.2396077726903836
-1.2032602082595938
-1.0294016576432194
-1.0993684803558323
-1.0730492838903969
-1.0367017194596073
-0.8166317479174707
-0.8865985706300836
-0.860279374164648
-0.8239318097338584
-0.7439804256046335
-0.8139472483172465
-0.7876280518518108
-0.7512804874210214
-1.0466594098820947
-1.1166262325947076
-1.090307036129272
-1.0539594716984826
-1.2039996350383646
-1.2739664577509773
-1.247647261285542
-1.2112996968547523
-0.9912297253126157
-1.0611965480252286
-1.034877351559793
-0.9985297871290034
-0.9185784029997782
-0.9885452257123913
-0.9622260292469558
-0.9258784648161662
-1.2212573872772396
-1.2912242099898523
-1.264905013524417
-1.2285574490936275
-0.9098694529996757
-0.9798362757122887
-0.953517079246853
-0.9171695148160635
-0.6970995432739266
-0.7670663659865399
-0.7407471695211041
-0.7043996050903146
-0.6244482209610894
-0.6944150436737025
-0.6680958472082669
-0.6317482827774773
-0.9271272052385506
-0.9970940279511636
-0.9707748314857281
-0.9344272670549384
-1.3501968175554062
-1.4201636402680191
-1.3938444438025839
-1.357496879371794
-1.1374269078296573
-1.2073937305422702
-1.1810745340768347
-1.144726969646045
-1.0647755855168202
-1.1347424082294328
-1.1084232117639974
-1.0720756473332078
-1.367454569794281
-1.4374213925068942
-1.4111021960414587
-1.3747546316106691
-1.2008960809942948
-1.2708629037069075
-1.2445437072414722
-1.2081961428106824
-0.9881261712685458
-1.0580929939811587
-1.0317737975157233
-0.9954262330849338
-0.9154748489557087
-0.9854416716683218
-0.9591224752028861
-0.9227749107720965
-1.2181538332331698
-1.2881206559457827
-1.261801459480347
-1.2254538950495575
-1.3754940583894397
-1.4454608811020528
-1.4191416846366174
-1.3827941202058276
-1.162724148663691
-1.2326909713763037
-1.206371774910868
-1.1700242104800787
-1.0900728263508535
-1.1600396490634666
-1.133720452598031
-1.0973728881672415
-1.392751810628315
-1.4627186333409277
-1.4363994368754924
-1.4000518724447026
-1.0015086346260815
-1.0714754573386942
-1.0451562608732587
-1.0088086964424692
-0.7887387249003324
-0.8587055476129455
-0.8323863511475097
-0.7960387867167201
-0.7160874025874953
-0.786054225300108
-0.7597350288346725
-0.7233874644038829
-1.0187663868649564
-1.0887332095775695
-1.0624140131121338
-1.0260664486813442
-1.4418359991818117
-1.5118028218944244
-1.4854836254289892
-1.4491360609981994
-1.229066089456063
-1.299032912168676
-1.2727137157032402
-1.2363661512724504
-1.1564147671432257
-1.2263815898558386
-1.200062393390403
-1.1637148289596133
-1.459093751420687
-1.5290605741332997
-1.5027413776678642
-1.4663938132370746
-1.2925352626207003
-1.3625020853333132
-1.3361828888678777
-1.299835324437088
-1.0797653528949516
-1.1497321756075645
-1.1234129791421288
-1.0870654147113394
-1.0071140305821145
-1.0770808532947274
-1.0507616568292917
-1.014414092398502
-1.3097930148595756
-1.3797598375721882
-1.353440641106753
-1.3170930766759632
-1.4671332400158454
-1.5371000627284581
-1.5107808662630229
-1.474433301832233
-1.2543633302900963
-1.3243301530027092
-1.2980109565372737
-1.2616633921064841
-1.1817120079772592
-1.251678830689872
-1.2253596342244366
-1.1890120697936468
-1.4843909922547205
-1.5543578149673334
-1.528038618501898
-1.4916910540711081
-0.7573083188820292
-0.8272751415946421
-0.8009559451292065
-0.764608380698417
-0.5445384091562803
-0.6145052318688933
-0.5881860354034577
-0.5518384709726681
-0.47188708684344294
-0.5418539095560558
-0.5155347130906204
-0.47918714865983075
-0.7745660711209043
-0.8445328938335172
-0.8182136973680816
-0.781866132937292
-1.1976356834377597
-1.2676025061503724
-1.2412833096849372
-1.2049357452541474
-0.9848657737120108
-1.054832596424624
-1.0285133999591882
-0.9921658355283987
-0.9122144513991736
-0.9821812741117865
-0.9558620776463509
-0.9195145132155613
-1.214893435676635
-1.2848602583892477
-1.2585410619238122
-1.2221934974930224
-1.0483349468766483
-1.1183017695892612
-1.0919825731238257
-1.0556350086930362
-0.8355650371508995
-0.9055318598635124
-0.8792126633980768
-0.8428650989672872
-0.7629137148380623
-0.8328805375506753
-0.8065613410852396
-0.77021377665445
-1.0655926991155236
-1.1355595218281362
-1.1092403253627008
-1.0728927609319112
-1.222932924271793
-1.2928997469844061
-1.2665805505189707
-1.230232986088181
-1.0101630145460443
-1.0801298372586574
-1.0538106407932217
-1.0174630763624324
-0.9375116922332072
-1.0074785149458203
-0.9811593184803845
-0.944811754049595
-1.2401906765106685
-1.3101574992232812
-1.283838302757846
-1.2474907383270561
-0.7579286551679973
-0.8278954778806102
-0.8015762814151747
-0.7652287169843852
-0.5451587454422485
-0.6151255681548614
-0.5888063716894258
-0.5524588072586364
-0.47250742312941135
-0.5424742458420243
-0.5161550493765886
-0.47980748494579906
-0.7751864074068725
-0.8451532301194855
-0.8188340336540498
-0.7824864692232604
-1.198256019723728
-1.2682228424363409
-1.2419036459709054
-1.2055560815401158
-0.985486109997979
-1.055452932710592
-1.0291337362451565
-0.992786171814367
-0.9128347876851419
-0.9828016103977549
-0.9564824139323193
-0.9201348495015296
-1.215513771962603
-1.285480594675216
-1.2591613982097805
-1.2228138337789907
-1.0489552831626165
-1.1189221058752294
-1.092602909409794
-1.0562553449790044
-0.8361853734368677
-0.9061521961494807
-0.879832999684045
-0.8434854352532556
-0.7635340511240306
-0.8335008738366435
-0.8071816773712079
-0.7708341129404183
-1.0662130354014918
-1.1361798581141047
-1.109860661648669
-1.0735130972178795
-1.2235532605577615
-1.2935200832703744
-1.267200886804939
-1.2308533223741491
-1.0107833508320128
-1.0807501735446254
-1.05443097707919
-1.0180834126484004
-0.9381320285191753
-1.0080988512317883
-0.9817796547663529
-0.9454320903355632
-1.2408110127966367
-1.3107778355092496
-1.2844586390438144
-1.2481110746130246
-0.9294230785190727
-0.9993899012316857
-0.9730707047662501
-0.9367231403354607
-0.7166531687933239
-0.7866199915059369
-0.7603007950405013
-0.7239532306097115
-0.6440018464804865
-0.7139686691930998
-0.6876494727276641
-0.6513019082968744
-0.9466808307579477
-1.0166476534705606
-0.9903284570051251
-0.9539808925743356
-1.3697504430748033
-1.439717265787416
-1.4133980693219808
-1.377050504891191
-1.1569805333490544
-1.2269473560616673
-1.2006281595962318
-1.1642805951654422
-1.0843292110362173
-1.1542960337488302
-1.1279768372833947
-1.091629272852605
-1.3870081953136786
-1.456975018026291
-1.4306558215608556
-1.394308257130066
-1.220449706513692
-1.2904165292263048
-1.2640973327608693
-1.2277497683300795
-1.0076797967879432
-1.0776466195005558
-1.0513274230351202
-1.0149798586043308
-0.9350284744751057
-1.004995297187719
-0.9786761007222832
-0.9423285362914936
-1.237707458752567
-1.3076742814651796
-1.2813550849997446
-1.2450075205689548
-1.3950476839088368
-1.46501450662145
-1.4386953101560145
-1.402347745725225
-1.1822777741830879
-1.2522445968957008
-1.2259254004302655
-1.1895778359994758
-1.1096264518702508
-1.1795932745828634
-1.153274078117428
-1.1169265136866384
-1.412305436147712
-1.4822722588603248
-1.4559530623948895
-1.4196054979640997
-1.0210622601454782
-1.0910290828580913
-1.0647098863926558
-1.028362321961866
-0.8082923504197294
-0.8782591731323424
-0.851939976666907
-0.8155924122361173
-0.7356410281068922
-0.8056078508195053
-0.7792886543540696
-0.7429410899232801
-1.0383200123843535
-1.1082868350969663
-1.081967638631531
-1.0456200742007413
-1.461389624701209
-1.5313564474138215
-1.5050372509483863
-1.4686896865175965
-1.2486197149754603
-1.3185865376880728
-1.2922673412226373
-1.2559197767918477
-1.175968392662623
-1.2459352153752359
-1.2196160189098004
-1.1832684544790106
-1.478647376940084
-1.5486141996526968
-1.5222950031872613
-1.4859474387564717
-1.3120888881400974
-1.3820557108527103
-1.3557365143872746
-1.3193889499564853
-1.0993189784143487
-1.1692858011269613
-1.142966604661526
-1.1066190402307363
-1.0266676561015116
-1.0966344788141245
-1.0703152823486888
-1.0339677179178992
-1.3293466403789724
-1.3993134630915853
-1.37299426662615
-1.3366467021953603
-1.4866868655352425
-1.5566536882478554
-1.53033449178242
-1.4939869273516304
-1.2739169558094936
-1.3438837785221063
-1.317564582056671
-1.2812170176258812
-1.2012656334966565
-1.2712324562092692
-1.2449132597438337
-1.2085656953130441
-1.5039446177741176
-1.5739114404867303
-1.547592244021295
-1.5112446795905052
-0.7768619444014261
-0.8468287671140392
-0.8205095706486036
-0.784162006217814
-0.5640920346756773
-0.6340588573882904
-0.6077396609228548
-0.5713920964920651
-0.49144071236284004
-0.561407535075453
-0.5350883386100175
-0.4987407741792279
-0.7941196966403012
-0.8640865193529143
-0.8377673228874786
-0.8014197584566891
-1.2171893089571568
-1.2871561316697695
-1.2608369352043343
-1.2244893707735445
-1.0044193992314079
-1.0743862219440208
-1.0480670254785853
-1.0117194610477958
-0.9317680769185707
-1.0017348996311837
-0.975415703165748
-0.9390681387349583
-1.234447061196032
-1.3044138839086448
-1.2780946874432095
-1.2417471230124197
-1.0678885723960454
-1.1378553951086583
-1.1115361986432226
-1.0751886342124333
-0.8551186626702965
-0.9250854853829095
-0.8987662889174738
-0.8624187244866843
-0.7824673403574594
-0.8524341630700722
-0.8261149666046367
-0.7897674021738472
-1.0851463246349204
-1.1551131473475336
-1.1287939508820979
-1.092446386451308
-1.2424865497911906
-1.3124533725038032
-1.2861341760383678
-1.2497866116075782
-1.0297166400654414
-1.0996834627780543
-1.0733642663126188
-1.0370167018818293
-0.9570653177526043
-1.0270321404652172
-1.0007129439997817
-0.9643653795689922
-1.2597443020300656
-1.3297111247426785
-1.303391928277243
-1.2670443638464535
-0.7579286551679973
-0.8278954778806102
-0.8015762814151747
-0.7652287169843852
-0.5451587454422485
-0.6151255681548614
-0.5888063716894258
-0.5524588072586364
-0.47250742312941135
-0.5424742458420243
-0.5161550493765886
-0.47980748494579906
-0.7751864074068725
-0.8451532301194855
-0.8188340336540498
-0.7824864692232604
-1.198256019723728
-1.2682228424363409
-1.2419036459709054
-1.2055560815401158
-0.985486109997979
-1.055452932710592
-1.0291337362451565
-0.992786171814367
-0.9128347876851419
-0.9828016103977549
-0.9564824139323193
-0.9201348495015296
-1.215513771962603
-1.285480594675216
-1.2591613982097805
-1.2228138337789907
-1.0489552831626165
-1.1189221058752294
-1.092602909409794
-1.0562553449790044
-0.8361853734368677
-0.9061521961494807
-0.879832999684045
-0.8434854352532556
-0.7635340511240306
-0.8335008738366435
-0.8071816773712079
-0.7708341129404183
-1.0662130354014918
-1.1361798581141047
-1.109860661648669
-1.0735130972178795
-1.2235532605577615
-1.2935200832703744
-1.267200886804939
-1.2308533223741491
-1.0107833508320128
-1.0807501735446254
-1.05443097707919
-1.0180834126484004
-0.9381320285191753
-1.0080988512317883
-0.9817796547663529
-0.9454320903355632
-1.2408110127966367
-1.3107778355092496
-1.2844586390438144
-1.2481110746130246
-0.9294230785190727
-0.9993899012316857
-0.9730707047662501
-0.9367231403354607
-0.7166531687933239
-0.7866199915059369
-0.7603007950405013
-0.7239532306097115
-0.6440018464804865
-0.7139686691930998
-0.6876494727276641
-0.6513019082968744
-0.9466808307579477
-1.0166476534705606
-0.9903284570051251
-0.9539808925743356
-1.3697504430748033
-1.439717265787416
-1.4133980693219808
-1.377050504891191
-1.1569805333490544
-1.2269473560616673
-1.2006281595962318
-1.1642805951654422
-1.0843292110362173
-1.1542960337488302
-1.1279768372833947
-1.091629272852605
-1.3870081953136786
-1.456975018026291
-1.4306558215608556
-1.394308257130066
-1.220449706513692
-1.2904165292263048
-1.2640973327608693
-1.2277497683300795
-1.0076797967879432
-1.0776466195005558
-1.0513274230351202
-1.0149798586043308
-0.9350284744751057
-1.004995297187719
-0.9786761007222832
-0.9423285362914936
-1.237707458752567
-1.3076742814651796
-1.2813550849997446
-1.2450075205689548
-1.3950476839088368
-1.46501450662145
-1.4386953101560145
-1.402347745725225
-1.1822777741830879
-1.2522445968957008
-1.2259254004302655
-1.1895778359994758
-1.1096264518702508
-1.1795932745828634
-1.153274078117428
-1.1169265136866384
-1.412305436147712
-1.4822722588603248
-1.4559530623948895
-1.4196054979640997
-1.0210622601454782
-1.0910290828580913
-1.0647098863926558
-1.028362321961866
-0.8082923504197294
-0.8782591731323424
-0.851939976666907
-0.8155924122361173
-0.7356410281068922
-0.8056078508195053
-0.7792886543540696
-0.7429410899232801
-1.0383200123843535
-1.1082868350969663
-1.081967638631531
-1.0456200742007413
-1.461389624701209
-1.5313564474138215
-1.5050372509483863
-1.4686896865175965
-1.2486197149754603
-1.3185865376880728
-1.2922673412226373
-1.2559197767918477
-1.175968392662623
-1.2459352153752359
-1.2196160189098004
-1.1832684544790106
-1.478647376940084
-1.5486141996526968
-1.5222950031872613
-1.4859474387564717
-1.3120888881400974
-1.3820557108527103
-1.3557365143872746
-1.3193889499564853
-1.0993189784143487
-1.1692858011269613
-1.142966604661526
-1.1066190402307363
-1.0266676561015116
-1.0966344788141245
-1.0703152823486888
-1.0339677179178992
-1.3293466403789724
-1.3993134630915853
-1.37299426662615
-1.3366467021953603
-1.4866868655352425
-1.5566536882478554
-1.53033449178242
-1.4939869273516304
-1.2739169558094936
-1.3438837785221063
-1.317564582056671
-1.2812170176258812
-1.2012656334966565
-1.2712324562092692
-1.2449132597438337
-1.2085656953130441
-1.5039446177741176
-1.5739114404867303
-1.547592244021295
-1.5112446795905052
-0.7768619444014261
-0.8468287671140392
-0.8205095706486036
-0.784162006217814
-0.5640920346756773
-0.6340588573882904
-0.6077396609228548
-0.5713920964920651
-0.49144071236284004
-0.561407535075453
-0.5350883386100175
-0.4987407741792279
-0.7941196966403012
-0.8640865193529143
-0.8377673228874786
-0.8014197584566891
-1.2171893089571568
-1.2871561316697695
-1.2608369352043343
-1.2244893707735445
-1.0044193992314079
-1.0743862219440208
-1.0480670254785853
-1.0117194610477958
-0.9317680769185707
-1.0017348996311837
-0.975415703165748
-0.9390681387349583
-1.234447061196032
-1.3044138839086448
-1.2780946874432095
-1.2417471230124197
-1.0678885723960454
-1.1378553951086583
-1.1115361986432226
-1.0751886342124333
-0.8551186626702965
-0.9250854853829095
-0.8987662889174738
-0.8624187244866843
-0.7824673403574594
-0.8524341630700722
-0.8261149666046367
-0.7897674021738472
-1.0851463246349204
-1.1551131473475336
-1.1287939508820979
-1.092446386451308
-1.2424865497911906
-1.3124533725038032
-1.2861341760383678
-1.2497866116075782
-1.0297166400654414
-1.0996834627780543
-1.0733642663126188
-1.0370167018818293
-0.9570653177526043
-1.0270321404652172
-1.0007129439997817
-0.9643653795689922
-1.2597443020300656
-1.3297111247426785
-1.303391928277243
-1.2670443638464535
-0.8573154417398712
-0.9272822644524842
-0.9009630679870485
-0.864615503556259
-0.6445455320141223
-0.7145123547267354
-0.6881931582612997
-0.65184559383051
-0.571894209701285
-0.6418610324138979
-0.6155418359484623
-0.5791942715176729
-0.8745731939787463
-0.9445400166913593
-0.9182208202259238
-0.881873255795134
-1.2976428062956018
-1.3676096290082145
-1.341290432542779
-1.3049428681119895
-1.0848728965698529
-1.1548397192824658
-1.1285205228170303
-1.0921729583862405
-1.0122215742570155
-1.0821883969696287
-1.055869200504193
-1.0195216360734034
-1.3149005585344768
-1.3848673812470897
-1.3585481847816543
-1.3222006203508647
-1.1483420697344902
-1.2183088924471035
-1.1919896959816678
-1.155642131550878
-0.9355721600087413
-1.0055389827213546
-0.9792197862559188
-0.9428722218251292
-0.8629208376959042
-0.9328876604085171
-0.9065684639430815
-0.8702208995122921
-1.1655998219733654
-1.2355666446859783
-1.2092474482205426
-1.1728998837897533
-1.3229400471296353
-1.3929068698422484
-1.3665876733768128
-1.330240108946023
-1.1101701374038864
-1.1801369601164993
-1.1538177636510638
-1.1174701992202742
-1.037518815091049
-1.1074856378036622
-1.0811664413382265
-1.0448188769074371
-1.3401977993685106
-1.4101646220811233
-1.383845425615688
-1.3474978611848982
-1.0288098650909463
-1.0987766878035594
-1.0724574913381237
-1.0361099269073342
-0.8160399553651975
-0.8860067780778107
-0.8596875816123749
-0.8233400171815854
-0.7433886330523604
-0.8133554557649734
-0.7870362592995377
-0.7506886948687482
-1.0460676173298216
-1.1160344400424345
-1.089715243576999
-1.0533676791462094
-1.4691372296466771
-1.5391040523592896
-1.5127848558938544
-1.4764372914630646
-1.2563673199209284
-1.326334142633541
-1.3000149461681056
-1.2636673817373159
-1.1837159976080909
-1.2536828203207038
-1.2273636238552683
-1.1910160594244785
-1.4863949818855522
-1.556361804598165
-1.5300426081327296
-1.49369504370194
-1.3198364930855655
-1.3898033157981784
-1.363484119332743
-1.3271365549019536
-1.1070665833598168
-1.1770334060724297
-1.1507142096069942
-1.1143666451762047
-1.0344152610469797
-1.1043820837595926
-1.078062887294157
-1.0417153228633675
-1.3370942453244408
-1.4070610680370534
-1.3807418715716182
-1.3443943071408284
-1.4944344704807109
-1.5644012931933235
-1.538082096727888
-1.5017345322970985
-1.2816645607549617
-1.3516313834675746
-1.3253121870021394
-1.2889646225713496
-1.2090132384421244
-1.2789800611547373
-1.2526608646893018
-1.2163133002585123
-1.511692222719586
-1.5816590454321988
-1.5553398489667634
-1.5189922845359736
-1.120449046717352
-1.190415869429965
-1.1640966729645295
-1.1277491085337397
-0.9076791369916033
-0.9776459597042162
-0.9513267632387806
-0.914979198807991
-0.8350278146787661
-0.9049946373913791
-0.8786754409259435
-0.8423278764951537
-1.1377067989562273
-1.20767362166884
-1.1813544252034045
-1.145006860772615
-1.5607764112730826
-1.630743233985695
-1.60442403752026
-1.5680764730894703
-1.348006501547334
-1.4179733242599466
-1.3916541277945111
-1.3553065633637216
-1.2753551792344966
-1.3453220019471095
-1.319002805481674
-1.2826552410508845
-1.578034163511958
-1.6480009862245706
-1.6216817897591354
-1.5853342253283456
-1.4114756747119712
-1.4814424974245841
-1.4551233009591484
-1.4187757365283589
-1.1987057649862225
-1.2686725876988352
-1.2423533912334
-1.2060058268026101
-1.1260544426733852
-1.196021265385998
-1.1697020689205628
-1.133354504489773
-1.4287334269508463
-1.498700249663459
-1.4723810531980237
-1.436033488767234
-1.5860736521071161
-1.656040474819729
-1.6297212783542936
-1.593373713923504
-1.3733037423813674
-1.4432705650939803
-1.4169513686285449
-1.380603804197755
-1.3006524200685299
-1.3706192427811428
-1.3443000463157075
-1.3079524818849178
-1.6033314043459914
-1.6732982270586043
-1.6469790305931689
-1.610631466162379
-0.8762487309732999
-0.9462155536859129
-0.9198963572204772
-0.8835487927896878
-0.6634788212475511
-0.7334456439601641
-0.7071264474947284
-0.670778883063939
-0.5908274989347138
-0.6607943216473269
-0.6344751251818913
-0.5981275607511016
-0.8935064832121751
-0.9634733059247881
-0.9371541094593525
-0.900806545028563
-1.3165760955290304
-1.3865429182416433
-1.3602237217762079
-1.3238761573454183
-1.1038061858032817
-1.1737730085158944
-1.147453812050459
-1.1111062476196694
-1.0311548634904442
-1.1011216862030573
-1.0748024897376218
-1.0384549253068323
-1.3338338477679057
-1.4038006704805184
-1.3774814740150831
-1.3411339095842933
-1.1672753589679192
-1.237242181680532
-1.2109229852150964
-1.1745754207843069
-0.9545054492421703
-1.0244722719547832
-0.9981530754893477
-0.9618055110585583
-0.881854126929333
-0.9518209496419459
-0.9255017531765103
-0.8891541887457208
-1.1845331112067943
-1.254499933919407
-1.2281807374539717
-1.191833173023182
-1.3418733363630642
-1.411840159075677
-1.3855209626102414
-1.3491733981794518
-1.1291034266373152
-1.1990702493499283
-1.1727510528844927
-1.136403488453703
-1.056452104324478
-1.1264189270370908
-1.1000997305716553
-1.0637521661408658
-1.3591310886019392
-1.4290979113145523
-1.4027787148491166
-1.3664311504183273
