-1.0456967477374937
-1.2378726761310908
-1.11433339592174
-0.9358067700690018
-0.7658825506357855
-0.9580584790293823
-0.8345191988200318
-0.6559925729672936
-0.8713080832925453
-1.0634840116861424
-0.9399447314767917
-0.7614181056240534
-0.8329014646566532
-1.02507739305025
-0.9015381128408996
-0.7230114869881611
-1.2606528698583626
-1.4528287982519597
-1.329289518042609
-1.1507628921898705
-0.9808386727566543
-1.1730146011502514
-1.0494753209409005
-0.8709486950881623
-1.0862642054134142
-1.278440133807011
-1.1549008535976604
-0.976374227744922
-1.047857586777522
-1.2400335151711188
-1.1164942349617681
-0.93796760910903
-1.1723612923355253
-1.3645372207291224
-1.2409979405197715
-1.0624713146670333
-0.8925470952338171
-1.0847230236274141
-0.9611837434180633
-0.7826571175653251
-0.9979726278905771
-1.1901485562841738
-1.0666092760748231
-0.8880826502220849
-0.9595660092546847
-1.1517419376482818
-1.028202657438931
-0.8496760315861928
-1.041118255906686
-1.2332941843002831
-1.1097549040909325
-0.9312282782381942
-0.7613040588049779
-0.9534799871985747
-0.8299407069892242
-0.6514140811364859
-0.8667295914617377
-1.0589055198553345
-0.935366239645984
-0.7568396137932457
-0.8283229728258457
-1.0204989012194423
-0.8969596210100917
-0.7184329951573535
-1.0187830387668078
-1.2109589671604046
-1.0874196869510542
-0.9088930610983158
-0.7389688416650996
-0.9311447700586966
-0.807605489849346
-0.6290788639966077
-0.8443943743218593
-1.0365703027154562
-0.9130310225061057
-0.7345043966533674
-0.8059877556859671
-0.9981636840795641
-0.8746244038702136
-0.6960977780174753
-1.2337391608876764
-1.425915089281273
-1.3023758090719229
-1.1238491832191846
-0.9539249637859682
-1.1461008921795652
-1.0225616119702146
-0.8440349861174763
-1.059350496442728
-1.251526424836325
-1.1279871446269745
-0.9494605187742362
-1.0209438778068358
-1.2131198062004327
-1.0895805259910822
-0.9110539001383441
-1.1454475833648394
-1.3376235117584365
-1.2140842315490856
-1.0355576056963474
-0.8656333862631311
-1.057809314656728
-0.9342700344473774
-0.7557434085946392
-0.9710589189198909
-1.1632348473134877
-1.0396955671041372
-0.8611689412513989
-0.9326523002839989
-1.1248282286775957
-1.0012889484682452
-0.8227623226155069
-1.0142045469360002
-1.206380475329597
-1.0828411951202466
-0.9043145692675082
-0.734390349834292
-0.926566278227889
-0.8030269980185384
-0.6245003721658
-0.8398158824910517
-1.0319918108846486
-0.9084525306752981
-0.7299259048225598
-0.8014092638551595
-0.9935851922487565
-0.870045912039406
-0.6915192861866677
-0.9555272237598412
-1.1477031521534382
-1.0241638719440875
-0.8456372460913494
-0.675713026658133
-0.8678889550517299
-0.7443496748423793
-0.5658230489896411
-0.7811385593148928
-0.9733144877084898
-0.8497752074991393
-0.671248581646401
-0.7427319406790008
-0.9349078690725975
-0.811368588863247
-0.6328419630105088
-1.17048334588071
-1.3626592742743069
-1.2391199940649564
-1.0605933682122182
-0.8906691487790018
-1.0828450771725988
-0.959305796963248
-0.7807791711105098
-0.9960946814357614
-1.1882706098293585
-1.0647313296200078
-0.8862047037672696
-0.9576880627998694
-1.1498639911934665
-1.0263247109841158
-0.8477980851313776
-1.082191768357873
-1.2743676967514699
-1.1508284165421192
-0.972301790689381
-0.8023775712561646
-0.9945534996497617
-0.871014219440411
-0.6924875935876728
-0.9078031039129244
-1.0999790323065213
-0.9764397520971707
-0.7979131262444324
-0.8693964852770324
-1.0615724136706293
-0.9380331334612787
-0.7595065076085404
-0.9509487319290337
-1.1431246603226306
-1.01958538011328
-0.8410587542605418
-0.6711345348273254
-0.8633104632209224
-0.7397711830115717
-0.5612445571588335
-0.7765600674840852
-0.9687359958776822
-0.8451967156683317
-0.6666700898155934
-0.7381534488481932
-0.9303293772417901
-0.8067900970324394
-0.6282634711797012
-0.9833098774755987
-1.1754858058691957
-1.0519465256598453
-0.8734198998071069
-0.7034956803738904
-0.8956716087674875
-0.7721323285581368
-0.5936057027053986
-0.8089212130306503
-1.0010971414242473
-0.8775578612148968
-0.6990312353621585
-0.7705145943947583
-0.9626905227883551
-0.8391512425790045
-0.6606246167262663
-1.1982659995964675
-1.3904419279900644
-1.266902647780714
-1.0883760219279754
-0.9184518024947593
-1.1106277308883563
-0.9870884506790055
-0.8085618248262674
-1.0238773351515191
-1.216053263545116
-1.0925139833357653
-0.9139873574830272
-0.985470716515627
-1.177646644909224
-1.0541073646998733
-0.8755807388471352
-1.1099744220736305
-1.3021503504672276
-1.1786110702578767
-1.0000844444051387
-0.8301602249719222
-1.0223361533655193
-0.8987968731561686
-0.7202702473034304
-0.935585757628682
-1.1277616860222788
-1.0042224058129283
-0.82569577996019
-0.89717913899279
-1.0893550673863868
-0.9658157871770362
-0.7872891613242979
-0.9787313856447911
-1.170907314038388
-1.0473680338290376
-0.8688414079762993
-0.698917188543083
-0.8910931169366799
-0.7675538367273292
-0.5890272108745911
-0.8043427211998427
-0.9965186495934398
-0.8729793693840892
-0.6944527435313508
-0.7659361025639507
-0.9581120309575476
-0.834572750748197
-0.6560461248954588
-1.0172704993625514
-1.2094464277561483
-1.0859071475467978
-0.9073805216940594
-0.7374563022608432
-0.9296322306544402
-0.8060929504450894
-0.6275663245923513
-0.8428818349176029
-1.0350577633112
-0.9115184831018492
-0.732991857249111
-0.8044752162817108
-0.9966511446753078
-0.8731118644659572
-0.694585238613219
-1.23222662148342
-1.4244025498770168
-1.3008632696676663
-1.122336643814928
-0.9524124243817119
-1.144588352775309
-1.0210490725659582
-0.84252244671322
-1.057837957038472
-1.2500138854320688
-1.126474605222718
-0.9479479793699799
-1.0194313384025797
-1.2116072667961764
-1.088067986586826
-0.9095413607340875
-1.1439350439605829
-1.33611097235418
-1.2125716921448293
-1.034045066292091
-0.8641208468588749
-1.0562967752524717
-0.9327574950431211
-0.7542308691903828
-0.9695463795156346
-1.1617223079092316
-1.038183027699881
-0.8596564018471425
-0.9311397608797426
-1.1233156892733394
-0.9997764090639887
-0.8212497832112504
-1.0126920075317438
-1.2048679359253407
-1.08132865571599
-0.9028020298632518
-0.7328778104300356
-0.9250537388236325
-0.801514458614282
-0.6229878327615437
-0.8383033430867955
-1.0304792714803923
-0.9069399912710416
-0.7284133654183034
-0.7998967244509032
-0.9920726528445002
-0.8685333726351496
-0.6900067467824114
-0.9903567903918655
-1.1825327187854624
-1.0589934385761117
-0.8804668127233736
-0.7105425932901572
-0.9027185216837542
-0.7791792414744035
-0.6006526156216653
-0.8159681259469171
-1.008144054340514
-0.8846047741311635
-0.7060781482784252
-0.777561507311025
-0.9697374357046219
-0.8461981554952711
-0.667671529642533
-1.2053129125127342
-1.397488840906331
-1.2739495606969806
-1.0954229348442424
-0.925498715411026
-1.117674643804623
-0.9941353635952724
-0.8156087377425342
-1.0309242480677858
-1.2231001764613827
-1.0995608962520322
-0.9210342703992939
-0.9925176294318936
-1.1846935578254907
-1.06115427761614
-0.8826276517634017
-1.117021334989897
-1.309197263383494
-1.1856579831741434
-1.0071313573214051
-0.8372071378881888
-1.0293830662817858
-0.9058437860724352
-0.727317160219697
-0.9426326705449486
-1.1348085989385455
-1.011269318729195
-0.8327426928764567
-0.9042260519090566
-1.0964019803026535
-0.9728627000933029
-0.7943360742405646
-0.9857782985610578
-1.1779542269546548
-1.0544149467453041
-0.875888320892566
-0.7059641014593496
-0.8981400298529466
-0.7746007496435959
-0.5960741237908577
-0.8113896341161094
-1.0035655625097064
-0.8800262823003558
-0.7014996564476176
-0.7729830154802174
-0.9651589438738143
-0.8416196636644636
-0.6630930378117253
-0.927100975384899
-1.119276903778496
-0.9957376235691453
-0.817210997716407
-0.6472867782831907
-0.8394627066767878
-0.7159234264674371
-0.5373968006146987
-0.7527123109399506
-0.9448882393335475
-0.8213489591241968
-0.6428223332714587
-0.7143056923040585
-0.9064816206976554
-0.7829423404883048
-0.6044157146355664
-1.1420570975057676
-1.3342330258993647
-1.210693745690014
-1.0321671198372757
-0.8622429004040595
-1.0544188287976564
-0.9308795485883058
-0.7523529227355675
-0.9676684330608193
-1.1598443614544163
-1.0363050812450656
-0.8577784553923274
-0.9292618144249271
-1.121437742818524
-0.9978984626091735
-0.8193718367564352
-1.0537655199829306
-1.2459414483765274
-1.122402168167177
-0.9438755423144386
-0.7739513228812224
-0.9661272512748192
-0.8425879710654686
-0.6640613452127304
-0.8793768555379821
-1.071552783931579
-0.9480135037222284
-0.7694868778694901
-0.8409702369020899
-1.0331461652956868
-0.9096068850863364
-0.7310802592335981
-0.9225224835540914
-1.1146984119476884
-0.9911591317383377
-0.8126325058855994
-0.6427082864523831
-0.8348842148459802
-0.7113449346366295
-0.5328183087838912
-0.7481338191091429
-0.9403097475027401
-0.8167704672933892
-0.638243841440651
-0.7097272004732509
-0.9019031288668478
-0.7783638486574972
-0.5998372228047589
-0.9548836291006566
-1.1470595574942535
-1.0235202772849028
-0.8449936514321646
-0.6750694319989483
-0.8672453603925453
-0.7437060801831946
-0.5651794543304564
-0.7804949646557081
-0.9726708930493051
-0.8491316128399543
-0.670604986987216
-0.7420883460198159
-0.934264274413413
-0.8107249942040623
-0.632198368351324
-1.1698397512215253
-1.3620156796151222
-1.2384763994057717
-1.0599497735530334
-0.8900255541198171
-1.082201482513414
-0.9586622023040633
-0.780135576451325
-0.9954510867765768
-1.1876270151701738
-1.0640877349608233
-0.8855611091080849
-0.9570444681406848
-1.1492203965342815
-1.025681116324931
-0.8471544904721928
-1.081548173698688
-1.2737241020922851
-1.1501848218829345
-0.9716581960301962
-0.8017339765969799
-0.9939099049905767
-0.8703706247812262
-0.6918439989284879
-0.9071595092537397
-1.0993354376473365
-0.9757961574379861
-0.7972695315852478
-0.8687528906178477
-1.0609288190114443
-0.937389538802094
-0.7588629129493557
-0.950305137269849
-1.1424810656634459
-1.0189417854540952
-0.840415159601357
-0.6704909401681407
-0.8626668685617377
-0.7391275883523871
-0.5606009624996487
-0.7759164728249005
-0.9680924012184975
-0.8445531210091467
-0.6660264951564085
-0.7375098541890085
-0.9296857825826054
-0.8061465023732547
-0.6276198765205164
-1.0172704993625514
-1.2094464277561483
-1.0859071475467978
-0.9073805216940594
-0.7374563022608432
-0.9296322306544402
-0.8060929504450894
-0.6275663245923513
-0.8428818349176029
-1.0350577633112
-0.9115184831018492
-0.732991857249111
-0.8044752162817108
-0.9966511446753078
-0.8731118644659572
-0.694585238613219
-1.23222662148342
-1.4244025498770168
-1.3008632696676663
-1.122336643814928
-0.9524124243817119
-1.144588352775309
-1.0210490725659582
-0.84252244671322
-1.057837957038472
-1.2500138854320688
-1.126474605222718
-0.9479479793699799
-1.0194313384025797
-1.2116072667961764
-1.088067986586826
-0.9095413607340875
-1.1439350439605829
-1.33611097235418
-1.2125716921448293
-1.034045066292091
-0.8641208468588749
-1.0562967752524717
-0.9327574950431211
-0.7542308691903828
-0.9695463795156346
-1.1617223079092316
-1.038183027699881
-0.8596564018471425
-0.9311397608797426
-1.1233156892733394
-0.9997764090639887
-0.8212497832112504
-1.0126920075317438
-1.2048679359253407
-1.08132865571599
-0.9028020298632518
-0.7328778104300356
-0.9250537388236325
-0.801514458614282
-0.6229878327615437
-0.8383033430867955
-1.0304792714803923
-0.9069399912710416
-0.7284133654183034
-0.7998967244509032
-0.9920726528445002
-0.8685333726351496
-0.6900067467824114
-0.9903567903918655
-1.1825327187854624
-1.0589934385761117
-0.8804668127233736
-0.7105425932901572
-0.9027185216837542
-0.7791792414744035
-0.6006526156216653
-0.8159681259469171
-1.008144054340514
-0.8846047741311635
-0.7060781482784252
-0.777561507311025
-0.9697374357046219
-0.8461981554952711
-0.667671529642533
-1.2053129125127342
-1.397488840906331
-1.2739495606969806
-1.0954229348442424
-0.925498715411026
-1.117674643804623
-0.9941353635952724
-0.8156087377425342
-1.0309242480677858
-1.2231001764613827
-1.0995608962520322
-0.9210342703992939
-0.9925176294318936
-1.1846935578254907
-1.06115427761614
-0.8826276517634017
-1.117021334989897
-1.309197263383494
-1.1856579831741434
-1.0071313573214051
-0.8372071378881888
-1.0293830662817858
-0.9058437860724352
-0.727317160219697
-0.9426326705449486
-1.1348085989385455
-1.011269318729195
-0.8327426928764567
-0.9042260519090566
-1.0964019803026535
-0.9728627000933029
-0.7943360742405646
-0.9857782985610578
-1.1779542269546548
-1.0544149467453041
-0.875888320892566
-0.7059641014593496
-0.8981400298529466
-0.7746007496435959
-0.5960741237908577
-0.8113896341161094
-1.0035655625097064
-0.8800262823003558
-0.7014996564476176
-0.7729830154802174
-0.9651589438738143
-0.8416196636644636
-0.6630930378117253
-0.927100975384899
-1.119276903778496
-0.9957376235691453
-0.817210997716407
-0.6472867782831907
-0.8394627066767878
-0.7159234264674371
-0.5373968006146987
-0.7527123109399506
-0.9448882393335475
-0.8213489591241968
-0.6428223332714587
-0.7143056923040585
-0.9064816206976554
-0.7829423404883048
-0.6044157146355664
-1.1420570975057676
-1.3342330258993647
-1.210693745690014
-1.0321671198372757
-0.8622429004040595
-1.0544188287976564
-0.9308795485883058
-0.7523529227355675
-0.9676684330608193
-1.1598443614544163
-1.0363050812450656
-0.8577784553923274
-0.9292618144249271
-1.121437742818524
-0.9978984626091735
-0.8193718367564352
-1.0537655199829306
-1.2459414483765274
-1.122402168167177
-0.9438755423144386
-0.7739513228812224
-0.9661272512748192
-0.8425879710654686
-0.6640613452127304
-0.8793768555379821
-1.071552783931579
-0.9480135037222284
-0.7694868778694901
-0.8409702369020899
-1.0331461652956868
-0.9096068850863364
-0.7310802592335981
-0.9225224835540914
-1.1146984119476884
-0.9911591317383377
-0.8126325058855994
-0.6427082864523831
-0.8348842148459802
-0.7113449346366295
-0.5328183087838912
-0.7481338191091429
-0.9403097475027401
-0.8167704672933892
-0.638243841440651
-0.7097272004732509
-0.9019031288668478
-0.7783638486574972
-0.5998372228047589
-0.9548836291006566
-1.1470595574942535
-1.0235202772849028
-0.8449936514321646
-0.6750694319989483
-0.8672453603925453
-0.7437060801831946
-0.5651794543304564
-0.7804949646557081
-0.9726708930493051
-0.8491316128399543
-0.670604986987216
-0.7420883460198159
-0.934264274413413
-0.8107249942040623
-0.632198368351324
-1.1698397512215253
-1.3620156796151222
-1.2384763994057717
-1.0599497735530334
-0.8900255541198171
-1.082201482513414
-0.9586622023040633
-0.780135576451325
-0.9954510867765768
-1.1876270151701738
-1.0640877349608233
-0.8855611091080849
-0.9570444681406848
-1.1492203965342815
-1.025681116324931
-0.8471544904721928
-1.081548173698688
-1.2737241020922851
-1.1501848218829345
-0.9716581960301962
-0.8017339765969799
-0.9939099049905767
-0.8703706247812262
-0.6918439989284879
-0.9071595092537397
-1.0993354376473365
-0.9757961574379861
-0.7972695315852478
-0.8687528906178477
-1.0609288190114443
-0.937389538802094
-0.7588629129493557
-0.950305137269849
-1.1424810656634459
-1.0189417854540952
-0.840415159601357
-0.6704909401681407
-0.8626668685617377
-0.7391275883523871
-0.5606009624996487
-0.7759164728249005
-0.9680924012184975
-0.8445531210091467
-0.6660264951564085
-0.7375098541890085
-0.9296857825826054
-0.8061465023732547
-0.6276198765205164
-1.0932005193257301
-1.285376447719327
-1.1618371675099766
-0.9833105416572382
-0.813386322224022
-1.0055622506176187
-0.8820229704082682
-0.7034963445555299
-0.9188118548807817
-1.1109877832743786
-0.9874485030650281
-0.8089218772122898
-0.8804052362448895
-1.0725811646384864
-0.9490418844291358
-0.7705152585763977
-1.3081566414465986
-1.5003325698401957
-1.376793289630845
-1.1982666637781068
-1.0283424443448907
-1.2205183727384876
-1.096979092529137
-0.9184524666763987
-1.1337679770016507
-1.3259439053952475
-1.2024046251858966
-1.0238779993331584
-1.0953613583657582
-1.287537286759355
-1.1639980065500046
-0.9854713806972665
-1.2198650639237616
-1.412040992317359
-1.288501712108008
-1.1099750862552697
-0.9400508668220535
-1.1322267952156506
-1.0086875150062997
-0.8301608891535616
-1.0454763994788134
-1.2376523278724103
-1.1141130476630596
-0.9355864218103213
-1.0070697808429212
-1.199245709236518
-1.0757064290271676
-0.8971798031744292
-1.0886220274949225
-1.2807979558885194
-1.157258675679169
-0.9787320498264306
-0.8088078303932144
-1.0009837587868111
-0.8774444785774606
-0.6989178527247223
-0.914233363049974
-1.106409291443571
-0.9828700112342204
-0.8043433853814822
-0.8758267444140819
-1.0680026728076788
-0.9444633925983283
-0.7659367667455901
-1.0662868103550442
-1.2584627387486411
-1.1349234585392904
-0.9563968326865521
-0.786472613253336
-0.9786485416469329
-0.8551092614375823
-0.676582635584844
-0.8918981459100959
-1.0840740743036927
-0.960534794094342
-0.7820081682416037
-0.8534915272742035
-1.0456674556678005
-0.9221281754584499
-0.7436015496057117
-1.281242932475913
-1.4734188608695096
-1.349879580660159
-1.171352954807421
-1.0014287353742046
-1.1936046637678015
-1.070065383558451
-0.8915387577057127
-1.1068542680309645
-1.2990301964245614
-1.175490916215211
-0.9969642903624726
-1.0684476493950723
-1.2606235777886694
-1.1370842975793187
-0.9585576717265805
-1.192951354953076
-1.385127283346673
-1.2615880031373221
-1.0830613772845838
-0.9131371578513675
-1.1053130862449645
-0.9817738060356139
-0.8032471801828757
-1.0185626905081273
-1.2107386189017242
-1.0871993386923737
-0.9086727128396355
-0.9801560718722352
-1.1723320002658322
-1.0487927200564815
-0.8702660942037433
-1.0617083185242366
-1.2538842469178335
-1.1303449667084828
-0.9518183408557445
-0.7818941214225283
-0.9740700498161253
-0.8505307696067748
-0.6720041437540364
-0.8873196540792883
-1.079495582472885
-0.9559563022635346
-0.7774296764107963
-0.8489130354433959
-1.041088963836993
-0.9175496836276423
-0.7390230577749041
-1.0030309953480776
-1.1952069237416747
-1.071667643532324
-0.8931410176795858
-0.7232167982463694
-0.9153927266399663
-0.7918534464306157
-0.6133268205778775
-0.8286423309031292
-1.0208182592967263
-0.8972789790873756
-0.7187523532346374
-0.7902357122672372
-0.982411640660834
-0.8588723604514833
-0.680345734598745
-1.2179871174689463
-1.4101630458625432
-1.2866237656531927
-1.1080971398004544
-0.9381729203672382
-1.130348848760835
-1.0068095685514844
-0.8282829426987462
-1.043598453023998
-1.2357743814175948
-1.1122351012082443
-0.9337084753555059
-1.0051918343881059
-1.1973677627817028
-1.0738284825723523
-0.8953018567196139
-1.1296955399461093
-1.3218714683397064
-1.1983321881303555
-1.0198055622776174
-0.8498813428444011
-1.042057271237998
-0.9185179910286475
-0.7399913651759092
-0.9553068755011608
-1.1474828038947578
-1.023943523685407
-0.8454168978326688
-0.9169002568652687
-1.1090761852588658
-0.9855369050495151
-0.8070102791967768
-0.99845250351727
-1.190628431910867
-1.0670891517015164
-0.8885625258487782
-0.7186383064155618
-0.9108142348091587
-0.7872749545998081
-0.60874832874707
-0.8240638390723216
-1.0162397674659187
-0.892700487256568
-0.7141738614038298
-0.7856572204364296
-0.9778331488300264
-0.8542938686206759
-0.6757672427679376
-1.030813649063835
-1.2229895774574322
-1.0994502972480815
-0.9209236713953434
-0.7509994519621269
-0.9431753803557239
-0.8196361001463733
-0.6411094742936351
-0.8564249846188868
-1.0486009130124838
-0.925061632803133
-0.7465350069503948
-0.8180183659829946
-1.0101942943765916
-0.8866550141672409
-0.7081283883145026
-1.245769771184704
-1.4379456995783009
-1.3144064193689504
-1.135879793516212
-0.9659555740829958
-1.1581315024765926
-1.034592222267242
-0.856065596414504
-1.0713811067397556
-1.2635570351333525
-1.1400177549240018
-0.9614911290712636
-1.0329744881038634
-1.2251504164974605
-1.1016111362881098
-0.9230845104353715
-1.157478193661867
-1.3496541220554636
-1.2261148418461132
-1.0475882159933751
-0.8776639965601586
-1.0698399249537556
-0.9463006447444049
-0.7677740188916666
-0.9830895292169184
-1.1752654576105153
-1.0517261774011646
-0.8731995515484264
-0.9446829105810263
-1.1368588389746233
-1.0133195587652726
-0.8347929329125344
-1.0262351572330275
-1.2184110856266246
-1.094871805417274
-0.9163451795645358
-0.7464209601313193
-0.9385968885249163
-0.8150576083155657
-0.6365309824628275
-0.8518464927880792
-1.0440224211816762
-0.9204831409723256
-0.7419565151195872
-0.8134398741521872
-1.005615802545784
-0.8820765223364333
-0.703549896483695
