-0.9121860551481037
-0.9360211588705423
-0.7571177022858703
-0.8234107301430039
-0.8188261047362085
-0.8426612084586473
-0.6637577518739751
-0.7300507797311087
-0.5247896408169657
-0.5486247445394042
-0.3697212879547322
-0.43601431581186567
-0.9132770473256006
-0.9371121510480392
-0.758208694463367
-0.8245017223205006
-1.1825343322723099
-1.2063694359947486
-1.0274659794100764
-1.0937590072672099
-1.0891743818604147
-1.1130094855828532
-0.9341060289981812
-1.0003990568553147
-0.7951379179411716
-0.8189730216636103
-0.6400695650789383
-0.7063625929360716
-1.1836253244498067
-1.2074604281722452
-1.0285569715875733
-1.094849999444707
-1.0714007144483688
-1.0952358181708073
-0.9163323615861354
-0.9826253894432687
-0.9780407640364736
-1.0018758677589121
-0.8229724111742401
-0.8892654390313737
-0.6840043001172306
-0.707839403839669
-0.5289359472549973
-0.5952289751121306
-1.0724917066258655
-1.0963268103483041
-0.9174233537636322
-0.9837163816207657
-1.0481693330459898
-1.0720044367684283
-0.8931009801837564
-0.9593940080408899
-0.9548093826340945
-0.9786444863565333
-0.7997410297718611
-0.8660340576289947
-0.6607729187148517
-0.6846080224372902
-0.5057045658526182
-0.5719975937097518
-1.0492603252234867
-1.0730954289459254
-0.8941919723612531
-0.9604850002183867
-0.886373438015601
-0.9102085417380397
-0.7313050851533677
-0.797598113010501
-0.7930134876037058
-0.8168485913261444
-0.6379451347414725
-0.704238162598606
-0.4989770236844627
-0.5228121274069013
-0.34390867082222915
-0.41020169867936274
-0.8874644301930978
-0.9112995339155364
-0.7323960773308644
-0.7986891051879977
-1.1567217151398068
-1.1805568188622457
-1.0016533622775734
-1.0679463901347073
-1.0633617647279119
-1.0871968684503506
-0.9082934118656785
-0.974586439722812
-0.7693253008086688
-0.7931604045311074
-0.6142569479464352
-0.6805499758035689
-1.157812707317304
-1.1816478110397426
-1.0027443544550705
-1.069037382312204
-1.045588097315866
-1.0694232010383047
-0.8905197444536325
-0.956812772310766
-0.952228146903971
-0.9760632506264095
-0.7971597940417373
-0.8634528218988711
-0.6581916829847277
-0.6820267867071663
-0.5031233301224943
-0.569416357979628
-1.0466790894933629
-1.0705141932158013
-0.8916107366311292
-0.957903764488263
-1.022356715913487
-1.0461918196359257
-0.8672883630512535
-0.9335813909083872
-0.9289967655015919
-0.9528318692240305
-0.7739284126393585
-0.8402214404964921
-0.6349603015823487
-0.6587954053047873
-0.4798919487201153
-0.546184976577249
-1.0234477080909838
-1.0472828118134223
-0.8683793552287502
-0.934672383085884
-1.1433849173391273
-1.1672200210615662
-0.988316564476894
-1.0546095923340275
-1.0500249669272324
-1.073860070649671
-0.8949566140649989
-0.9612496419221325
-0.755988503007989
-0.7798236067304278
-0.6009201501457556
-0.6672131780028892
-1.1444759095166244
-1.1683110132390628
-0.9894075566543906
-1.0557005845115244
-1.4137331944633331
-1.437568298185772
-1.2586648416010997
-1.3249578694582334
-1.3203732440514382
-1.3442083477738767
-1.1653048911892048
-1.2315979190463382
-1.0263367801321952
-1.0501718838546337
-0.8712684272699617
-0.9375614551270952
-1.41482418664083
-1.438659290363269
-1.2597558337785963
-1.3260488616357302
-1.302599576639392
-1.326434680361831
-1.1475312237771587
-1.2138242516342925
-1.2092396262274971
-1.2330747299499358
-1.0541712733652637
-1.1204643012223974
-0.915203162308254
-0.9390382660306926
-0.7601348094460206
-0.8264278373031542
-1.3036905688168892
-1.3275256725393276
-1.1486222159546555
-1.2149152438117892
-1.279368195237013
-1.303203298959452
-1.1242998423747796
-1.1905928702319135
-1.1860082448251181
-1.209843348547557
-1.030939891962885
-1.0972329198200184
-0.891971780905875
-0.9158068846283138
-0.7369034280436416
-0.8031964559007752
-1.2804591874145101
-1.3042942911369486
-1.1253908345522767
-1.1916838624094102
-0.708654884998227
-0.7324899887206655
-0.5535865321359937
-0.619879559993127
-0.6152949345863319
-0.6391300383087706
-0.4602265817240984
-0.5265196095812319
-0.3212584706670888
-0.34509357438952737
-0.16619011780485538
-0.2324831456619888
-0.709745877175724
-0.7335809808981625
-0.5546775243134905
-0.6209705521706238
-0.979003162122433
-1.0028382658448718
-0.8239348092601996
-0.8902278371173331
-0.8856432117105381
-0.9094783154329765
-0.7305748588483044
-0.7968678867054382
-0.5916067477912947
-0.6154418515137334
-0.43653839492906144
-0.5028314227861949
-0.98009415429993
-1.0039292580223687
-0.8250258014376965
-0.8913188292948301
-0.867869544298492
-0.8917046480209307
-0.7128011914362585
-0.7790942192933922
-0.774509593886597
-0.7983446976090356
-0.6194412410243634
-0.6857342688814971
-0.4804731299673539
-0.5043082336897924
-0.3254047771051204
-0.3916978049622539
-0.8689605364759889
-0.8927956401984275
-0.7138921836137553
-0.780185211470889
-0.8446381628961129
-0.8684732666185517
-0.6895698100338795
-0.7558628378910134
-0.751278212484218
-0.7751133162066566
-0.5962098596219846
-0.6625028874791181
-0.45724174856497496
-0.48107685228741354
-0.30217339570274143
-0.368466423559875
-0.8457291550736099
-0.8695642587960485
-0.6906608022113763
-0.75695383006851
-0.8522926092821356
-0.8761277130045741
-0.6972242564199022
-0.7635172842770357
-0.7589326588702403
-0.7827677625926789
-0.6038643060080069
-0.6701573338651404
-0.4648961949509973
-0.4887312986734359
-0.30982784208876385
-0.37612086994589744
-0.8533836014596322
-0.8772187051820711
-0.6983152485973989
-0.7646082764545324
-1.1226408864063415
-1.1464759901287802
-0.9675725335441082
-1.0338655614012415
-1.0292809359944464
-1.0531160397168848
-0.874212583132213
-0.9405056109893465
-0.7352444720752034
-0.7590795757976421
-0.5801761192129701
-0.6464691470701034
-1.1237318785838386
-1.1475669823062769
-0.9686635257216049
-1.0349565535787384
-1.0115072685824005
-1.0353423723048392
-0.856438915720167
-0.9227319435773005
-0.9181473181705052
-0.9419824218929439
-0.763078965308272
-0.8293719931654056
-0.6241108542512623
-0.647945957973701
-0.4690425013890289
-0.5353355292461625
-1.0125982607598973
-1.0364333644823358
-0.8575299078976639
-0.9238229357547975
-0.9882758871800215
-1.0121109909024602
-0.8332075343177882
-0.8995005621749217
-0.8949159367681264
-0.9187510404905649
-0.739847583905893
-0.8061406117630265
-0.6008794728488834
-0.624714576571322
-0.44581111998665
-0.5121041478437837
-0.9893668793575183
-1.0132019830799568
-0.8342985264952849
-0.9005915543524184
-0.8264799921496326
-0.8503150958720712
-0.6714116392873992
-0.7377046671445328
-0.7331200417377376
-0.7569551454601763
-0.5780516888755043
-0.6443447167326376
-0.4390835778184944
-0.46291868154093296
-0.2840152249562609
-0.3503082528133944
-0.8275709843271295
-0.8514060880495682
-0.6725026314648962
-0.7387956593220295
-1.0968282692738387
-1.1206633729962772
-0.9417599164116053
-1.0080529442687387
-1.0034683188619435
-1.0273034225843822
-0.84839996599971
-0.9146929938568437
-0.7094318549427003
-0.7332669586651389
-0.5543635020804669
-0.6206565299376005
-1.0979192614513353
-1.1217543651737742
-0.942850908589102
-1.0091439364462356
-0.9856946514498977
-1.0095297551723363
-0.8306262985876642
-0.8969193264447975
-0.8923347010380025
-0.9161698047604411
-0.7372663481757691
-0.8035593760329026
-0.5982982371187595
-0.6221333408411981
-0.443229884256526
-0.5095229121136595
-0.9867856436273945
-1.010620747349833
-0.831717290765161
-0.8980103186222945
-0.9624632700475186
-0.9862983737699572
-0.8073949171852852
-0.8736879450424188
-0.8691033196356235
-0.8929384233580623
-0.7140349667733901
-0.7803279946305236
-0.5750668557163805
-0.5989019594388192
-0.419998502854147
-0.4862915307112806
-0.9635542622250155
-0.9873893659474542
-0.808485909362782
-0.8747789372199157
-1.083491471473159
-1.1073265751955976
-0.9284231186109257
-0.9947161464680591
-0.9901315210612639
-1.0139666247837025
-0.8350631681990305
-0.9013561960561641
-0.6960950571420208
-0.7199301608644594
-0.5410267042797873
-0.6073197321369209
-1.0845824636506558
-1.1084175673730945
-0.9295141107884225
-0.995807138645556
-1.353839748597365
-1.3776748523198037
-1.1987713957351318
-1.265064423592265
-1.2604797981854703
-1.2843149019079088
-1.1054114453232367
-1.17170447318037
-0.9664433342662269
-0.9902784379886654
-0.8113749814039934
-0.877668009261127
-1.3549307407748616
-1.3787658444973006
-1.1998623879126284
-1.266155415769762
-1.242706130773424
-1.2665412344958624
-1.0876377779111905
-1.1539308057683242
-1.149346180361529
-1.1731812840839675
-0.9942778274992954
-1.0605708553564288
-0.8553097164422857
-0.8791448201647244
-0.7002413635800525
-0.766534391437186
-1.2437971229509206
-1.2676322266733595
-1.0887287700886872
-1.1550217979458208
-1.219474749371045
-1.2433098530934834
-1.0644063965088115
-1.1306994243659452
-1.12611479895915
-1.1499499026815885
-0.9710464460969166
-1.03733947395405
-0.8320783350399068
-0.8559134387623454
-0.6770099821776735
-0.743303010034807
-1.2205657415485418
-1.2444008452709805
-1.0654973886863084
-1.131790416543442
-0.6487614391322586
-0.6725965428546973
-0.4936930862700253
-0.5599861141271586
-0.5554014887203635
-0.5792365924428021
-0.4003331358581301
-0.4666261637152636
-0.26136502480112056
-0.28520012852355914
-0.10629667193888709
-0.17258969979602062
-0.6498524313097556
-0.673687535032194
-0.4947840784475221
-0.5610771063046556
-0.9191097162564648
-0.9429448199789036
-0.7640413633942313
-0.8303343912513649
-0.8257497658445696
-0.8495848695670084
-0.6706814129823362
-0.7369744408394697
-0.5317133019253266
-0.5555484056477652
-0.3766449490630931
-0.4429379769202267
-0.9202007084339617
-0.9440358121564003
-0.7651323555717281
-0.8314253834288619
-0.8079760984325238
-0.8318112021549624
-0.6529077455702902
-0.719200773427424
-0.7146161480206286
-0.7384512517430674
-0.5595477951583951
-0.6258408230155287
-0.4205796841013856
-0.44441478782382415
-0.26551133123915205
-0.33180435909628564
-0.8090670906100205
-0.8329021943324594
-0.6539987377477872
-0.7202917656049207
-0.7847447170301448
-0.8085798207525834
-0.6296763641679114
-0.6959693920250449
-0.6913847666182495
-0.7152198703406883
-0.5363164137560162
-0.60260944161315
-0.3973483026990066
-0.42118340642144525
-0.24227994983677317
-0.3085729776939068
-0.7858357092076415
-0.8096708129300804
-0.6307673563454081
-0.6970603842025419
-0.9403879443682851
-0.9642230480907237
-0.7853195915060518
-0.8516126193631853
-0.8470279939563901
-0.8708630976788287
-0.6919596410941565
-0.7582526689512901
-0.5529915300371471
-0.5768266337595856
-0.39792317717491354
-0.4642162050320471
-0.9414789365457819
-0.9653140402682207
-0.7864105836835484
-0.852703611540682
-1.2107362214924913
-1.23457132521493
-1.0556678686302579
-1.1219608964873915
-1.1173762710805961
-1.1412113748030348
-0.9623079182183626
-1.0286009460754961
-0.823339807161353
-0.8471749108837917
-0.6682714542991197
-0.734564482156253
-1.2118272136699881
-1.2356623173924268
-1.0567588608077547
-1.1230518886648884
-1.09960260366855
-1.1234377073909887
-0.9445342508063168
-1.01082727866345
-1.006242653256655
-1.0300777569790935
-0.8511743003944215
-0.9174673282515552
-0.7122061893374119
-0.7360412930598504
-0.5571378364751786
-0.623430864332312
-1.1006935958460469
-1.1245286995684856
-0.9456252429838136
-1.011918270840947
-1.0763712222661712
-1.1002063259886097
-0.9213028694039378
-0.9875958972610713
-0.9830112718542761
-1.0068463755767145
-0.8279429189920425
-0.8942359468491762
-0.6889748079350331
-0.7128099116574717
-0.5339064550727997
-0.6001994829299332
-1.0774622144436679
-1.1012973181661065
-0.9223938615814345
-0.9886868894385681
-0.9145753272357824
-0.9384104309582209
-0.7595069743735489
-0.8258000022306824
-0.8212153768238871
-0.8450504805463258
-0.6661470239616539
-0.7324400518187872
-0.5271789129046441
-0.5510140166270826
-0.3721105600424106
-0.4384035878995441
-0.9156663194132791
-0.9395014231357178
-0.7605979665510458
-0.8268909944081791
-1.1849236043599882
-1.2087587080824271
-1.0298552514977548
-1.0961482793548885
-1.0915636539480933
-1.115398757670532
-0.9364953010858599
-1.0027883289429935
-0.7975271900288502
-0.8213622937512888
-0.6424588371666166
-0.7087518650237503
-1.1860145965374853
-1.2098497002599238
-1.030946243675252
-1.0972392715323853
-1.0737899865360474
-1.097625090258486
-0.9187216336738139
-0.9850146615309474
-0.9804300361241522
-1.004265139846591
-0.8253616832619187
-0.8916547111190523
-0.6863935722049093
-0.7102286759273478
-0.5313252193426756
-0.5976182471998094
-1.0748809787135443
-1.0987160824359827
-0.9198126258513106
-0.9861056537084442
-1.0505586051336684
-1.074393708856107
-0.8954902522714349
-0.9617832801285684
-0.9571986547217732
-0.9810337584442119
-0.8021303018595399
-0.8684233297166735
-0.6631621908025302
-0.6869972945249688
-0.5080938379402967
-0.5743868657974304
-1.0516495973111653
-1.0754847010336037
-0.8965812444489316
-0.9628742723060654
-1.1715868065593087
-1.1954219102817472
-1.0165184536970753
-1.0828114815542087
-1.0782268561474135
-1.1020619598698524
-0.9231585032851801
-0.9894515311423137
-0.7841903922281704
-0.8080254959506092
-0.629122039365937
-0.6954150672230706
-1.1726777987368058
-1.196512902459244
-1.0176094458745721
-1.0839024737317056
-1.4419350836835145
-1.4657701874059534
-1.2868667308212811
-1.3531597586784148
-1.3485751332716196
-1.372410236994058
-1.1935067804093862
-1.2597998082665198
-1.0545386693523766
-1.0783737730748153
-0.8994703164901431
-0.9657633443472766
-1.4430260758610112
-1.46686117958345
-1.2879577229987782
-1.3542507508559116
-1.3308014658595737
-1.3546365695820122
-1.17573311299734
-1.2420261408544737
-1.2374415154476786
-1.2612766191701172
-1.0823731625854451
-1.1486661904425788
-0.9434050515284355
-0.967240155250874
-0.788336698666202
-0.8546297265233356
-1.3318924580370706
-1.355727561759509
-1.176824105174837
-1.2431171330319704
-1.3075700844571945
-1.3314051881796332
-1.152501731594961
-1.2187947594520947
-1.2142101340452995
-1.2380452377677384
-1.0591417811830661
-1.1254348090401998
-0.9201736701260566
-0.944008773848495
-0.765105317263823
-0.8313983451209566
-1.3086610766346916
-1.33249618035713
-1.1535927237724581
-1.2198857516295916
-0.7368567742184085
-0.7606918779408469
-0.5817884213561751
-0.6480814492133085
-0.6434968238065133
-0.667331927528952
-0.4884284709442798
-0.5547214988014133
-0.34946035988727026
-0.37329546360970883
-0.19439200702503676
-0.2606850348821703
-0.7379477663959052
-0.7617828701183439
-0.5828794135336719
-0.6491724413908052
-1.0072050513426147
-1.0310401550650532
-0.852136698480381
-0.9184297263375145
-0.9138451009307195
-0.937680204653158
-0.758776748068486
-0.8250697759256196
-0.6198086370114761
-0.6436437407339148
-0.46474028414924273
-0.5310333120063763
-1.0082960435201114
-1.0321311472425498
-0.8532276906578777
-0.9195207185150115
-0.8960714335186734
-0.9199065372411123
-0.74100308065644
-0.8072961085135736
-0.8027114831067782
-0.826546586829217
-0.6476431302445448
-0.7139361581016783
-0.5086750191875352
-0.5325101229099738
-0.35360666632530174
-0.4198996941824353
-0.8971624256961701
-0.9209975294186089
-0.7420940728339367
-0.8083871006910706
-0.8728400521162943
-0.8966751558387333
-0.717771699254061
-0.7840647271111946
-0.7794801017043994
-0.803315205426838
-0.6244117488421658
-0.6907047766992995
-0.48544363778515637
-0.5092787415075949
-0.33037528492292284
-0.3966683127800564
-0.8739310442937913
-0.8977661480162299
-0.7188626914315577
-0.7851557192886915
-1.0398589822881712
-1.0636940860106099
-0.8847906294259379
-0.9510836572830714
-0.9464990318762763
-0.970334135598715
-0.7914306790140427
-0.8577237068711763
-0.6524625679570331
-0.6762976716794717
-0.4973942150947997
-0.5636872429519332
-1.040949974465668
-1.0647850781881067
-0.8858816216034346
-0.9521746494605682
-1.3102072594123773
-1.3340423631348162
-1.1551389065501438
-1.2214319344072777
-1.2168473090004823
-1.240682412722921
-1.061778956138249
-1.1280719839953826
-0.9228108450812391
-0.9466459488036778
-0.7677424922190058
-0.8340355200761391
-1.3112982515898743
-1.3351333553123128
-1.156229898727641
-1.2225229265847743
-1.1990736415884364
-1.2229087453108751
-1.044005288726203
-1.1102983165833364
-1.105713691176541
-1.1295487948989797
-0.9506453383143078
-1.0169383661714413
-0.8116772272572982
-0.8355123309797367
-0.6566088743950647
-0.7229019022521982
-1.200164633765933
-1.223999737488372
-1.0450962809036997
-1.1113893087608335
-1.1758422601860574
-1.1996773639084959
-1.020773907323824
-1.0870669351809574
-1.082482309774162
-1.106317413496601
-0.9274139569119287
-0.9937069847690623
-0.7884458458549192
-0.8122809495773579
-0.6333774929926859
-0.6996705208498192
-1.1769332523635543
-1.200768356085993
-1.0218648995013206
-1.0881579273584543
-1.0140463651556686
-1.037881468878107
-0.858978012293435
-0.9252710401505685
-0.9206864147437734
-0.944521518466212
-0.76561806188154
-0.8319110897386736
-0.6266499508245302
-0.6504850545469689
-0.4715815979622967
-0.5378746258194304
-1.0151373573331655
-1.038972461055604
-0.8600690044709319
-0.9263620323280652
-1.2843946422798744
-1.3082297460023133
-1.129326289417641
-1.1956193172747747
-1.1910346918679795
-1.2148697955904182
-1.035966339005746
-1.10225936686288
-0.8969982279487364
-0.9208333316711749
-0.741929875086503
-0.8082229029436365
-1.2854856344573713
-1.3093207381798102
-1.130417281595138
-1.1967103094522717
-1.1732610244559336
-1.1970961281783723
-1.0181926715937
-1.0844856994508336
-1.0799010740440385
-1.1037361777664771
-0.924832721181805
-0.9911257490389386
-0.7858646101247954
-0.8096997138472339
-0.6307962572625619
-0.6970892851196955
-1.1743520166334305
-1.198187120355869
-1.0192836637711968
-1.0855766916283305
-1.1500296430535544
-1.1738647467759933
-0.9949612901913211
-1.0612543180484546
-1.0566696926416594
-1.0805047963640984
-0.901601339779426
-0.9678943676365596
-0.7626332287224163
-0.7864683324448549
-0.6075648758601829
-0.6738579037173165
-1.1511206352310515
-1.17495573895349
-0.996052282368818
-1.0623453102259515
-1.271057844479195
-1.2948929482016334
-1.1159894916169615
-1.1822825194740951
-1.1776978940673
-1.2015329977897384
-1.0226295412050666
-1.0889225690621998
-0.8836614301480565
-0.9074965338704953
-0.7285930772858232
-0.7948861051429568
-1.2721488366566915
-1.2959839403791302
-1.1170804837944581
-1.1833735116515918
-1.5414061216034007
-1.5652412253258394
-1.3863377687411673
-1.4526307965983007
-1.448046171191506
-1.4718812749139443
-1.2929778183292724
-1.3592708461864058
-1.1540097072722628
-1.1778448109947013
-0.9989413544100292
-1.0652343822671628
-1.5424971137808976
-1.5663322175033365
-1.387428760918664
-1.4537217887757978
-1.4302725037794597
-1.4541076075018986
-1.2752041509172263
-1.34149717877436
-1.3369125533675648
-1.3607476570900032
-1.1818442005053311
-1.248137228362465
-1.0428760894483216
-1.0667111931707602
-0.8878077365860882
-0.9541007644432218
-1.4313634959569563
-1.4551985996793952
-1.2762951430947231
-1.3425881709518568
-1.4070411223770807
-1.4308762260995196
-1.2519727695148473
-1.3182657973719811
-1.3136811719651857
-1.3375162756876244
-1.1586128191029523
-1.224905846960086
-1.0196447080459425
-1.0434798117683814
-0.8645763551837092
-0.9308693830408428
-1.4081321145545778
-1.4319672182770162
-1.2530637616923441
-1.3193567895494778
-0.8363278121382947
-0.8601629158607331
-0.6812594592760614
-0.7475524871331947
-0.7429678617263994
-0.7668029654488381
-0.5878995088641662
-0.6541925367212997
-0.4489313978071563
-0.4727665015295949
-0.2938630449449228
-0.36015607280205636
-0.8374188043157916
-0.8612539080382301
-0.6823504514535581
-0.7486434793106914
-1.1066760892625005
-1.1305111929849394
-0.9516077364002672
-1.0179007642574007
-1.0133161388506056
-1.0371512425730443
-0.8582477859883721
-0.9245408138455057
-0.7192796749313624
-0.743114778653801
-0.5642113220691289
-0.6305043499262624
-1.1077670814399976
-1.1316021851624363
-0.952698728577764
-1.0189917564348976
-0.9955424714385596
-1.0193775751609984
-0.8404741185763261
-0.9067671464334597
-0.9021825210266646
-0.9260176247491032
-0.747114168164431
-0.8134071960215647
-0.6081460571074214
-0.63198116082986
-0.4530777042451879
-0.5193707321023214
-0.9966334636160565
-1.020468567338495
-0.8415651107538229
-0.9078581386109567
-0.9723110900361805
-0.9961461937586193
-0.8172427371739471
-0.8835357650310807
-0.8789511396242856
-0.9027862433467244
-0.7238827867620522
-0.7901758146191857
-0.5849146757050424
-0.608749779427481
-0.42984632284280894
-0.4961393506999425
-0.9734020822136775
-0.9972371859361161
-0.8183337293514439
-0.8846267572085776
