-0.9172547525375776
-1.0111102329780441
-0.8419360077400723
-0.7185176583188209
-0.7317287052898102
-0.8255841857302765
-0.6564099604923048
-0.5329916110710532
-0.4164800453401926
-0.510335525780659
-0.3411613005426873
-0.21774295112143574
-0.826179647879202
-0.9200351283196684
-0.7508609030816967
-0.6274425536604452
-1.2555133395042202
-1.3493688199446867
-1.180194594706715
-1.0567762452854632
-1.0699872922564524
-1.163842772696919
-0.9946685474589472
-0.8712501980376957
-0.7547386323068348
-0.8485941127473012
-0.6794198875093296
-0.5560015380880782
-1.1644382348458444
-1.258293715286311
-1.0891194900483392
-0.9657011406270876
-1.1406012328416018
-1.2344567132820683
-1.0652824880440965
-0.9418641386228449
-0.9550751855938342
-1.0489306660343007
-0.8797564407963291
-0.7563380913750775
-0.6398265256442167
-0.733682006084683
-0.5645077808467114
-0.4410894314254599
-1.0495261281832262
-1.1433816086236925
-0.974207383385721
-0.8507890339644694
-1.1173698514392227
-1.2112253318796893
-1.0420511066417175
-0.9186327572204659
-0.9318438041914553
-1.0256992846319217
-0.8565250593939501
-0.7331067099726984
-0.6165951442418378
-0.710450624682304
-0.5412763994443325
-0.417858050023081
-1.0262947467808472
-1.1201502272213135
-0.950976001983342
-0.8275576525620904
-0.8914421354050749
-0.9852976158455412
-0.8161233906075697
-0.692705041186318
-0.7059160881573073
-0.7997715685977738
-0.630597343359802
-0.5071789939385505
-0.3906674282076896
-0.48452290864815595
-0.31534868341018435
-0.19193033398893283
-0.8003670307466991
-0.8942225111871654
-0.7250482859491939
-0.6016299365279425
-1.2297007223717173
-1.3235562028121837
-1.154381977574212
-1.0309636281529606
-1.0441746751239498
-1.1380301555644161
-0.9688559303264446
-0.8454375809051929
-0.7289260151743321
-0.8227814956147985
-0.653607270376827
-0.5301889209555752
-1.1386256177133416
-1.2324810981538081
-1.0633068729158366
-0.9398885234945848
-1.114788615709099
-1.2086440961495655
-1.0394698709115935
-0.9160515214903422
-0.9292625684613315
-1.0231180489017977
-0.8539438236638262
-0.7305254742425747
-0.6140139085117138
-0.7078693889521801
-0.5386951637142084
-0.415276814292957
-1.0237135110507234
-1.1175689914911897
-0.9483947662532181
-0.8249764168319668
-1.09155723430672
-1.1854127147471865
-1.0162384895092147
-0.8928201400879632
-0.9060311870589525
-0.999886667499419
-0.8307124422614471
-0.7072940928401957
-0.5907825271093349
-0.6846380075498014
-0.5154637823118295
-0.3920454328905781
-1.0004821296483444
-1.0943376100888107
-0.925163384850839
-0.8017450354295877
-1.1484536147286013
-1.2423090951690676
-1.0731348699310959
-0.9497165205098445
-0.9629275674808337
-1.0567830479213
-0.8876088226833284
-0.7641904732620769
-0.6476789075312159
-0.7415343879716825
-0.5723601627337106
-0.4489418133124591
-1.0573785100702255
-1.151233990510692
-0.9820597652727204
-0.8586414158514688
-1.4867122016952434
-1.5805676821357102
-1.4113934568977382
-1.287975107476487
-1.301186154447476
-1.3950416348879424
-1.2258674096499709
-1.1024490602287194
-0.9859374944978584
-1.0797929749383248
-0.9106187497003532
-0.7872004002791015
-1.395637097036868
-1.4894925774773344
-1.3203183522393624
-1.1969000028181112
-1.3718000950326252
-1.4656555754730918
-1.29648135023512
-1.1730630008138685
-1.1862740477848577
-1.2801295282253242
-1.1109553029873525
-0.987536953566101
-0.8710253878352402
-0.9648808682757064
-0.7957066430377348
-0.6722882936164835
-1.2807249903742495
-1.3745804708147162
-1.2054062455767443
-1.081987896155493
-1.3485687136302464
-1.4424241940707128
-1.273249968832741
-1.1498316194114897
-1.1630426663824787
-1.256898146822945
-1.0877239215849734
-0.964305572163722
-0.8477940064328613
-0.9416494868733274
-0.7724752616353557
-0.6490569122141044
-1.2574936089718707
-1.3513490894123372
-1.1821748641743652
-1.058756514753114
-0.713723582387701
-0.807579062828167
-0.6384048375901957
-0.5149864881689442
-0.5281975351399334
-0.6220530155803997
-0.45287879034242806
-0.3294604409211765
-0.2129488751903158
-0.3068043556307821
-0.1376301303928105
-0.014211780971558936
-0.6226484777293252
-0.7165039581697916
-0.5473297329318202
-0.42391138351056845
-1.0519821693543432
-1.1458376497948097
-0.9766634245568381
-0.8532450751355867
-0.8664561221065757
-0.9603116025470423
-0.7911373773090704
-0.667719027887819
-0.5512074621569582
-0.6450629425974247
-0.4758887173594529
-0.35247036793820136
-0.9609070646959678
-1.0547625451364342
-0.8855883198984623
-0.762169970477211
-0.9370700626917251
-1.0309255431321915
-0.8617513178942197
-0.7383329684729684
-0.7515440154439574
-0.8453994958844241
-0.6762252706464522
-0.5528069212252007
-0.43629535549433995
-0.5301508359348063
-0.36097661069683457
-0.23755826127558308
-0.8459949580333496
-0.9398504384738158
-0.7706762132358442
-0.6472578638145928
-0.9138386812893461
-1.0076941617298125
-0.8385199364918406
-0.7151015870705894
-0.7283126340415786
-0.8221681144820451
-0.6529938892440732
-0.5295755398228218
-0.413063974091961
-0.5069194545324274
-0.33774522929445566
-0.21432687987320415
-0.8227635766309706
-0.916619057071437
-0.7474448318334652
-0.6240264824122138
-0.9443002740434492
-1.0381557544839155
-0.8689815292459439
-0.7455631798246924
-0.7587742267956816
-0.852629707236148
-0.6834554819981764
-0.5600371325769248
-0.4435255668460641
-0.5373810472865304
-0.3682068220485588
-0.24478847262730724
-0.8532251693850736
-0.94708064982554
-0.7779064245875683
-0.6544880751663167
-1.2825588610100915
-1.376414341450558
-1.2072401162125863
-1.0838217667913348
-1.097032813762324
-1.1908882942027903
-1.0217140689648188
-0.8982957195435671
-0.7817841538127064
-0.8756396342531727
-0.7064654090152012
-0.5830470595939498
-1.191483756351716
-1.2853392367921825
-1.116165011554211
-0.992746662132959
-1.1676467543474733
-1.2615022347879399
-1.092328009549968
-0.9689096601287164
-0.9821207070997057
-1.075976187540172
-0.9068019623022006
-0.7833836128809489
-0.6668720471500882
-0.7607275275905546
-0.591553302352583
-0.4681349529313314
-1.0765716496890976
-1.1704271301295641
-1.0012529048915926
-0.877834555470341
-1.1444153729450943
-1.2382708533855609
-1.0690966281475889
-0.9456782787263376
-0.9588893256973268
-1.052744806137793
-0.8835705808998215
-0.7601522314785699
-0.6436406657477094
-0.7374961461881756
-0.5683219209502041
-0.44490357152895244
-1.0533402682867188
-1.147195748727185
-0.9780215234892135
-0.8546031740679619
-0.9184876569109464
-1.0123431373514127
-0.8431689121134411
-0.7197505626921895
-0.7329616096631788
-0.8268170901036451
-0.6576428648656735
-0.534224515444422
-0.4177129497135611
-0.5115684301540274
-0.3423942049160558
-0.21897585549480433
-0.8274125522525708
-0.921268032693037
-0.7520938074550656
-0.6286754580338141
-1.256746243877589
-1.3506017243180548
-1.1814274990800835
-1.058009149658832
-1.0712201966298212
-1.1650756770702877
-0.995901451832316
-0.8724831024110645
-0.7559715366802037
-0.8498270171206701
-0.6806527918826984
-0.5572344424614466
-1.1656711392192132
-1.2595266196596797
-1.090352394421708
-0.9669340450004564
-1.1418341372149705
-1.2356896176554366
-1.066515392417465
-0.9430970429962138
-0.956308089967203
-1.0501635704076693
-0.8809893451696976
-0.7575709957484463
-0.6410594300175853
-0.7349149104580517
-0.5657406852200799
-0.44232233579882846
-1.0507590325565948
-1.1446145129970613
-0.9754402877590896
-0.8520219383378382
-1.1186027558125915
-1.2124582362530576
-1.043284011015086
-0.9198656615938348
-0.933076708564824
-1.0269321890052905
-0.8577579637673186
-0.7343396143460673
-0.6178280486152062
-0.7116835290556729
-0.542509303817701
-0.41909095439644956
-1.027527651154216
-1.1213831315946823
-0.9522089063567106
-0.8287905569354592
-1.1754991362344727
-1.2693546166749392
-1.1001803914369674
-0.976762042015716
-0.9899730889867051
-1.0838285694271717
-0.9146543441892
-0.7912359947679484
-0.6747244290370875
-0.768579909477554
-0.5994056842395821
-0.47598733481833067
-1.0844240315760971
-1.1782795120165637
-1.009105286778592
-0.8856869373573405
-1.5137577232011152
-1.6076132036415813
-1.4384389784036098
-1.3150206289823585
-1.3282316759533475
-1.422087156393814
-1.2529129311558422
-1.129494581734591
-1.01298301600373
-1.1068384964441964
-0.9376642712062248
-0.8142459217849731
-1.4226826185427395
-1.5165380989832058
-1.3473638737452343
-1.223945524323983
-1.3988456165384968
-1.4927010969789631
-1.3235268717409914
-1.20010852231974
-1.2133195692907293
-1.3071750497311958
-1.138000824493224
-1.0145824750719725
-0.8980709093411117
-0.9919263897815779
-0.8227521645436063
-0.6993338151223549
-1.3077705118801213
-1.4016259923205874
-1.2324517670826158
-1.1090334176613645
-1.3756142351361178
-1.4694697155765841
-1.3002954903386124
-1.176877140917361
-1.1900881878883502
-1.2839436683288168
-1.114769443090845
-0.9913510936695935
-0.8748395279387327
-0.9686950083791992
-0.7995207831412275
-0.6761024337199759
-1.2845391304777423
-1.3783946109182088
-1.2092203856802368
-1.0858020362589855
-0.7407691038935725
-0.8346245843340386
-0.6654503590960672
-0.5420320096748154
-0.5552430566458049
-0.6490985370862712
-0.47992431184829953
-0.356505962427048
-0.23999439669618725
-0.33384987713665365
-0.16467565189868194
-0.04125730247743042
-0.6496939992351968
-0.7435494796756631
-0.5743752544376917
-0.45095690501644
-1.0790276908602148
-1.1728831713006813
-1.0037089460627096
-0.8802905966414583
-0.8935016436124473
-0.9873571240529138
-0.818182898814942
-0.6947645493936906
-0.5782529836628297
-0.6721084641032959
-0.5029342388653244
-0.3795158894440729
-0.9879525862018392
-1.0818080666423058
-0.9126338414043339
-0.7892154919830825
-0.9641155841975966
-1.0579710646380631
-0.8887968394000912
-0.7653784899788398
-0.7785895369498291
-0.8724450173902955
-0.7032707921523238
-0.5798524427310721
-0.4633408770002114
-0.5571963574406777
-0.38802213220270604
-0.2646037827814546
-0.873040479539221
-0.9668959599796874
-0.7977217347417157
-0.6743033853204643
-0.9408842027952176
-1.034739683235684
-0.8655654579977122
-0.7421471085764608
-0.7553581555474501
-0.8492136359879164
-0.6800394107499448
-0.5566210613286933
-0.4401094955978325
-0.5339649760382988
-0.3647907508003272
-0.24137240137907562
-0.849809098136842
-0.9436645785773086
-0.7744903533393367
-0.6510720039180853
-0.7961142595696671
-0.8899697400101336
-0.7207955147721617
-0.5973771653509103
-0.6105882123218996
-0.704443692762366
-0.5352694675243943
-0.41185111810314284
-0.2953395523722821
-0.3891950328127484
-0.2200208075747768
-0.09660245815352522
-0.7050391549112917
-0.7988946353517579
-0.6297204101137862
-0.5063020606925347
-1.1343728465363097
-1.2282283269767762
-1.0590541017388044
-0.9356357523175528
-0.9488467992885421
-1.0427022797290084
-0.8735280544910367
-0.7501097050697851
-0.6335981393389244
-0.7274536197793907
-0.5582793945414193
-0.4348610451201677
-1.043297741877934
-1.1371532223184004
-0.9679789970804289
-0.8445606476591773
-1.0194607398736912
-1.1133162203141576
-0.9441419950761859
-0.8207236456549346
-0.8339346926259237
-0.9277901730663901
-0.7586159478284186
-0.6351975984071669
-0.5186860326763063
-0.6125415131167725
-0.4433672878788009
-0.3199489384575494
-0.9283856352153157
-1.022241115655782
-0.8530668904178105
-0.7296485409965588
-0.9962293584713123
-1.0900848389117785
-0.9209106136738069
-0.7974922642525556
-0.8107033112235448
-0.9045587916640111
-0.7353845664260396
-0.6119662170047879
-0.4954546512739274
-0.5893101317143937
-0.420135906476422
-0.2967175570551705
-0.9051542538129367
-0.9990097342534031
-0.8298355090154315
-0.7064171595941798
-0.7703016424371644
-0.8641571228776307
-0.6949828976396591
-0.5715645482184075
-0.5847755951893968
-0.678631075629863
-0.5094568503918915
-0.38603850097063985
-0.26952693523977916
-0.36338241568024543
-0.19420819044227383
-0.07078984102102236
-0.6792265377787888
-0.7730820182192549
-0.6039077929812836
-0.48048944356003187
-1.1085602294038068
-1.2024157098442734
-1.0332414846063014
-0.9098231351850501
-0.9230341821560392
-1.0168896625965056
-0.847715437358534
-0.7242970879372824
-0.6077855222064216
-0.701641002646888
-0.5324667774089161
-0.40904842798766466
-1.0174851247454313
-1.1113406051858976
-0.942166379947926
-0.8187480305266743
-0.9936481227411884
-1.087503603181655
-0.9183293779436831
-0.7949110285224317
-0.8081220754934209
-0.9019775559338873
-0.7328033306959156
-0.6093849812746642
-0.49287341554380326
-0.5867288959842696
-0.417554670746298
-0.2941363213250464
-0.9025730180828128
-0.9964284985232794
-0.8272542732853075
-0.7038359238640562
-0.9704167413388094
-1.064272221779276
-0.8950979965413043
-0.7716796471200527
-0.784890694091042
-0.8787461745315085
-0.7095719492935366
-0.5861535998722852
-0.46964203414142436
-0.5634975145818909
-0.39432328934391914
-0.2709049399226675
-0.879341636680434
-0.9731971171209002
-0.8040228918829285
-0.6806045424616772
-1.0273131217606908
-1.121168602201157
-0.9519943769631853
-0.8285760275419339
-0.8417870745129232
-0.9356425549533895
-0.7664683297154179
-0.6430499802941664
-0.5265384145633054
-0.620393895003772
-0.4512196697658002
-0.32780132034454873
-0.9362380171023152
-1.0300934975427818
-0.8609192723048099
-0.7375009228835585
-1.3655717087273331
-1.4594271891677997
-1.2902529639298277
-1.1668346145085764
-1.1800456614795656
-1.2739011419200321
-1.1047269166820604
-0.9813085672608087
-0.8647970015299481
-0.9586524819704143
-0.7894782567324427
-0.666059907311191
-1.2744966040689576
-1.368352084509424
-1.1991778592714522
-1.0757595098502009
-1.2506596020647147
-1.3445150825051813
-1.1753408572672093
-1.051922507845958
-1.0651335548169472
-1.1589890352574137
-0.9898148100194422
-0.8663964605981905
-0.7498848948673298
-0.8437403753077959
-0.6745661500698245
-0.5511478006485729
-1.1595844974063392
-1.2534399778468055
-1.0842657526088337
-0.9608474031875824
-1.2274282206623357
-1.3212837011028022
-1.1521094758648303
-1.0286911264435792
-1.0419021734145684
-1.1357576538550347
-0.9665834286170631
-0.8431650791958115
-0.7266535134649508
-0.8205089939054171
-0.6513347686674454
-0.5279164192461939
-1.1363531160039602
-1.2302085964444267
-1.061034371206455
-0.9376160217852034
-0.5925830894197904
-0.6864385698602565
-0.5172643446222852
-0.39384599520103347
-0.4070570421720228
-0.5009125226124892
-0.33173829737451754
-0.20831994795326597
-0.09180838222240525
-0.1856638626628716
-0.016489637424899943
0.10692871199635157
-0.5015079847614149
-0.5953634652018811
-0.42618923996390945
-0.302770890542658
-0.9308416763864327
-1.0246971568268992
-0.8555229315889276
-0.7321045821676762
-0.7453156291386652
-0.8391711095791318
-0.6699968843411599
-0.5465785349199085
-0.43006696918904763
-0.5239224496295142
-0.3547482243915423
-0.23132987497029084
-0.8397665717280572
-0.9336220521685237
-0.7644478269305518
-0.6410294775093005
-0.8159295697238146
-0.909785050164281
-0.7406108249263091
-0.6171924755050578
-0.6304035224760471
-0.7242590029165134
-0.5550847776785417
-0.43166642825729024
-0.3151548625264294
-0.40901034296689576
-0.23983611772892402
-0.1164177683076726
-0.724854465065439
-0.8187099455059055
-0.6495357202679337
-0.5261173708466823
-0.7926981883214356
-0.886553668761902
-0.7173794435239301
-0.5939610941026788
-0.6071721410736681
-0.7010276215141343
-0.5318533962761627
-0.4084350468549112
-0.2919234811240505
-0.38577896156451685
-0.2166047363265452
-0.09318638690529363
-0.70162308366306
-0.7954785641035265
-0.6263043388655547
-0.5028859894443032
-1.0191553268393145
-1.113010807279781
-0.9438365820418092
-0.8204182326205578
-0.8336292795915469
-0.9274847600320134
-0.7583105347940418
-0.6348921853727901
-0.5183806196419295
-0.6122361000823957
-0.4430618748444241
-0.3196435254231726
-0.9280802221809388
-1.0219357026214053
-0.8527614773834337
-0.729343127962182
-1.357413913805957
-1.4512693942464236
-1.2820951690084519
-1.1586768195872004
-1.1718878665581896
-1.2657433469986559
-1.096569121760684
-0.9731507723394325
-0.8566392066085717
-0.9504946870490382
-0.7813204618110665
-0.6579021123898151
-1.2663388091475813
-1.360194289588048
-1.1910200643500761
-1.0676017149288244
-1.2425018071433387
-1.3363572875838052
-1.1671830623458337
-1.0437647129245817
-1.056975759895571
-1.1508312403360377
-0.9816570150980657
-0.8582386656768144
-0.7417270999459534
-0.83558258038642
-0.6664083551484483
-0.5429900057271967
-1.151426702484963
-1.2452821829254297
-1.076107957687458
-0.9526896082662063
-1.21927042574096
-1.3131259061814262
-1.1439516809434545
-1.020533331522203
-1.0337443784931921
-1.1275998589336587
-0.9584256336956869
-0.8350072842744354
-0.7184957185435745
-0.812351198984041
-0.6431769737460693
-0.5197586243248179
-1.1281953210825841
-1.2220508015230505
-1.052876576285079
-0.9294582268638273
-0.9933427097068118
-1.087198190147278
-0.9180239649093065
-0.7946056154880549
-0.8078166624590442
-0.9016721428995105
-0.7324979176615388
-0.6090795682402875
-0.49256800250942656
-0.5864234829498929
-0.41724925771192123
-0.2938309082906697
-0.9022676050484361
-0.9961230854889024
-0.8269488602509308
-0.7035305108296794
-1.331601296673454
-1.4254567771139208
-1.2562825518759486
-1.1328642024546975
-1.1460752494256865
-1.239930729866153
-1.0707565046281813
-0.9473381552069299
-0.830826589476069
-0.9246820699165355
-0.7555078446785636
-0.6320894952573123
-1.2405261920150785
-1.3343816724555448
-1.1652074472175733
-1.0417890977963218
-1.2166891900108359
-1.3105446704513022
-1.1413704452133304
-1.0179520957920791
-1.0311631427630683
-1.1250186232035346
-0.9558443979655631
-0.8324260485443117
-0.7159144828134508
-0.809769963253917
-0.6405957380159454
-0.5171773885946939
-1.1256140853524603
-1.2194695657929266
-1.0502953405549549
-0.9268769911337036
-1.1934578086084568
-1.2873132890489232
-1.1181390638109514
-0.9947207143897001
-1.0079317613606895
-1.1017872418011558
-0.9326130165631841
-0.8091946671419327
-0.6926831014110718
-0.7865385818515382
-0.6173643566135664
-0.49394600719231485
-1.1023827039500813
-1.1962381843905476
-1.0270639591525759
-0.9036456097313246
-1.2503541890303382
-1.3442096694708046
-1.1750354442328328
-1.0516170948115815
-1.0648281417825705
-1.158683622223037
-0.9895093969850653
-0.8660910475638137
-0.749579481832953
-0.8434349622734193
-0.6742607370354478
-0.5508423876141959
-1.1592790843719627
-1.2531345648124288
-1.0839603395744573
-0.9605419901532056
-1.5886127759969806
-1.6824682564374467
-1.5132940311994751
-1.3898756817782238
-1.4030867287492128
-1.4969422091896796
-1.3277679839517076
-1.2043496345304563
-1.0878380687995952
-1.1816935492400618
-1.01251932400209
-0.8891009745808385
-1.497537671338605
-1.5913931517790714
-1.4222189265410996
-1.2988005771198483
-1.4737006693343622
-1.5675561497748285
-1.3983819245368567
-1.2749635751156054
-1.2881746220865944
-1.3820301025270612
-1.2128558772890894
-1.0894375278678379
-0.972925962136977
-1.0667814425774433
-0.8976072173394717
-0.7741888679182203
-1.3826255646759866
-1.476481045116453
-1.307306819878481
-1.1838884704572297
-1.4504692879319832
-1.5443247683724495
-1.3751505431344777
-1.2517321937132264
-1.2649432406842156
-1.3587987211246821
-1.1896244958867104
-1.0662061464654589
-0.9496945807345981
-1.0435500611750643
-0.8743758359370927
-0.7509574865158413
-1.3593941832736076
-1.453249663714074
-1.2840754384761022
-1.1606570890548509
-0.8156241566894379
-0.909479637129904
-0.7403054118919327
-0.616887062470681
-0.6300981094416702
-0.7239535898821365
-0.5547793646441649
-0.4313610152229134
-0.3148494494920527
-0.40870492993251895
-0.23953070469454735
-0.11611235527329583
-0.7245490520310621
-0.8184045324715286
-0.6492303072335571
-0.5258119578123054
-1.1538827436560801
-1.2477382240965467
-1.078563998858575
-0.9551456494373236
-0.9683566964083127
-1.062212176848779
-0.8930379516108073
-0.7696196021895559
-0.6531080364586951
-0.7469635168991613
-0.5777892916611898
-0.4543709422399382
-1.0628076389977046
-1.1566631194381711
-0.9874888942001993
-0.8640705447789478
-1.038970636993462
-1.1328261174339285
-0.9636518921959566
-0.8402335427747052
-0.8534445897456943
-0.9473000701861608
-0.7781258449481891
-0.6547074955269375
-0.5381959297960768
-0.6320514102365432
-0.4628771849985715
-0.33945883557731993
-0.9478955323350865
-1.0417510127755527
-0.8725767875375811
-0.7491584381163298
-1.015739255591083
-1.1095947360315495
-0.9404205107935776
-0.8170021613723262
-0.8302132083433155
-0.9240686887837818
-0.7548944635458101
-0.6314761141245587
-0.5149645483936979
-0.6088200288341642
-0.4396458035961926
-0.3162274541749411
-0.9246641509327075
-1.018519631373174
-0.849345406135202
-0.7259270567139507
