-0.8265135038795923
-1.0724210290584753
-0.9674360345583876
-0.9070038000749475
-0.6809176855497626
-0.9268252107286457
-0.8218402162285582
-0.7614079817451179
-0.7924770422911427
-1.0383845674700256
-0.933399572969938
-0.8729673384864979
-0.690297289965666
-0.9362048151445489
-0.8312198206444613
-0.7707875861610212
-1.055784684923631
-1.301692210102514
-1.1967072156024265
-1.1362749811189863
-0.9101888665938016
-1.1560963917726848
-1.051111397272597
-0.9906791627891567
-1.0217482233351816
-1.2676557485140643
-1.162670754013977
-1.1022385195305366
-0.9195684710097047
-1.1654759961885877
-1.0604910016885
-1.00005876720506
-0.7828896518612148
-1.0287971770400977
-0.9238121825400102
-0.86337994805657
-0.6372938335313854
-0.8832013587102683
-0.7782163642101807
-0.7177841297267403
-0.7488531902727652
-0.9947607154516481
-0.8897757209515605
-0.8293434864681204
-0.6466734379472886
-0.8925809631261714
-0.7875959686260839
-0.7271637341426437
-0.9327593712297051
-1.1786668964085878
-1.0736819019085002
-1.0132496674250602
-0.7871635528998753
-1.0330710780787582
-0.9280860835786707
-0.8676538490952306
-0.8987229096412552
-1.1446304348201382
-1.0396454403200506
-0.9792132058366104
-0.7965431573157785
-1.0424506824946616
-0.937465687994574
-0.8770334535111338
-0.8749841500407822
-1.1208916752196652
-1.0159066807195776
-0.9554744462361373
-0.7293883317109526
-0.9752958568898357
-0.8703108623897481
-0.8098786279063079
-0.8409476884523326
-1.0868552136312155
-0.9818702191311279
-0.9214379846476877
-0.7387679361268559
-0.9846754613057389
-0.8796904668056513
-0.8192582323222111
-1.1042553310848213
-1.3501628562637042
-1.2451778617636162
-1.1847456272801762
-0.9586595127549915
-1.2045670379338744
-1.099582043433787
-1.0391498089503468
-1.0702188694963717
-1.3161263946752546
-1.2111414001751666
-1.1507091656917265
-0.9680391171708947
-1.213946642349778
-1.10896164784969
-1.04852941336625
-0.8313602980224049
-1.0772678232012878
-0.9722828287012002
-0.9118505942177599
-0.6857644796925754
-0.9316720048714582
-0.8266870103713707
-0.7662547758879305
-0.7973238364339552
-1.0432313616128381
-0.9382463671127506
-0.8778141326293103
-0.6951440841084785
-0.9410516092873613
-0.8360666147872738
-0.7756343803038336
-0.9812300173908948
-1.227137542569778
-1.1221525480696901
-1.0617203135862499
-0.8356341990610653
-1.0815417242399483
-0.9765567297398606
-0.9161244952564204
-0.9471935558024451
-1.1931010809813283
-1.0881160864812405
-1.0276838519978002
-0.8450138034769685
-1.0909213286558517
-0.9859363341557639
-0.9255040996723236
-0.997080745986822
-1.242988271165705
-1.1380032766656172
-1.0775710421821774
-0.8514849276569925
-1.0973924528358756
-0.9924074583357878
-0.9319752238523477
-0.9630442843983723
-1.2089518095772553
-1.1039668150771678
-1.0435345805937277
-0.8608645320728957
-1.1067720572517787
-1.0017870627516912
-0.9413548282682509
-1.226351927030861
-1.4722594522097434
-1.3672744577096558
-1.3068422232262156
-1.0807561087010316
-1.326663633879914
-1.2216786393798267
-1.1612464048963866
-1.1923154654424113
-1.4382229906212942
-1.3332379961212062
-1.2728057616377664
-1.0901357131169347
-1.3360432382958176
-1.2310582437957296
-1.1706260093122898
-0.9534568939684447
-1.1993644191473274
-1.09437942464724
-1.0339471901637998
-0.8078610756386151
-1.053768600817498
-0.9487836063174105
-0.8883513718339703
-0.919420432379995
-1.1653279575588777
-1.0603429630587904
-0.9999107285753502
-0.8172406800545183
-1.0631482052334011
-0.9581632107333138
-0.8977309762498734
-1.1033266133369348
-1.3492341385158175
-1.24424914401573
-1.1838169095322897
-0.9577307950071051
-1.2036383201859882
-1.0986533256859006
-1.0382210912024603
-1.0692901517484852
-1.3151976769273679
-1.2102126824272803
-1.1497804479438403
-0.9671103994230084
-1.2130179246018913
-1.1080329301018037
-1.0476006956183634
-0.7352045204951764
-0.9811120456740593
-0.8761270511739716
-0.8156948166905313
-0.5896087021653468
-0.8355162273442296
-0.7305312328441423
-0.670098998360702
-0.7011680589067267
-0.9470755840856095
-0.8420905895855221
-0.7816583551020818
-0.5989883065812499
-0.8448958317601328
-0.7399108372600453
-0.6794786027766051
-0.9644757015392151
-1.210383226718098
-1.1053982322180105
-1.0449659977345704
-0.8188798832093858
-1.0647874083882685
-0.959802413888181
-0.8993701794047408
-0.9304392399507655
-1.1763467651296484
-1.0713617706295608
-1.0109295361461208
-0.8282594876252888
-1.0741670128041718
-0.9691820183040841
-0.908749783820644
-0.6915806684767989
-0.9374881936556818
-0.8325031991555942
-0.7720709646721539
-0.5459848501469694
-0.7918923753258523
-0.6869073808257647
-0.6264751463423245
-0.6575442068883492
-0.9034517320672322
-0.7984667375671446
-0.7380345030837046
-0.5553644545628725
-0.8012719797417555
-0.696286985241668
-0.6358547507582276
-0.8414503878452889
-1.0873579130241717
-0.9823729185240844
-0.921940684040644
-0.6958545695154594
-0.9417620946943421
-0.8367771001942548
-0.7763448657108145
-0.8074139262568393
-1.053321451435722
-0.9483364569356347
-0.8879042224521944
-0.7052341739313625
-0.9511416991102454
-0.8461567046101578
-0.7857244701267178
-0.8424427839784179
-1.0883503091573006
-0.9833653146572132
-0.9229330801737728
-0.6968469656485883
-0.9427544908274712
-0.8377694963273837
-0.7773372618439434
-0.8084063223899682
-1.0543138475688512
-0.9493288530687636
-0.8888966185853234
-0.7062265700644915
-0.9521340952433746
-0.847149100743287
-0.7867168662598466
-1.0717139650224567
-1.3176214902013392
-1.2126364957012516
-1.1522042612178118
-0.9261181466926272
-1.17202567187151
-1.0670406773714225
-1.0066084428879825
-1.037677503434007
-1.28358502861289
-1.1786000341128025
-1.1181677996293622
-0.9354977511085304
-1.1814052762874132
-1.0764202817873256
-1.0159880473038856
-0.7988189319600404
-1.0447264571389232
-0.9397414626388356
-0.8793092281553956
-0.653223113630211
-0.8991306388090937
-0.7941456443090062
-0.733713409825566
-0.7647824703715909
-1.0106899955504738
-0.9057050010503861
-0.8452727665669459
-0.6626027180461141
-0.908510243224997
-0.8035252487249095
-0.7430930142414692
-0.9486886513285305
-1.1945961765074133
-1.0896111820073258
-1.0291789475238855
-0.8030928329987009
-1.0490003581775837
-0.9440153636774963
-0.883583129194056
-0.9146521897400809
-1.160559714918964
-1.0555747204188761
-0.9951424859354359
-0.812472437414604
-1.058379962593487
-0.9533949680933996
-0.8929627336099593
-0.8909134301396077
-1.1368209553184907
-1.0318359608184031
-0.9714037263349629
-0.7453176118097783
-0.991225136988661
-0.8862401424885736
-0.8258079080051334
-0.8568769685511582
-1.102784493730041
-0.9977994992299535
-0.9373672647465132
-0.7546972162256814
-1.0006047414045642
-0.8956197469044767
-0.8351875124210366
-1.1201846111836469
-1.3660921363625294
-1.261107141862442
-1.2006749073790017
-0.9745887928538172
-1.2204963180327002
-1.1155113235326124
-1.0550790890491721
-1.086148149595197
-1.3320556747740802
-1.2270706802739924
-1.1666384457905523
-0.9839683972697203
-1.229875922448603
-1.1248909279485155
-1.0644586934650755
-0.8472895781212303
-1.093197103300113
-0.9882121088000257
-0.9277798743165856
-0.7016937597914008
-0.9476012849702837
-0.8426162904701963
-0.782184055986756
-0.8132531165327808
-1.0591606417116635
-0.9541756472115761
-0.893743412728136
-0.7110733642073039
-0.9569808893861869
-0.8519958948860994
-0.7915636604026591
-0.9971592974897204
-1.2430668226686032
-1.1380818281685159
-1.0776495936850756
-0.851563479159891
-1.0974710043387736
-0.9924860098386863
-0.932053775355246
-0.9631228359012708
-1.2090303610801536
-1.1040453665800662
-1.043613132096626
-0.860943083575794
-1.106850608754677
-1.0018656142545894
-0.9414333797711493
-1.0130100260856476
-1.2589175512645303
-1.1539325567644427
-1.0935003222810027
-0.8674142077558181
-1.113321732934701
-1.0083367384346136
-0.9479045039511732
-0.978973564497198
-1.2248810896760811
-1.1198960951759933
-1.059463860692553
-0.8767938121717213
-1.1227013373506043
-1.0177163428505167
-0.9572841083670764
-1.2422812071296865
-1.488188732308569
-1.3832037378084816
-1.3227715033250411
-1.0966853887998569
-1.3425929139787398
-1.2376079194786522
-1.177175684995212
-1.2082447455412368
-1.4541522707201193
-1.349167276220032
-1.2887350417365921
-1.1060649932157602
-1.3519725183946432
-1.2469875238945554
-1.1865552894111153
-0.9693861740672701
-1.2152936992461532
-1.1103087047460654
-1.0498764702626253
-0.8237903557374406
-1.0696978809163233
-0.9647128864162361
-0.9042806519327958
-0.9353497124788206
-1.1812572376577035
-1.076272243157616
-1.0158400086741757
-0.8331699601533438
-1.0790774853322267
-0.9740924908321392
-0.913660256348699
-1.1192558934357604
-1.365163418614643
-1.2601784241145557
-1.1997461896311152
-0.9736600751059308
-1.2195676002848137
-1.1145826057847261
-1.0541503713012859
-1.0852194318473105
-1.3311269570261934
-1.226141962526106
-1.1657097280426656
-0.983039679521834
-1.2289472047007168
-1.1239622102006295
-1.063529975717189
-0.7511338005940018
-0.9970413257728848
-0.8920563312727973
-0.8316240967893569
-0.6055379822641723
-0.8514455074430552
-0.7464605129429677
-0.6860282784595274
-0.7170973390055522
-0.9630048641844352
-0.8580198696843476
-0.7975876352009074
-0.6149175866800755
-0.8608251118589583
-0.7558401173588708
-0.6954078828754306
-0.9804049816380407
-1.2263125068169236
-1.121327512316836
-1.0608952778333958
-0.8348091633082112
-1.080716688487094
-0.9757316939870065
-0.9152994595035663
-0.946368520049591
-1.1922760452284742
-1.0872910507283864
-1.0268588162449463
-0.8441887677241144
-1.0900962929029971
-0.9851112984029096
-0.9246790639194695
-0.7075099485756244
-0.9534174737545074
-0.8484324792544198
-0.7880002447709795
-0.5619141302457948
-0.8078216554246777
-0.7028366609245903
-0.64240442644115
-0.6734734869871749
-0.9193810121660577
-0.8143960176659703
-0.7539637831825299
-0.5712937346616981
-0.817201259840581
-0.7122162653404935
-0.6517840308570532
-0.8573796679441144
-1.1032871931229973
-0.9983021986229097
-0.9378699641394694
-0.7117838496142849
-0.9576913747931678
-0.8527063802930802
-0.79227414580964
-0.8233432063556647
-1.0692507315345476
-0.9642657370344601
-0.90383350255102
-0.7211634540301881
-0.9670709792090708
-0.8620859847089835
-0.8016537502255432
-0.8424427839784179
-1.0883503091573006
-0.9833653146572132
-0.9229330801737728
-0.6968469656485883
-0.9427544908274712
-0.8377694963273837
-0.7773372618439434
-0.8084063223899682
-1.0543138475688512
-0.9493288530687636
-0.8888966185853234
-0.7062265700644915
-0.9521340952433746
-0.847149100743287
-0.7867168662598466
-1.0717139650224567
-1.3176214902013392
-1.2126364957012516
-1.1522042612178118
-0.9261181466926272
-1.17202567187151
-1.0670406773714225
-1.0066084428879825
-1.037677503434007
-1.28358502861289
-1.1786000341128025
-1.1181677996293622
-0.9354977511085304
-1.1814052762874132
-1.0764202817873256
-1.0159880473038856
-0.7988189319600404
-1.0447264571389232
-0.9397414626388356
-0.8793092281553956
-0.653223113630211
-0.8991306388090937
-0.7941456443090062
-0.733713409825566
-0.7647824703715909
-1.0106899955504738
-0.9057050010503861
-0.8452727665669459
-0.6626027180461141
-0.908510243224997
-0.8035252487249095
-0.7430930142414692
-0.9486886513285305
-1.1945961765074133
-1.0896111820073258
-1.0291789475238855
-0.8030928329987009
-1.0490003581775837
-0.9440153636774963
-0.883583129194056
-0.9146521897400809
-1.160559714918964
-1.0555747204188761
-0.9951424859354359
-0.812472437414604
-1.058379962593487
-0.9533949680933996
-0.8929627336099593
-0.8909134301396077
-1.1368209553184907
-1.0318359608184031
-0.9714037263349629
-0.7453176118097783
-0.991225136988661
-0.8862401424885736
-0.8258079080051334
-0.8568769685511582
-1.102784493730041
-0.9977994992299535
-0.9373672647465132
-0.7546972162256814
-1.0006047414045642
-0.8956197469044767
-0.8351875124210366
-1.1201846111836469
-1.3660921363625294
-1.261107141862442
-1.2006749073790017
-0.9745887928538172
-1.2204963180327002
-1.1155113235326124
-1.0550790890491721
-1.086148149595197
-1.3320556747740802
-1.2270706802739924
-1.1666384457905523
-0.9839683972697203
-1.229875922448603
-1.1248909279485155
-1.0644586934650755
-0.8472895781212303
-1.093197103300113
-0.9882121088000257
-0.9277798743165856
-0.7016937597914008
-0.9476012849702837
-0.8426162904701963
-0.782184055986756
-0.8132531165327808
-1.0591606417116635
-0.9541756472115761
-0.893743412728136
-0.7110733642073039
-0.9569808893861869
-0.8519958948860994
-0.7915636604026591
-0.9971592974897204
-1.2430668226686032
-1.1380818281685159
-1.0776495936850756
-0.851563479159891
-1.0974710043387736
-0.9924860098386863
-0.932053775355246
-0.9631228359012708
-1.2090303610801536
-1.1040453665800662
-1.043613132096626
-0.860943083575794
-1.106850608754677
-1.0018656142545894
-0.9414333797711493
-1.0130100260856476
-1.2589175512645303
-1.1539325567644427
-1.0935003222810027
-0.8674142077558181
-1.113321732934701
-1.0083367384346136
-0.9479045039511732
-0.978973564497198
-1.2248810896760811
-1.1198960951759933
-1.059463860692553
-0.8767938121717213
-1.1227013373506043
-1.0177163428505167
-0.9572841083670764
-1.2422812071296865
-1.488188732308569
-1.3832037378084816
-1.3227715033250411
-1.0966853887998569
-1.3425929139787398
-1.2376079194786522
-1.177175684995212
-1.2082447455412368
-1.4541522707201193
-1.349167276220032
-1.2887350417365921
-1.1060649932157602
-1.3519725183946432
-1.2469875238945554
-1.1865552894111153
-0.9693861740672701
-1.2152936992461532
-1.1103087047460654
-1.0498764702626253
-0.8237903557374406
-1.0696978809163233
-0.9647128864162361
-0.9042806519327958
-0.9353497124788206
-1.1812572376577035
-1.076272243157616
-1.0158400086741757
-0.8331699601533438
-1.0790774853322267
-0.9740924908321392
-0.913660256348699
-1.1192558934357604
-1.365163418614643
-1.2601784241145557
-1.1997461896311152
-0.9736600751059308
-1.2195676002848137
-1.1145826057847261
-1.0541503713012859
-1.0852194318473105
-1.3311269570261934
-1.226141962526106
-1.1657097280426656
-0.983039679521834
-1.2289472047007168
-1.1239622102006295
-1.063529975717189
-0.7511338005940018
-0.9970413257728848
-0.8920563312727973
-0.8316240967893569
-0.6055379822641723
-0.8514455074430552
-0.7464605129429677
-0.6860282784595274
-0.7170973390055522
-0.9630048641844352
-0.8580198696843476
-0.7975876352009074
-0.6149175866800755
-0.8608251118589583
-0.7558401173588708
-0.6954078828754306
-0.9804049816380407
-1.2263125068169236
-1.121327512316836
-1.0608952778333958
-0.8348091633082112
-1.080716688487094
-0.9757316939870065
-0.9152994595035663
-0.946368520049591
-1.1922760452284742
-1.0872910507283864
-1.0268588162449463
-0.8441887677241144
-1.0900962929029971
-0.9851112984029096
-0.9246790639194695
-0.7075099485756244
-0.9534174737545074
-0.8484324792544198
-0.7880002447709795
-0.5619141302457948
-0.8078216554246777
-0.7028366609245903
-0.64240442644115
-0.6734734869871749
-0.9193810121660577
-0.8143960176659703
-0.7539637831825299
-0.5712937346616981
-0.817201259840581
-0.7122162653404935
-0.6517840308570532
-0.8573796679441144
-1.1032871931229973
-0.9983021986229097
-0.9378699641394694
-0.7117838496142849
-0.9576913747931678
-0.8527063802930802
-0.79227414580964
-0.8233432063556647
-1.0692507315345476
-0.9642657370344601
-0.90383350255102
-0.7211634540301881
-0.9670709792090708
-0.8620859847089835
-0.8016537502255432
-0.883960992009935
-1.129868517188818
-1.0248835226887303
-0.96445128820529
-0.7383651736801053
-0.9842726988589884
-0.8792877043589009
-0.8188554698754605
-0.8499245304214854
-1.095832055600368
-0.9908470611002808
-0.9304148266168404
-0.7477447780960086
-0.9936523032748915
-0.888667308774804
-0.8282350742913638
-1.1132321730539738
-1.3591396982328563
-1.254154703732769
-1.1937224692493291
-0.9676363547241442
-1.2135438799030274
-1.1085588854029396
-1.0481266509194993
-1.0791957114655242
-1.3251032366444067
-1.2201182421443193
-1.1596860076608795
-0.9770159591400475
-1.2229234843189305
-1.117938489818843
-1.0575062553354027
-0.8403371399915576
-1.0862446651704403
-0.9812596706703528
-0.9208274361869128
-0.6947413216617281
-0.9406488468406109
-0.8356638523405234
-0.7752316178570832
-0.8063006784031079
-1.0522082035819909
-0.9472232090819033
-0.8867909745984631
-0.7041209260776312
-0.9500284512565141
-0.8450434567564266
-0.7846112222729863
-0.9902068593600476
-1.2361143845389304
-1.131129390038843
-1.0706971555554028
-0.8446110410302181
-1.0905185662091008
-0.9855335717090135
-0.9251013372255732
-0.956170397771598
-1.202077922950481
-1.0970929284503934
-1.0366606939669532
-0.8539906454461211
-1.099898170625004
-0.9949131761249165
-0.9344809416414764
-0.9324316381711248
-1.1783391633500078
-1.0733541688499202
-1.0129219343664801
-0.7868358198412954
-1.0327433450201782
-0.9277583505200907
-0.8673261160366506
-0.8983951765826753
-1.1443027017615581
-1.0393177072614705
-0.9788854727780304
-0.7962154242571985
-1.0421229494360815
-0.9371379549359938
-0.8767057204525537
-1.1617028192151642
-1.4076103443940466
-1.302625349893959
-1.2421931154105188
-1.0161070008853341
-1.2620145260642173
-1.1570295315641297
-1.0965972970806892
-1.1276663576267143
-1.3735738828055974
-1.2685888883055094
-1.2081566538220692
-1.0254866053012373
-1.2713941304801204
-1.1664091359800328
-1.1059769014965926
-0.8888077861527475
-1.1347153113316304
-1.0297303168315428
-0.9692980823481027
-0.7432119678229179
-0.9891194930018009
-0.8841344985017133
-0.8237022640182731
-0.8547713245642978
-1.1006788497431805
-0.9956938552430932
-0.935261620759653
-0.7525915722388211
-0.998499097417704
-0.8935141029176166
-0.8330818684341762
-1.0386775055212376
-1.2845850307001205
-1.179600036200033
-1.1191678017165927
-0.8930816871914081
-1.138989212370291
-1.0340042178702034
-0.9735719833867632
-1.0046410439327877
-1.250548569111671
-1.145563574611583
-1.085131340128143
-0.9024612916073111
-1.1483688167861943
-1.0433838222861065
-0.9829515878026664
-1.0545282341171647
-1.3004357592960474
-1.19545076479596
-1.13501853031252
-0.9089324157873353
-1.1548399409662182
-1.0498549464661306
-0.9894227119826904
-1.0204917725287153
-1.2663992977075982
-1.1614143032075104
-1.1009820687240703
-0.9183120202032383
-1.1642195453821214
-1.0592345508820338
-0.9988023163985935
-1.2837994151612038
-1.5297069403400863
-1.4247219458399987
-1.3642897113565584
-1.1382035968313744
-1.3841111220102569
-1.2791261275101695
-1.218693893026729
-1.2497629535727541
-1.4956704787516366
-1.390685484251549
-1.3302532497681088
-1.1475832012472773
-1.3934907264261598
-1.2885057319260724
-1.2280734974426326
-1.0109043820987873
-1.2568119072776702
-1.1518269127775824
-1.0913946782941426
-0.8653085637689578
-1.1112160889478406
-1.006231094447753
-0.9457988599643129
-0.9768679205103378
-1.2227754456892206
-1.117790451189133
-1.057358216705693
-0.874688168184861
-1.1205956933637438
-1.0156106988636564
-0.955178464380216
-1.1607741014672774
-1.4066816266461604
-1.3016966321460728
-1.2412643976626325
-1.0151782831374478
-1.2610858083163305
-1.156100813816243
-1.095668579332803
-1.126737639878828
-1.3726451650577107
-1.2676601705576231
-1.2072279360741829
-1.024557887553351
-1.2704654127322341
-1.1654804182321463
-1.1050481837487063
-0.792652008625519
-1.038559533804402
-0.9335745393043143
-0.8731423048208741
-0.6470561902956895
-0.8929637154745723
-0.7879787209744848
-0.7275464864910446
-0.7586155470370693
-1.0045230722159522
-0.8995380777158648
-0.8391058432324244
-0.6564357947115926
-0.9023433198904754
-0.7973583253903879
-0.7369260909069478
-1.021923189669558
-1.267830714848441
-1.162845720348353
-1.1024134858649128
-0.8763273713397284
-1.1222348965186113
-1.0172499020185237
-0.9568176675350835
-0.9878867280811082
-1.2337942532599913
-1.1288092587599037
-1.0683770242764632
-0.8857069757556315
-1.1316145009345144
-1.0266295064344269
-0.9661972719509867
-0.7490281566071416
-0.9949356817860244
-0.8899506872859368
-0.8295184528024966
-0.603432338277312
-0.8493398634561948
-0.7443548689561074
-0.6839226344726672
-0.714991695018692
-0.9608992201975748
-0.8559142256974873
-0.7954819912140471
-0.6128119426932152
-0.858719467872098
-0.7537344733720105
-0.6933022388885703
-0.8988978759756315
-1.1448054011545143
-1.039820406654427
-0.9793881721709866
-0.753302057645802
-0.999209582824685
-0.8942245883245974
-0.833792353841157
-0.8648614143871819
-1.110768939566065
-1.0057839450659773
-0.945351710582537
-0.7626816620617053
-1.0085891872405879
-0.9036041927405006
-0.8431719582570604
