-1.0287698477157265
-1.0287162937103118
-0.9201556381961307
-0.9635576818300694
-1.0900507338194056
-1.0899971798139907
-0.9814365242998098
-1.0248385679337484
-1.1236330785927235
-1.1235795245873086
-1.0150188690731279
-1.0584209127070663
-1.2214541318483036
-1.2214005778428887
-1.112839922328708
-1.1562419659626464
-0.9043626645857039
-0.9043091105802891
-0.7957484550661081
-0.8391504987000468
-0.9656435506893828
-0.9655899966839682
-0.8570293411697871
-0.9004313848037258
-0.9992258954627009
-0.9991723414572861
-0.8906116859431051
-0.9340137295770438
-1.0970469487182808
-1.096993394712866
-0.9884327391986854
-1.0318347828326238
-1.083187672898243
-1.0831341188928283
-0.9745734633786471
-1.0179755070125858
-1.144468559001922
-1.1444150049965072
-1.0358543494823262
-1.0792563931162649
-1.17805090377524
-1.1779973497698253
-1.0694366942556441
-1.1128387378895828
-1.27587195703082
-1.275818403025405
-1.1672577475112245
-1.2106597911451626
-1.2308480998865476
-1.2307945458811327
-1.122233890366952
-1.1656359340008904
-1.2921289859902267
-1.2920754319848118
-1.1835147764706309
-1.2269168201045695
-1.3257113307635449
-1.3256577767581297
-1.217097121243949
-1.2604991648778874
-1.423532384019125
-1.4234788300137098
-1.314918174499529
-1.3583202181334675
-1.1366956353087838
-1.1366420813033689
-1.028081425789188
-1.0714834694231266
-1.1979765214124631
-1.197922967407048
-1.0893623118928673
-1.1327643555268057
-1.2315588661857813
-1.231505312180366
-1.1229446566661851
-1.166346700300124
-1.3293799194413614
-1.3293263654359462
-1.2207657099217655
-1.2641677535557039
-1.0122884521787612
-1.0122348981733464
-0.9036742426591654
-0.947076286293104
-1.0735693382824403
-1.0735157842770253
-0.9649551287628445
-1.008357172396783
-1.1071516830557582
-1.1070981290503434
-0.9985374735361624
-1.0419395171701011
-1.2049727363113383
-1.2049191823059238
-1.0963585267917426
-1.1397605704256812
-1.1911134604913005
-1.1910599064858856
-1.0824992509717046
-1.1259012946056433
-1.2523943465949796
-1.2523407925895644
-1.1437801370753837
-1.1871821807093221
-1.2859766913682975
-1.2859231373628826
-1.1773624818487016
-1.2207645254826403
-1.3837977446238776
-1.3837441906184627
-1.275183535104282
-1.3185855787382201
-1.3387738874796051
-1.33872033347419
-1.2301596779600095
-1.2735617215939476
-1.4000547735832845
-1.4000012195778693
-1.2914405640636883
-1.334842607697627
-1.4336371183566026
-1.4335835643511872
-1.3250229088370062
-1.368424952470945
-1.5314581716121825
-1.5314046176067673
-1.4228439620925866
-1.466246005726525
-0.9451586901129382
-0.9451051361075233
-0.8365444805933425
-0.879946524227281
-1.0064395762166174
-1.0063860222112024
-0.8978253666970215
-0.9412274103309601
-1.0400219209899355
-1.0399683669845206
-0.9314077114703394
-0.974809755104278
-1.1378429742455154
-1.1377894202401004
-1.0292287647259195
-1.0726308083598581
-0.8207515069829157
-0.8206979529775008
-0.7121372974633199
-0.7555393410972584
-0.8820323930865946
-0.8819788390811799
-0.7734181835669989
-0.8168202272009375
-0.9156147378599128
-0.9155611838544978
-0.807000528340317
-0.8504025719742554
-1.013435791115493
-1.013382237110078
-0.904821581595897
-0.9482236252298356
-0.9995765152954548
-0.9995229612900399
-0.890962305775859
-0.9343643494097975
-1.0608574013991336
-1.060803847393719
-0.9522431918795379
-0.9956452355134766
-1.0944397461724518
-1.0943861921670368
-0.985825536652856
-1.0292275802867945
-1.192260799428032
-1.192207245422617
-1.0836465899084362
-1.127048633542375
-1.1472369422837594
-1.1471833882783444
-1.0386227327641635
-1.0820247763981021
-1.2085178283874385
-1.2084642743820235
-1.0999036188678426
-1.143305662501781
-1.2421001731607564
-1.2420466191553414
-1.1334859636411607
-1.1768880072750991
-1.3399212264163365
-1.3398676724109215
-1.2313070168967406
-1.2747090605306792
-0.9996560242958717
-0.999602470290457
-0.8910418147762761
-0.9344438584102146
-1.060936910399551
-1.0608833563941362
-0.9523227008799551
-0.9957247445138936
-1.094519255172869
-1.0944657011674541
-0.9859050456532731
-1.0293070892872118
-1.1923403084284492
-1.192286754423034
-1.0837260989088533
-1.1271281425427917
-0.8752488411658492
-0.8751952871604344
-0.7666346316462535
-0.8100366752801921
-0.9365297272695282
-0.9364761732641135
-0.8279155177499326
-0.871317561383871
-0.9701120720428463
-0.9700585180374315
-0.8614978625232504
-0.9048999061571891
-1.0679331252984263
-1.0678795712930114
-0.9593189157788305
-1.002720959412769
-1.0540738494783883
-1.0540202954729734
-0.9454596399587926
-0.9888616835927311
-1.1153547355820674
-1.1153011815766525
-1.0067405260624716
-1.05014256969641
-1.1489370803553853
-1.1488835263499704
-1.0403228708357897
-1.083724914469728
-1.2467581336109654
-1.2467045796055507
-1.1381439240913698
-1.1815459677253082
-1.2017342764666927
-1.2016807224612778
-1.0931200669470973
-1.1365221105810357
-1.2630151625703723
-1.262961608564957
-1.1544009530507762
-1.1978029966847148
-1.2965975073436902
-1.2965439533382752
-1.187983297824094
-1.2313853414580327
-1.39441856059927
-1.394365006593855
-1.2858043510796746
-1.3292063947136128
-1.043542760100242
-1.0434892060948273
-0.9349285505806465
-0.978330594214585
-1.1048236462039214
-1.1047700921985064
-0.9962094366843254
-1.0396114803182641
-1.1384059909772393
-1.1383524369718243
-1.0297917814576434
-1.073193825091582
-1.2362270442328194
-1.2361734902274044
-1.1276128347132235
-1.1710148783471621
-0.9191355769702196
-0.9190820229648048
-0.8105213674506239
-0.8539234110845623
-0.9804164630738986
-0.9803629090684838
-0.8718022535543029
-0.9152042971882414
-1.0139988078472166
-1.0139452538418017
-0.9053845983276209
-0.9487866419615594
-1.1118198611027965
-1.111766307097382
-1.0032056515832009
-1.0466076952171395
-1.0979605852827587
-1.0979070312773438
-0.9893463757631629
-1.0327484193971015
-1.1592414713864376
-1.1591879173810227
-1.050627261866842
-1.0940293055007804
-1.1928238161597557
-1.1927702621543408
-1.0842096066401596
-1.1276116502740985
-1.2906448694153356
-1.2905913154099207
-1.1820306598957402
-1.2254327035296784
-1.2456210122710634
-1.2455674582656482
-1.1370068027514677
-1.1804088463854059
-1.3069018983747425
-1.3068483443693273
-1.1982876888551466
-1.2416897324890852
-1.3404842431480604
-1.3404306891426454
-1.2318700336284647
-1.275272077262403
-1.4383052964036405
-1.4382517423982255
-1.3296910868840446
-1.3730931305179832
-1.1514685476932995
-1.1514149936878844
-1.0428543381737037
-1.0862563818076423
-1.2127494337969786
-1.2126958797915637
-1.1041352242773825
-1.1475372679113214
-1.2463317785702968
-1.2462782245648818
-1.1377175690507007
-1.1811196126846395
-1.3441528318258769
-1.344099277820462
-1.235538622306281
-1.2789406659402194
-1.027061364563277
-1.027007810557862
-0.9184471550436811
-0.9618491986776196
-1.0883422506669558
-1.088288696661541
-0.9797280411473601
-1.0231300847812987
-1.121924595440274
-1.121871041434859
-1.0133103859206782
-1.0567124295546166
-1.2197456486958542
-1.2196920946904393
-1.1111314391762581
-1.154533482810197
-1.205886372875816
-1.205832818870401
-1.0972721633562201
-1.1406742069901588
-1.2671672589794951
-1.2671137049740802
-1.1585530494598992
-1.2019550930938379
-1.3007496037528132
-1.3006960497473983
-1.1921353942332176
-1.235537437867156
-1.3985706570083931
-1.3985171030029782
-1.2899564474887977
-1.333358491122736
-1.3535467998641206
-1.3534932458587055
-1.244932590344525
-1.2883346339784636
-1.4148276859678
-1.414774131962385
-1.3062134764482038
-1.3496155200821425
-1.448410030741118
-1.448356476735703
-1.339795821221522
-1.3831978648554606
-1.546231083996698
-1.546177529991283
-1.437616874477102
-1.4810189181110407
-0.9599316024974539
-0.9598780484920391
-0.851317392977858
-0.8947194366117966
-1.021212488601133
-1.0211589345957182
-0.9125982790815372
-0.9560003227154757
-1.054794833374451
-1.054741279369036
-0.9461806238548552
-0.9895826674887938
-1.152615886630031
-1.1525623326246162
-1.0440016771104352
-1.0874037207443736
-0.8355244193674312
-0.8354708653620164
-0.7269102098478355
-0.7703122534817741
-0.8968053054711104
-0.8967517514656955
-0.7881910959515146
-0.831593139585453
-0.9303876502444283
-0.9303340962390135
-0.8217734407248325
-0.8651754843587711
-1.0282087035000085
-1.0281551494945935
-0.9195944939804126
-0.9629965376143512
-1.0143494276799705
-1.0142958736745555
-0.9057352181603746
-0.9491372617943131
-1.0756303137836494
-1.0755767597782344
-0.9670161042640537
-1.0104181478979921
-1.1092126585569673
-1.1091591045515525
-1.0005984490373716
-1.0440004926713102
-1.2070337118125478
-1.2069801578071329
-1.0984195022929517
-1.1418215459268903
-1.1620098546682749
-1.1619563006628602
-1.0533956451486792
-1.0967976887826179
-1.2232907407719542
-1.223237186766539
-1.114676531252358
-1.1580785748862967
-1.256873085545272
-1.2568195315398571
-1.1482588760256762
-1.1916609196596148
-1.3546941388008522
-1.3546405847954373
-1.2460799292812565
-1.289481972915195
-1.0144289366803876
-1.0143753826749726
-0.9058147271607917
-0.9492167707947304
-1.0757098227840665
-1.0756562687786517
-0.9670956132644708
-1.0104976568984094
-1.1092921675573846
-1.1092386135519698
-1.0006779580377887
-1.0440800016717275
-1.2071132208129647
-1.2070596668075497
-1.0984990112933688
-1.1419010549273074
-0.890021753550365
-0.8899681995449501
-0.7814075440307691
-0.8248095876647077
-0.9513026396540439
-0.9512490856486291
-0.8426884301344482
-0.8860904737683868
-0.9848849844273618
-0.9848314304219472
-0.8762707749077662
-0.9196728185417047
-1.082706037682942
-1.082652483677527
-0.9740918281633462
-1.0174938717972848
-1.068846761862904
-1.068793207857489
-0.9602325523433082
-1.0036345959772468
-1.130127647966583
-1.130074093961168
-1.0215134384469873
-1.064915482080926
-1.163709992739901
-1.163656438734486
-1.0550957832203052
-1.098497826854244
-1.2615310459954812
-1.2614774919900664
-1.1529168364758853
-1.196318880109824
-1.2165071888512087
-1.2164536348457935
-1.1078929793316128
-1.1512950229655514
-1.2777880749548878
-1.2777345209494728
-1.169173865435292
-1.2125759090692305
-1.311370419728206
-1.311316865722791
-1.2027562102086098
-1.2461582538425484
-1.4091914729837858
-1.4091379189783708
-1.3005772634641901
-1.3439793070981285
-0.9758112455330786
-0.9757576915276639
-0.867197036013483
-0.9105990796474216
-1.0370921316367578
-1.0370385776313429
-0.928477922117162
-0.9718799657511006
-1.0706744764100757
-1.0706209224046608
-0.96206026689048
-1.0054623105244185
-1.1684955296656558
-1.1684419756602409
-1.0598813201460602
-1.1032833637799986
-0.8514040624030561
-0.8513505083976413
-0.7427898528834603
-0.7861918965173988
-0.9126849485067351
-0.9126313945013202
-0.8040707389871393
-0.8474727826210778
-0.9462672932800532
-0.9462137392746383
-0.8376530837604574
-0.8810551273943958
-1.0440883465356332
-1.0440347925302185
-0.9354741370160374
-0.9788761806499761
-1.0302290707155952
-1.0301755167101805
-0.9216148611959994
-0.965016904829938
-1.091509956819274
-1.0914564028138591
-0.9828957472996784
-1.026297790933617
-1.1250923015925922
-1.1250387475871773
-1.0164780920729963
-1.059880135706935
-1.222913354848172
-1.2228598008427574
-1.1142991453285767
-1.157701188962515
-1.1778894977039
-1.1778359436984849
-1.0692752881843042
-1.1126773318182426
-1.239170383807579
-1.2391168298021638
-1.130556174287983
-1.1739582179219217
-1.2727527285808968
-1.2726991745754819
-1.1641385190613012
-1.2075405626952396
-1.370573781836477
-1.370520227831062
-1.2619595723168813
-1.3053616159508197
-1.0837370331261362
-1.083683479120721
-0.9751228236065402
-1.0185248672404787
-1.145017919229815
-1.1449643652244001
-1.0364037097102192
-1.0798057533441578
-1.1786002640031332
-1.1785467099977183
-1.0699860544835371
-1.113388098117476
-1.2764213172587133
-1.2763677632532984
-1.1678071077391177
-1.2112091513730558
-0.9593298499961134
-0.9592762959906984
-0.8507156404765176
-0.8941176841104562
-1.0206107360997925
-1.0205571820943777
-0.9119965265801966
-0.9553985702141351
-1.0541930808731104
-1.0541395268676956
-0.9455788713535147
-0.9889809149874532
-1.1520141341286907
-1.1519605801232757
-1.0433999246090948
-1.0868019682430334
-1.1381548583086525
-1.1381013043032375
-1.0295406487890566
-1.0729426924229952
-1.1994357444123316
-1.1993821904069166
-1.0908215348927357
-1.1342235785266745
-1.2330180891856497
-1.2329645351802347
-1.124403879666054
-1.1678059232999927
-1.3308391424412298
-1.3307855884358148
-1.2222249329216341
-1.2656269765555725
-1.2858152852969573
-1.2857617312915421
-1.1772010757773614
-1.2206031194113
-1.3470961714006364
-1.3470426173952215
-1.2384819618810403
-1.281884005514979
-1.3806785161739545
-1.3806249621685394
-1.2720643066543584
-1.315466350288297
-1.4784995694295344
-1.4784460154241195
-1.3698853599099388
-1.4132874035438772
-0.8922000879302904
-0.8921465339248756
-0.7835858784106945
-0.8269879220446332
-0.9534809740339694
-0.9534274200285545
-0.8448667645143737
-0.8882688081483123
-0.9870633188072875
-0.9870097648018726
-0.8784491092876917
-0.9218511529216303
-1.0848843720628674
-1.0848308180574526
-0.9762701625432718
-1.0196722061772103
-0.7677929048002677
-0.767739350794853
-0.6591786952806721
-0.7025807389146106
-0.8290737909039468
-0.8290202368985321
-0.7204595813843511
-0.7638616250182896
-0.8626561356772647
-0.86260258167185
-0.754041926157669
-0.7974439697916077
-0.960477188932845
-0.9604236349274301
-0.8518629794132492
-0.8952650230471877
-0.946617913112807
-0.946564359107392
-0.8380037035932111
-0.8814057472271497
-1.007898799216486
-1.007845245211071
-0.8992845896968902
-0.9426866333308286
-1.0414811439898037
-1.0414275899843892
-0.9328669344702082
-0.9762689781041467
-1.1393021972453843
-1.1392486432399693
-1.0306879877257882
-1.0740900313597268
-1.0942783401011116
-1.0942247860956966
-0.9856641305815157
-1.0290661742154543
-1.1555592262047907
-1.1555056721993755
-1.0469450166851948
-1.0903470603191332
-1.1891415709781086
-1.1890880169726936
-1.0805273614585127
-1.1239294050924513
-1.2869626242336887
-1.2869090702282737
-1.178348414714093
-1.2217504583480314
-0.946697422113224
-0.9466438681078091
-0.8380832125936283
-0.8814852562275669
-1.007978308216903
-1.0079247542114882
-0.8993640986973073
-0.9427661423312459
-1.041560652990221
-1.0415070989848063
-0.9329464434706253
-0.976348487104564
-1.1393817062458012
-1.1393281522403862
-1.0307674967262053
-1.0741695403601441
-0.8222902389832015
-0.8222366849777866
-0.7136760294636056
-0.7570780730975442
-0.8835711250868805
-0.8835175710814657
-0.7749569155672847
-0.8183589592012233
-0.9171534698601983
-0.9170999158547838
-0.8085392603406026
-0.8519413039745413
-1.0149745231157785
-1.0149209691103638
-0.9063603135961827
-0.9497623572301213
-1.0011152472957405
-1.0010616932903256
-0.8925010377761446
-0.9359030814100833
-1.0623961333994196
-1.0623425793940047
-0.9537819238798237
-0.9971839675137624
-1.0959784781727377
-1.0959249241673228
-0.9873642686531418
-1.0307663122870805
-1.1937995314283176
-1.193745977422903
-1.0851853219087217
-1.1285873655426604
-1.1487756742840451
-1.14872212027863
-1.0401614647644493
-1.0835635083983879
-1.2100565603877242
-1.2100030063823093
-1.1014423508681286
-1.144844394502067
-1.2436389051610424
-1.2435853511556274
-1.1350246956414465
-1.1784267392753849
-1.3414599584166222
-1.3414064044112073
-1.2328457488970266
-1.2762477925309652
-1.0436414648809746
-1.04358791087556
-0.9350272553613789
-0.9784292989953175
-1.1049223509846537
-1.1048687969792388
-0.9963081414650579
-1.0397101850989965
-1.1385046957579719
-1.138451141752557
-1.029890486238376
-1.0732925298723144
-1.236325749013552
-1.236272195008137
-1.1277115394939559
-1.1711135831278945
-0.919234281750952
-0.9191807277455373
-0.8106200722313563
-0.8540221158652949
-0.9805151678546312
-0.9804616138492163
-0.8719009583350353
-0.9153030019689739
-1.014097512627949
-1.0140439586225343
-0.9054833031083531
-0.9488853467422919
-1.111918565883529
-1.1118650118781142
-1.0033043563639334
-1.046706399997872
-1.0980592900634911
-1.0980057360580764
-0.9894450805438954
-1.0328471241778339
-1.15934017616717
-1.1592866221617553
-1.0507259666475743
-1.094128010281513
-1.1929225209404881
-1.1928689669350732
-1.0843083114208922
-1.1277103550548309
-1.2907435741960682
-1.2906900201906533
-1.1821293646764726
-1.225531408310411
-1.2457197170517957
-1.2456661630463808
-1.1371055075322
-1.1805075511661385
-1.3070006031554748
-1.3069470491500599
-1.1983863936358792
-1.2417884372698176
-1.340582947928793
-1.340529393923378
-1.231968738409197
-1.2753707820431357
-1.438404001184373
-1.438350447178958
-1.3297897916647772
-1.3731918352987156
-1.151567252474032
-1.151513698468617
-1.042953042954436
-1.0863550865883747
-1.2128481385777112
-1.2127945845722963
-1.1042339290581153
-1.147635972692054
-1.2464304833510294
-1.2463769293456144
-1.1378162738314332
-1.181218317465372
-1.3442515366066095
-1.3441979826011945
-1.2356373270870136
-1.2790393707209522
-1.0271600693440095
-1.0271065153385945
-0.9185458598244137
-0.9619479034583521
-1.0884409554476884
-1.0883874014422736
-0.9798267459280926
-1.0232287895620311
-1.1220233002210065
-1.1219697462155915
-1.0134090907014108
-1.0568111343353492
-1.2198443534765866
-1.2197907994711719
-1.111230143956991
-1.1546321875909296
-1.2059850776565488
-1.2059315236511337
-1.0973708681369527
-1.1407729117708914
-1.2672659637602277
-1.2672124097548128
-1.158651754240632
-1.2020537978745705
-1.3008483085335458
-1.3007947545281306
-1.1922340990139502
-1.2356361426478883
-1.3986693617891257
-1.3986158077837108
-1.29005515226953
-1.3334571959034685
-1.3536455046448532
-1.353591950639438
-1.2450312951252573
-1.288433338759196
-1.4149263907485325
-1.4148728367431176
-1.3063121812289364
-1.349714224862875
-1.4485087355218504
-1.4484551815164355
-1.3398945260022546
-1.3832965696361932
-1.5463297887774305
-1.5462762347720156
-1.4377155792578347
-1.4811176228917733
-0.9600303072781865
-0.9599767532727717
-0.8514160977585906
-0.8948181413925292
-1.0213111933818655
-1.0212576393764505
-0.9126969838622698
-0.9560990274962082
-1.0548935381551836
-1.0548399841497687
-0.9462793286355876
-0.9896813722695263
-1.1527145914107635
-1.1526610374053485
-1.0441003818911678
-1.0875024255251062
-0.8356231241481638
-0.8355695701427489
-0.727008914628568
-0.7704109582625066
-0.8969040102518427
-0.896850456246428
-0.7882898007322471
-0.8316918443661856
-0.9304863550251609
-0.9304328010197461
-0.8218721455055651
-0.8652741891395037
-1.028307408280741
-1.0282538542753261
-0.9196931987611451
-0.9630952423950837
-1.0144481324607029
-1.0143945784552881
-0.9058339229411071
-0.9492359665750456
-1.075729018564382
-1.075675464558967
-0.9671148090447862
-1.0105168526787247
-1.1093113633376999
-1.1092578093322851
-1.0006971538181042
-1.0440991974520428
-1.2071324165932802
-1.207078862587865
-1.0985182070736843
-1.141920250707623
-1.1621085594490075
-1.1620550054435925
-1.0534943499294116
-1.0968963935633504
-1.2233894455526866
-1.2233358915472716
-1.1147752360330907
-1.1581772796670293
-1.2569717903260047
-1.2569182363205897
-1.1483575808064088
-1.191759624440347
-1.3547928435815848
-1.3547392895761698
-1.246178634061989
-1.2895806776959275
-1.0145276414611202
-1.0144740874557052
-0.9059134319415242
-0.9493154755754628
-1.075808527564799
-1.0757549735593843
-0.9671943180452033
-1.010596361679142
-1.1093908723381172
-1.1093373183327022
-1.0007766628185213
-1.04417870645246
-1.2072119255936973
-1.2071583715882823
-1.0985977160741014
-1.14199975970804
-0.8901204583310975
-0.8900669043256825
-0.7815062488115017
-0.8249082924454402
-0.9514013444347765
-0.9513477904293617
-0.8427871349151806
-0.8861891785491193
-0.9849836892080944
-0.9849301352026796
-0.8763694796884988
-0.9197715233224373
-1.0828047424636746
-1.0827511884582597
-0.9741905329440786
-1.0175925765780174
-1.0689454666436367
-1.0688919126382217
-0.9603312571240408
-1.0037333007579792
-1.1302263527473155
-1.1301727987419006
-1.0216121432277196
-1.0650141868616585
-1.1638086975206337
-1.1637551435152187
-1.0551944880010378
-1.0985965316349762
-1.2616297507762135
-1.2615761967707988
-1.1530155412566179
-1.1964175848905565
-1.216605893631941
-1.2165523396265259
-1.1079916841123454
-1.1513937277462838
-1.2778867797356204
-1.2778332257302054
-1.1692725702160243
-1.2126746138499631
-1.3114691245089385
-1.3114155705035233
-1.2028549149893424
-1.246256958623281
-1.4092901777645184
-1.4092366237591034
-1.3006759682449227
-1.3440780118788611
