-0.8027155251679247
-0.984153318867546
-0.847108469456466
-0.8704501549752905
-0.7890748607357018
-0.970512654435323
-0.8334678050242431
-0.8568094905430674
-0.6755149877105869
-0.8569527814102084
-0.7199079319991284
-0.7432496175179527
-0.7636376765673015
-0.9450754702669228
-0.808030620855843
-0.8313723063746674
-1.0230109686171347
-1.2044487623167561
-1.067403912905676
-1.0907455984245005
-1.0093703041849116
-1.1908080978845332
-1.053763248473453
-1.0771049339922776
-0.895810431159797
-1.0772482248594182
-0.9402033754483383
-0.9635450609671629
-0.9839331200165116
-1.165370913716133
-1.028326064305053
-1.0516677498238773
-0.8511174596752249
-1.0325552533748463
-0.8955104039637664
-0.9188520894825907
-0.8374767952430019
-1.0189145889426232
-0.8818697395315432
-0.9052114250503678
-0.7239169222178872
-0.9053547159175086
-0.7683098665064286
-0.7916515520252531
-0.8120396110746018
-0.9934774047742232
-0.8564325553631432
-0.8797742408819675
-0.6171351316134531
-0.7985729253130744
-0.6615280759019945
-0.684869761420819
-0.6034944671812302
-0.7849322608808513
-0.6478874114697716
-0.6712290969885959
-0.48993459415611545
-0.6713723878557367
-0.5343275384446569
-0.5576692239634812
-0.57805728301283
-0.7594950767124513
-0.6224502273013713
-0.6457919128201959
-0.8931534102481856
-1.0745912039478067
-0.937546354536727
-0.9608880400555513
-0.8795127458159625
-1.0609505395155838
-0.923905690104504
-0.9472473756233284
-0.7659528727908479
-0.9473906664904692
-0.8103458170793892
-0.8336875025982136
-0.8540755616475624
-1.0355133553471836
-0.8984685059361038
-0.9218101914549283
-1.1134488536973957
-1.2948866473970169
-1.1578417979859368
-1.1811834835047612
-1.0998081892651728
-1.281245982964794
-1.144201133553714
-1.1675428190725383
-0.9862483162400579
-1.1676861099396794
-1.0306412605285993
-1.0539829460474237
-1.0743710050967723
-1.2558087987963937
-1.1187639493853139
-1.1421056349041383
-0.9415553447554859
-1.1229931384551073
-0.9859482890440271
-1.0092899745628516
-0.9279146803232627
-1.1093524740228842
-0.9723076246118042
-0.9956493101306286
-0.8143548072981481
-0.9957926009977693
-0.8587477515866895
-0.8820894371055139
-0.9024774961548626
-1.0839152898544842
-0.946870440443404
-0.9702121259622285
-0.7075730166937142
-0.8890108103933353
-0.7519659609822553
-0.7753076465010799
-0.6939323522614911
-0.8753701459611124
-0.7383252965500324
-0.7616669820688567
-0.5803724792363762
-0.7618102729359978
-0.6247654235249178
-0.6481071090437421
-0.6684951680930911
-0.8499329617927122
-0.7128881123816324
-0.7362297979004567
-1.0104787318092265
-1.191916525508848
-1.0548716760977679
-1.0782133616165923
-0.9968380673770036
-1.1782758610766249
-1.041231011665545
-1.0645726971843694
-0.8832781943518889
-1.0647159880515102
-0.9276711386404304
-0.9510128241592548
-0.9714008832086035
-1.1528386769082248
-1.0157938274971448
-1.0391355130159692
-1.2307741752584365
-1.4122119689580581
-1.275167119546978
-1.2985088050658022
-1.2171335108262136
-1.398571304525835
-1.2615264551147551
-1.2848681406335793
-1.1035736378010992
-1.2850114315007204
-1.1479665820896403
-1.1713082676084647
-1.1916963266578136
-1.3731341203574348
-1.236089270946355
-1.2594309564651793
-1.0588806663165269
-1.2403184600161483
-1.1032736106050682
-1.1266152961238929
-1.0452400018843038
-1.2266777955839254
-1.0896329461728453
-1.1129746316916698
-0.9316801288591893
-1.1131179225588106
-0.9760730731477306
-0.999414758666555
-1.0198028177159038
-1.2012406114155252
-1.064195762004445
-1.0875374475232698
-0.8248983382547551
-1.0063361319543764
-0.8692912825432965
-0.8926329680621208
-0.8112576738225322
-0.9926954675221534
-0.8556506181110735
-0.878992303629898
-0.6976978007974176
-0.8791355944970387
-0.7420907450859587
-0.7654324306047833
-0.785820489654132
-0.9672582833537532
-0.8302134339426733
-0.8535551194614978
-0.6279383748617379
-0.8093761685613591
-0.6723313191502792
-0.6956730046691036
-0.6142977104295149
-0.7957355041291361
-0.6586906547180562
-0.6820323402368805
-0.5007378374044003
-0.6821756311040215
-0.5451307816929416
-0.5684724672117659
-0.5888605262611147
-0.770298319960736
-0.6332534705496561
-0.6565951560684805
-0.8482338183109479
-1.0296716120105693
-0.8926267625994893
-0.9159684481183137
-0.8345931538787249
-1.0160309475783462
-0.8789860981672662
-0.9023277836860907
-0.7210332808536103
-0.9024710745532315
-0.7654262251421516
-0.7887679106609761
-0.8091559697103248
-0.9905937634099461
-0.8535489139988661
-0.8768905995176904
-0.6763403093690381
-0.8577781030686594
-0.7207332536575795
-0.7440749391764038
-0.6626996449368151
-0.8441374386364363
-0.7070925892253564
-0.7304342747441809
-0.5491397719117005
-0.7305775656113217
-0.5935327162002418
-0.6168744017190663
-0.637262460768415
-0.8187002544680363
-0.6816554050569563
-0.7049970905757807
-0.44235798130726633
-0.6237957750068877
-0.4867509255958077
-0.5100926111146321
-0.4287173168750434
-0.6101551105746648
-0.47311026116358457
-0.49645194668240916
-0.3151574438499287
-0.49659523754954993
-0.35955038813847007
-0.3828920736572944
-0.40328013270664326
-0.5847179264062645
-0.44767307699518455
-0.471014762514009
-0.897912832763527
-1.0793506264631483
-0.9423057770520683
-0.9656474625708926
-0.8842721683313038
-1.0657099620309252
-0.9286651126198453
-0.9520067981386698
-0.7707122953061893
-0.9521500890058106
-0.8151052395947306
-0.838446925113555
-0.8588349841629038
-1.0402727778625251
-0.9032279284514452
-0.9265696139702695
-1.118208276212737
-1.2996460699123582
-1.1626012205012783
-1.1859429060201028
-1.1045676117805139
-1.286005405480135
-1.1489605560690554
-1.1723022415878797
-0.9910077387553993
-1.1724455324550207
-1.0354006830439408
-1.058742368562765
-1.0791304276121136
-1.2605682213117353
-1.1235233719006552
-1.1468650574194796
-0.9463147672708272
-1.1277525609704486
-0.9907077115593685
-1.014049397078193
-0.9326741028386042
-1.1141118965382253
-0.9770670471271455
-1.0004087326459699
-0.8191142298134895
-1.000552023513111
-0.8635071741020309
-0.8868488596208552
-0.907236918670204
-1.0886747123698253
-0.9516298629587454
-0.9749715484775698
-0.7123324392090554
-0.8937702329086766
-0.7567253834975969
-0.7800670690164212
-0.6986917747768324
-0.8801295684764537
-0.7430847190653738
-0.7664264045841983
-0.5851319017517177
-0.7665696954513391
-0.629524846040259
-0.6528665315590835
-0.6732545906084323
-0.8546923843080535
-0.7176475348969737
-0.7409892204157981
-0.9883507178437878
-1.1697885115434092
-1.0327436621323292
-1.0560853476511534
-0.9747100534115648
-1.1561478471111861
-1.019102997700106
-1.0424446832189305
-0.8611501803864502
-1.0425879740860713
-0.9055431246749915
-0.928884810193816
-0.9492728692431647
-1.130710662942786
-0.993665813531706
-1.0170074990505305
-1.2086461612929977
-1.390083954992619
-1.253039105581539
-1.2763807911003633
-1.195005496860775
-1.376443290560396
-1.239398441149316
-1.2627401266681406
-1.08144562383566
-1.2628834175352814
-1.1258385681242016
-1.1491802536430262
-1.1695683126923746
-1.3510061063919958
-1.213961256980916
-1.2373029424997406
-1.036752652351088
-1.2181904460507094
-1.0811455966396295
-1.104487282158454
-1.023111987918865
-1.2045497816184862
-1.0675049322074062
-1.0908466177262308
-0.9095521148937504
-1.0909899085933716
-0.9539450591822918
-0.9772867447011162
-0.997674803750465
-1.1791125974500865
-1.0420677480390064
-1.0654094335578308
-0.8027703242893163
-0.9842081179889377
-0.8471632685778576
-0.8705049540966819
-0.7891296598570932
-0.9705674535567146
-0.8335226041456346
-0.8568642896644589
-0.6755697868319785
-0.8570075805315999
-0.7199627311205199
-0.7433044166393444
-0.7636924756886931
-0.9451302693883146
-0.8080854199772346
-0.8314271054960589
-1.1056760394048288
-1.2871138331044503
-1.1500689836933702
-1.1734106692121948
-1.092035374972606
-1.2734731686722272
-1.1364283192611473
-1.1597700047799717
-0.9784755019474912
-1.1599132956471125
-1.0228684462360327
-1.046210131754857
-1.066598190804206
-1.2480359845038271
-1.1109911350927473
-1.1343328206115717
-1.325971482854039
-1.5074092765536602
-1.37036442714258
-1.3937061126614045
-1.312330818421816
-1.493768612121437
-1.356723762710357
-1.3800654482291816
-1.1987709453967015
-1.3802087390963225
-1.2431638896852426
-1.266505575204067
-1.2868936342534159
-1.4683314279530368
-1.331286578541957
-1.3546282640607816
-1.1540779739121294
-1.3355157676117506
-1.1984709182006705
-1.221812603719495
-1.1404373094799063
-1.321875103179528
-1.1848302537684474
-1.2081719392872718
-1.0268774364547917
-1.208315230154413
-1.0712703807433328
-1.0946120662621572
-1.115000125311506
-1.2964379190111275
-1.1593930696000474
-1.182734755118872
-0.9200956458503573
-1.1015334395499785
-0.9644885901388986
-0.9878302756577232
-0.9064549814181344
-1.0878927751177556
-0.9508479257066758
-0.9741896112255001
-0.7928951083930198
-0.9743329020926411
-0.8372880526815611
-0.8606297382003855
-0.8810177972497344
-1.0624555909493556
-0.9254107415382755
-0.9487524270571001
-0.7231356824573401
-0.9045734761569615
-0.7675286267458815
-0.7908703122647059
-0.709495018025117
-0.8909328117247384
-0.7538879623136584
-0.7772296478324828
-0.5959351450000024
-0.7773729386996238
-0.6403280892885438
-0.6636697748073682
-0.6840578338567169
-0.8654956275563384
-0.7284507781452584
-0.7517924636640828
-0.9434311259065501
-1.1248689196061714
-0.9878240701950916
-1.011165755713916
-0.9297904614743271
-1.1112282551739483
-0.9741834057628685
-0.9975250912816929
-0.8162305884492125
-0.9976683821488337
-0.8606235327377537
-0.8839652182565783
-0.9043532773059272
-1.0857910710055483
-0.9487462215944684
-0.9720879071132928
-0.7715376169646404
-0.9529754106642616
-0.8159305612531818
-0.8392722467720062
-0.7578969525324174
-0.9393347462320386
-0.8022898968209587
-0.8256315823397831
-0.6443370795073027
-0.8257748732069239
-0.6887300237958439
-0.7120717093146685
-0.7324597683640174
-0.9138975620636385
-0.7768527126525586
-0.800194398171383
-0.5375552889028686
-0.7189930826024897
-0.58194823319141
-0.6052899187102344
-0.5239146244706456
-0.705352418170267
-0.5683075687591869
-0.5916492542780113
-0.41035475144553096
-0.5917925451451522
-0.4547476957340723
-0.47808938125289663
-0.4984774403022455
-0.6799152340018668
-0.5428703845907867
-0.5662120701096112
-0.8301813181963634
-1.0116191118959847
-0.8745742624849048
-0.8979159480037292
-0.8165406537641403
-0.9979784474637617
-0.8609335980526819
-0.8842752835715063
-0.7029807807390258
-0.8844185744386471
-0.747373725027567
-0.7707154105463915
-0.7911034695957403
-0.9725412632953616
-0.8354964138842818
-0.8588380994031061
-1.0504767616455735
-1.2319145553451947
-1.0948697059341148
-1.1182113914529392
-1.0368360972133506
-1.2182738909129716
-1.081229041501892
-1.1045707270207161
-0.9232762241882357
-1.1047140178878572
-0.9676691684767772
-0.9910108539956016
-1.0113989130449503
-1.1928367067445718
-1.0557918573334917
-1.079133542852316
-0.8785832527036637
-1.060021046403285
-0.9229761969922051
-0.9463178825110296
-0.8649425882714408
-1.0463803819710618
-0.9093355325599821
-0.9326772180788064
-0.7513827152463259
-0.9328205089459474
-0.7957756595348674
-0.8191173450536918
-0.8395054041030404
-1.0209431978026617
-0.883898348391582
-0.9072400339104064
-0.644600924641892
-0.8260387183415131
-0.6889938689304334
-0.7123355544492577
-0.6309602602096689
-0.8123980539092902
-0.6753532044982102
-0.6986948900170348
-0.5174003871845543
-0.6988381808841756
-0.5617933314730956
-0.5851350169919199
-0.6055230760412689
-0.78696086974089
-0.6499160203298102
-0.6732577058486345
-0.9206192032766243
-1.1020569969762457
-0.9650121475651656
-0.9883538330839899
-0.9069785388444013
-1.0884163325440226
-0.9513714831329426
-0.974713168651767
-0.7934186658192867
-0.9748564595189079
-0.837811610107828
-0.8611532956266524
-0.8815413546760011
-1.0629791483756226
-0.9259342989645425
-0.949275984483367
-1.1409146467258344
-1.3223524404254554
-1.1853075910143756
-1.2086492765332
-1.1272739822936115
-1.3087117759932325
-1.1716669265821524
-1.195008612100977
-1.0137141092684967
-1.195151902968118
-1.058107053557038
-1.0814487390758627
-1.1018367981252113
-1.2832745918248323
-1.1462297424137524
-1.169571427932577
-0.9690211377839245
-1.1504589314835458
-1.013414082072466
-1.0367557675912904
-0.9553804733517015
-1.1368182670513227
-0.9997734176402429
-1.0231151031590673
-0.8418206003265869
-1.023258394026208
-0.8862135446151282
-0.9095552301339527
-0.9299432891833015
-1.111381082882923
-0.9743362334718427
-0.9976779189906673
-0.7350388097221529
-0.9164766034217742
-0.7794317540106942
-0.8027734395295185
-0.7213981452899297
-0.9028359389895511
-0.7657910895784711
-0.7891327750972954
-0.607838272264815
-0.7892760659644364
-0.6522312165533565
-0.675572902072181
-0.6959609611215297
-0.877398754821151
-0.7403539054100711
-0.7636955909288954
-1.0379445248376653
-1.219382318537287
-1.0823374691262067
-1.1056791546450313
-1.0243038604054424
-1.2057416541050638
-1.068696804693984
-1.0920384902128082
-0.9107439873803277
-1.092181781079949
-0.9551369316688691
-0.9784786171876936
-0.9988666762370424
-1.1803044699366638
-1.043259620525584
-1.0666013060444082
-1.2582399682868755
-1.4396777619864969
-1.3026329125754166
-1.325974598094241
-1.2445993038546526
-1.4260370975542738
-1.2889922481431937
-1.3123339336620181
-1.131039430829538
-1.312477224529159
-1.175432375118079
-1.1987740606369035
-1.2191621196862523
-1.4005999133858735
-1.2635550639747934
-1.286896749493618
-1.0863464593449659
-1.2677842530445873
-1.130739403633507
-1.1540810891523314
-1.0727057949127428
-1.2541435886123644
-1.117098739201284
-1.1404404247201083
-0.9591459218876282
-1.1405837155872496
-1.0035388661761693
-1.0268805516949937
-1.0472686107443425
-1.2287064044439642
-1.091661555032884
-1.1150032405517085
-0.8523641312831938
-1.0338019249828152
-0.8967570755717351
-0.9200987610905597
-0.8387234668509709
-1.0201612605505923
-0.8831164111395123
-0.9064580966583367
-0.7251635938258563
-0.9066013875254776
-0.7695565381143976
-0.7928982236332219
-0.8132862826825709
-0.9947240763821921
-0.857679226971112
-0.8810209124899366
-0.6554041678901766
-0.836841961589798
-0.699797112178718
-0.7231387976975424
-0.6417635034579535
-0.8232012971575748
-0.6861564477464949
-0.7094981332653193
-0.528203630432839
-0.7096414241324602
-0.5725965747213804
-0.5959382602402047
-0.6163263192895535
-0.7977641129891748
-0.6607192635780949
-0.6840609490969193
-0.8756996113393867
-1.0571374050390079
-0.920092555627928
-0.9434342411467525
-0.8620589469071636
-1.043496740606785
-0.906451891195705
-0.9297935767145293
-0.7484990738820491
-0.9299368675816702
-0.7928920181705903
-0.8162337036894147
-0.8366217627387637
-1.0180595564383847
-0.8810147070273049
-0.9043563925461293
-0.703806102397477
-0.8852438960970981
-0.7481990466860182
-0.7715407322048426
-0.6901654379652539
-0.8716032316648751
-0.7345583822537952
-0.7579000677726195
-0.5766055649401393
-0.7580433586397604
-0.6209985092286805
-0.6443401947475049
-0.6647282537968539
-0.846166047496475
-0.7091211980853951
-0.7324628836042195
-0.4698237743357051
-0.6512615680353263
-0.5142167186242464
-0.537558404143071
-0.45618310990348215
-0.6376209036031034
-0.5005760541920234
-0.5239177397108479
-0.3426232368783675
-0.5240610305779888
-0.3870161811669088
-0.4103578666857331
-0.430745925735082
-0.6121837194347034
-0.47513887002362326
-0.4984805555424477
-0.8114363281134214
-0.9928741218130427
-0.8558292724019627
-0.8791709579207871
-0.7977956636811983
-0.9792334573808197
-0.8421886079697398
-0.8655302934885643
-0.6842357906560836
-0.865673584355705
-0.728628734944625
-0.7519704204634494
-0.7723584795127982
-0.9537962732124197
-0.8167514238013396
-0.8400931093201641
-1.0317317715626315
-1.2131695652622527
-1.0761247158511729
-1.0994664013699973
-1.0180911071304084
-1.1995289008300296
-1.0624840514189497
-1.0858257369377742
-0.9045312341052938
-1.085969027804915
-0.9489241783938351
-0.9722658639126595
-0.9926539229620083
-1.1740917166616298
-1.0370468672505497
-1.0603885527693742
-0.8598382626207216
-1.041276056320343
-0.9042312069092631
-0.9275728924280874
-0.8461975981884986
-1.0276353918881198
-0.89059054247704
-0.9139322279958644
-0.732637725163384
-0.9140755188630052
-0.7770306694519253
-0.8003723549707497
-0.8207604140200985
-1.0021982077197198
-0.86515335830864
-0.8884950438274644
-0.62585593455895
-0.8072937282585713
-0.6702488788474913
-0.6935905643663156
-0.6122152701267268
-0.7936530638263481
-0.6566082144152682
-0.6799498999340925
-0.4986553971016122
-0.6800931908012335
-0.5430483413901535
-0.566390026908978
-0.5867780859583268
-0.7682158796579481
-0.6311710302468682
-0.6545127157656925
-0.9018742131936822
-1.0833120068933035
-0.9462671574822236
-0.969608843001048
-0.8882335487614592
-1.0696713424610804
-0.9326264930500006
-0.9559681785688249
-0.7746736757363445
-0.9561114694359658
-0.819066620024886
-0.8424083055437104
-0.8627963645930591
-1.0442341582926804
-0.9071893088816004
-0.9305309944004249
-1.1221696566428925
-1.3036074503425137
-1.1665626009314336
-1.189904286450258
-1.1085289922106694
-1.2899667859102906
-1.1529219364992107
-1.176263622018035
-0.9949691191855546
-1.1764069128851762
-1.039362063474096
-1.0627037489929203
-1.0830918080422691
-1.2645296017418903
-1.1274847523308107
-1.150826437849635
-0.9502761477009826
-1.131713941400604
-0.9946690919895239
-1.0180107775083482
-0.9366354832687595
-1.1180732769683808
-0.9810284275573008
-1.0043701130761251
-0.8230756102436448
-1.0045134039432662
-0.8674685545321862
-0.8908102400510105
-0.9111982991003594
-1.0926360927999808
-0.9555912433889007
-0.9789329289077251
-0.7162938196392107
-0.8977316133388321
-0.7606867639277521
-0.7840284494465767
-0.7026531552069877
-0.884090948906609
-0.747046099495529
-0.7703877850143536
-0.589093282181873
-0.7705310758814944
-0.6334862264704143
-0.6568279119892388
-0.6772159710385875
-0.858653764738209
-0.721608915327129
-0.7449506008459533
-1.0191995347547234
-1.2006373284543448
-1.0635924790432647
-1.086934164562089
-1.0055588703225002
-1.1869966640221217
-1.0499518146110416
-1.0732935001298658
-0.8919989972973856
-1.073436790997007
-0.9363919415859271
-0.9597336271047515
-0.9801216861541003
-1.1615594798537217
-1.0245146304426416
-1.047856315961466
-1.2394949782039333
-1.4209327719035547
-1.2838879224924746
-1.307229608011299
-1.2258543137717102
-1.4072921074713316
-1.2702472580602517
-1.2935889435790762
-1.1122944407465958
-1.2937322344462172
-1.1566873850351371
-1.1800290705539613
-1.2004171296033102
-1.3818549233029314
-1.2448100738918515
-1.268151759410676
-1.0676014692620235
-1.2490392629616451
-1.111994413550565
-1.1353360990693893
-1.0539608048298004
-1.235398598529422
-1.098353749118342
-1.1216954346371664
-0.9404009318046859
-1.1218387255043074
-0.9847938760932274
-1.0081355616120518
-1.0285236206614004
-1.209961414361022
-1.072916564949942
-1.0962582504687666
-0.8336191412002519
-1.015056934899873
-0.8780120854887931
-0.9013537710076176
-0.8199784767680288
-1.00141627046765
-0.8643714210565702
-0.8877131065753946
-0.7064186037429142
-0.8878563974425355
-0.7508115480314556
-0.7741532335502799
-0.7945412925996288
-0.9759790862992499
-0.8389342368881701
-0.8622759224069945
-0.6366591778072345
-0.8180969715068559
-0.6810521220957759
-0.7043938076146004
-0.6230185133750116
-0.8044563070746328
-0.6674114576635528
-0.6907531431823772
-0.509458640349897
-0.6908964340495182
-0.5538515846384383
-0.5771932701572626
-0.5975813292066114
-0.7790191229062328
-0.6419742734951528
-0.6653159590139772
-0.8569546212564446
-1.0383924149560657
-0.9013475655449861
-0.9246892510638104
-0.8433139568242216
-1.0247517505238428
-0.887706901112763
-0.9110485866315873
-0.7297540837991069
-0.9111918774987282
-0.7741470280876483
-0.7974887136064727
-0.8178767726558216
-0.9993145663554427
-0.8622697169443629
-0.8856114024631873
-0.6850611123145349
-0.866498906014156
-0.7294540566030763
-0.7527957421219006
-0.6714204478823118
-0.852858241581933
-0.7158133921708532
-0.7391550776896775
-0.5578605748571971
-0.7392983685568184
-0.6022535191457384
-0.625595204664563
-0.6459832637139117
-0.8274210574135329
-0.690376208002453
-0.7137178935212775
-0.45107878425276304
-0.6325165779523844
-0.49547172854130433
-0.5188134140601288
-0.4374381198205401
-0.6188759135201614
-0.4818310641090814
-0.5051727496279057
-0.32387824679542543
-0.5053160404950466
-0.3682711910839667
-0.39161287660279104
-0.4120009356521399
-0.5934387293517613
-0.45639387994068126
-0.4797355654595057
