-0.957631374397027
-1.1893218967136325
-1.052384947365692
-0.9754704253428451
-0.7800815790210563
-1.011772101337662
-0.8748351519897216
-0.7979206299668745
-0.8744378934900279
-1.1061284158066336
-0.9691914664586933
-0.8922769444358462
-0.8245370849838595
-1.0562276073004653
-0.9192906579525247
-0.8423761359296776
-1.1980813019481555
-1.4297718242647612
-1.2928348749168208
-1.215920352893974
-1.020531506572185
-1.2522220288887906
-1.1152850795408502
-1.0383705575180031
-1.1148878210411566
-1.3465783433577623
-1.2096413940098218
-1.1327268719869745
-1.0649870125349883
-1.2966775348515938
-1.1597405855036533
-1.082826063480806
-1.1059509601851951
-1.3376414825018008
-1.2007045331538604
-1.123790011131013
-0.9284011648092244
-1.16009168712583
-1.0231547377778896
-0.9462402157550427
-1.0227574792781962
-1.2544480015948014
-1.1175110522468612
-1.040596530224014
-0.9728566707720274
-1.2045471930886331
-1.0676102437406925
-0.9906957217178456
-1.0961240404808061
-1.3278145627974116
-1.1908776134494714
-1.113963091426624
-0.9185742451048354
-1.1502647674214412
-1.0133278180735008
-0.9364132960506535
-1.012930559573807
-1.2446210818904127
-1.1076841325424724
-1.030769610519625
-0.9630297510676383
-1.1947202733842441
-1.0577833240363037
-0.9808688020134567
-0.9337808712146708
-1.1654713935312764
-1.028534444183336
-0.9516199221604889
-0.7562310758387001
-0.9879215981553059
-0.8509846488073655
-0.7740701267845181
-0.8505873903076717
-1.0822779126242774
-0.9453409632763369
-0.8684264412534898
-0.8006865818015032
-1.032377104118109
-0.8954401547701684
-0.8185256327473213
-1.1742307987657994
-1.405921321082405
-1.2689843717344649
-1.1920698497116178
-0.9966810033898289
-1.2283715257064345
-1.091434576358494
-1.014520054335647
-1.0910373178588004
-1.3227278401754061
-1.1857908908274657
-1.1088763688046184
-1.0411365093526321
-1.2728270316692376
-1.1358900823212972
-1.0589755602984499
-1.0821004570028387
-1.3137909793194444
-1.1768540299715042
-1.099939507948657
-0.9045506616268684
-1.1362411839434738
-0.9993042345955334
-0.9223897125726864
-0.9989069760958399
-1.2305974984124453
-1.093660549064505
-1.016746027041658
-0.9490061675896714
-1.180696689906277
-1.0437597405583365
-0.9668452185354894
-1.07227353729845
-1.3039640596150555
-1.167027110267115
-1.090112588244268
-0.894723741922479
-1.1264142642390849
-0.9894773148911444
-0.9125627928682973
-0.9890800563914507
-1.2207705787080563
-1.083833629360116
-1.0069191073372687
-0.9391792478852823
-1.1708697702018878
-1.0339328208539473
-0.9570182988311003
-1.1717358509536284
-1.403426373270234
-1.2664894239222935
-1.1895749018994466
-0.9941860555776579
-1.2258765778942635
-1.0889396285463229
-1.012025106523476
-1.0885423700466295
-1.320232892363235
-1.1832959430152947
-1.1063814209924474
-1.038641561540461
-1.2703320838570666
-1.133395134509126
-1.0564806124862791
-1.412185778504757
-1.6438763008213628
-1.5069393514734226
-1.4300248294505753
-1.2346359831287865
-1.466326505445392
-1.3293895560974516
-1.2524750340746047
-1.3289922975977582
-1.5606828199143636
-1.4237458705664234
-1.3468313485435761
-1.2790914890915897
-1.5107820114081951
-1.3738450620602547
-1.2969305400374076
-1.3200554367417965
-1.551745959058402
-1.4148090097104618
-1.3378944876876147
-1.1425056413658259
-1.3741961636824316
-1.2372592143344912
-1.160344692311644
-1.2368619558347973
-1.4685524781514032
-1.3316155288034626
-1.2547010067806155
-1.186961147328629
-1.4186516696452345
-1.281714720297294
-1.2048001982744472
-1.3102285170374075
-1.5419190393540128
-1.404982090006073
-1.3280675679832257
-1.132678721661437
-1.3643692439780424
-1.2274322946301022
-1.150517772607255
-1.2270350361304083
-1.458725558447014
-1.3217886090990738
-1.2448740870762265
-1.1771342276242398
-1.4088247499408453
-1.2718878005929053
-1.1949732785700582
-0.8284158766014734
-1.060106398918079
-0.9231694495701386
-0.8462549275472915
-0.6508660812255028
-0.8825566035421085
-0.7456196541941682
-0.6687051321713211
-0.7452223956944745
-0.97691291801108
-0.8399759686631397
-0.7630614466402925
-0.6953215871883058
-0.9270121095049116
-0.7900751601569711
-0.7131606381341242
-1.068865804152602
-1.3005563264692077
-1.1636193771212675
-1.0867048550984202
-0.8913160087766315
-1.1230065310932371
-0.9860695817452969
-0.9091550597224496
-0.985672323245603
-1.2173628455622088
-1.0804258962142683
-1.003511374191421
-0.9357715147394347
-1.1674620370560402
-1.0305250877080998
-0.9536105656852527
-0.9767354623896416
-1.2084259847062473
-1.0714890353583066
-0.9945745133354597
-0.7991856670136709
-1.0308761893302765
-0.893939239982336
-0.817024717959489
-0.8935419814826425
-1.125232503799248
-0.9882955544513077
-0.9113810324284606
-0.8436411729764741
-1.0753316952930796
-0.9383947459451393
-0.8614802239222922
-0.9669085426852525
-1.198599065001858
-1.0616621156539177
-0.9847475936310706
-0.7893587473092817
-1.0210492696258875
-0.8841123202779472
-0.8071977982550999
-0.8837150617782534
-1.115405584094859
-0.9784686347469187
-0.9015541127240716
-0.8338142532720849
-1.0655047755886904
-0.9285678262407503
-0.851653304217903
-0.878802843572608
-1.1104933658892135
-0.973556416541273
-0.8966418945184257
-0.7012530481966373
-0.9329435705132426
-0.7960066211653024
-0.7190920991424555
-0.7956093626656089
-1.0272998849822144
-0.8903629356342739
-0.813448413611427
-0.7457085541594404
-0.9773990764760458
-0.8404621271281055
-0.7635476051052585
-1.1192527711237366
-1.350943293440342
-1.2140063440924016
-1.1370918220695547
-0.9417029757477657
-1.1733934980643714
-1.036456548716431
-0.9595420266935839
-1.0360592902167374
-1.2677498125333428
-1.1308128631854026
-1.0538983411625553
-0.9861584817105687
-1.2178490040271743
-1.0809120546792343
-1.003997532656387
-1.0271224293607757
-1.2588129516773816
-1.1218760023294412
-1.0449614803065939
-0.8495726339848053
-1.081263156301411
-0.9443262069534705
-0.8674116849306234
-0.9439289484537767
-1.1756194707703822
-1.0386825214224422
-0.961767999399595
-0.8940281399476084
-1.125718662264214
-0.9887817129162734
-0.9118671908934265
-1.0172955096563867
-1.2489860319729924
-1.112049082625052
-1.035134560602205
-0.8397457142804161
-1.0714362365970218
-0.9344992872490814
-0.8575847652262342
-0.9341020287493877
-1.1657925510659934
-1.028855601718053
-0.9519410796952058
-0.8842012202432192
-1.115891742559825
-0.9789547932118845
-0.9020402711890373
-0.8549523403902518
-1.0866428627068572
-0.9497059133589166
-0.8727913913360696
-0.6774025450142808
-0.9090930673308865
-0.7721561179829461
-0.695241595960099
-0.7717588594832524
-1.003449381799858
-0.8665124324519178
-0.7895979104290707
-0.7218580509770839
-0.9535485732936897
-0.8166116239457493
-0.7396971019229021
-1.0954022679413804
-1.3270927902579859
-1.1901558409100454
-1.1132413188871984
-0.9178524725654096
-1.1495429948820153
-1.0126060455340749
-0.9356915235112276
-1.0122087870343812
-1.2438993093509867
-1.1069623600030465
-1.0300478379801992
-0.9623079785282127
-1.1939985008448182
-1.057061551496878
-0.9801470294740308
-1.0032719261784195
-1.2349624484950252
-1.098025499147085
-1.0211109771242377
-0.8257221308024489
-1.0574126531190546
-0.9204757037711143
-0.843561181748267
-0.9200784452714206
-1.151768967588026
-1.0148320182400858
-0.9379174962172386
-0.8701776367652521
-1.1018681590818578
-0.9649312097339174
-0.8880166877110701
-0.9934450064740308
-1.2251355287906363
-1.0881985794426958
-1.0112840574198487
-0.8158952110980597
-1.0475857334146657
-0.9106487840667252
-0.8337342620438778
-0.9102515255670314
-1.141942047883637
-1.0050050985356969
-0.9280905765128497
-0.860350717060863
-1.0920412393774688
-0.9551042900295282
-0.8781897680066809
-1.0929073201292092
-1.324597842445815
-1.1876608930978743
-1.1107463710750272
-0.9153575247532386
-1.1470480470698443
-1.0101110977219039
-0.9331965756990567
-1.00971383922221
-1.2414043615388157
-1.1044674121908755
-1.0275528901680284
-0.9598130307160417
-1.1915035530326472
-1.054566603684707
-0.97765208166186
-1.333357247680338
-1.5650477699969434
-1.4281108206490032
-1.351196298626156
-1.1558074523043673
-1.387497974620973
-1.2505610252730326
-1.1736465032501855
-1.2501637667733387
-1.4818542890899444
-1.3449173397420042
-1.268002817719157
-1.2002629582671702
-1.431953480583776
-1.2950165312358357
-1.2181020092129884
-1.2412269059173773
-1.4729174282339828
-1.3359804788860425
-1.2590659568631954
-1.063677110541407
-1.2953676328580124
-1.158430683510072
-1.0815161614872246
-1.158033425010378
-1.3897239473269838
-1.2527869979790436
-1.1758724759561965
-1.1081326165042098
-1.3398231388208155
-1.2028861894728748
-1.1259716674500277
-1.2313999862129883
-1.4630905085295935
-1.3261535591816536
-1.2492390371588065
-1.0538501908370177
-1.2855407131536232
-1.148603763805683
-1.0716892417828356
-1.1482065053059891
-1.3798970276225948
-1.2429600782746544
-1.1660455562518073
-1.0983056967998208
-1.3299962191164263
-1.1930592697684859
-1.1161447477456388
-0.7495873457770543
-0.9812778680936597
-0.8443409187457194
-0.7674263967228725
-0.5720375504010835
-0.8037280727176892
-0.6667911233697489
-0.5898766013469018
-0.6663938648700553
-0.8980843871866608
-0.7611474378387205
-0.6842329158158735
-0.6164930563638867
-0.8481835786804923
-0.711246629332552
-0.6343321073097049
-0.9900372733281829
-1.2217277956447885
-1.0847908462968483
-1.0078763242740012
-0.8124874779522123
-1.044178000268818
-0.9072410509208776
-0.8303265288980303
-0.9068437924211838
-1.1385343147377895
-1.0015973653898491
-0.9246828433670019
-0.8569429839150153
-1.088633506231621
-0.9516965568836807
-0.8747820348608334
-0.8979069315652223
-1.129597453881828
-0.9926605045338875
-0.9157459825110403
-0.7203571361892517
-0.9520476585058573
-0.8151107091579171
-0.73819618713507
-0.8147134506582233
-1.0464039729748287
-0.9094670236268886
-0.8325525016040415
-0.7648126421520548
-0.9965031644686604
-0.8595662151207202
-0.7826516930978731
-0.8880800118608334
-1.1197705341774389
-0.9828335848294986
-0.9059190628066515
-0.7105302164848625
-0.9422207388014684
-0.8052837894535279
-0.7283692674306808
-0.8048865309538342
-1.03657705327044
-0.8996401039224994
-0.8227255818996524
-0.7549857224476658
-0.9866762447642713
-0.849739295416331
-0.7728247733934837
-0.878802843572608
-1.1104933658892135
-0.973556416541273
-0.8966418945184257
-0.7012530481966373
-0.9329435705132426
-0.7960066211653024
-0.7190920991424555
-0.7956093626656089
-1.0272998849822144
-0.8903629356342739
-0.813448413611427
-0.7457085541594404
-0.9773990764760458
-0.8404621271281055
-0.7635476051052585
-1.1192527711237366
-1.350943293440342
-1.2140063440924016
-1.1370918220695547
-0.9417029757477657
-1.1733934980643714
-1.036456548716431
-0.9595420266935839
-1.0360592902167374
-1.2677498125333428
-1.1308128631854026
-1.0538983411625553
-0.9861584817105687
-1.2178490040271743
-1.0809120546792343
-1.003997532656387
-1.0271224293607757
-1.2588129516773816
-1.1218760023294412
-1.0449614803065939
-0.8495726339848053
-1.081263156301411
-0.9443262069534705
-0.8674116849306234
-0.9439289484537767
-1.1756194707703822
-1.0386825214224422
-0.961767999399595
-0.8940281399476084
-1.125718662264214
-0.9887817129162734
-0.9118671908934265
-1.0172955096563867
-1.2489860319729924
-1.112049082625052
-1.035134560602205
-0.8397457142804161
-1.0714362365970218
-0.9344992872490814
-0.8575847652262342
-0.9341020287493877
-1.1657925510659934
-1.028855601718053
-0.9519410796952058
-0.8842012202432192
-1.115891742559825
-0.9789547932118845
-0.9020402711890373
-0.8549523403902518
-1.0866428627068572
-0.9497059133589166
-0.8727913913360696
-0.6774025450142808
-0.9090930673308865
-0.7721561179829461
-0.695241595960099
-0.7717588594832524
-1.003449381799858
-0.8665124324519178
-0.7895979104290707
-0.7218580509770839
-0.9535485732936897
-0.8166116239457493
-0.7396971019229021
-1.0954022679413804
-1.3270927902579859
-1.1901558409100454
-1.1132413188871984
-0.9178524725654096
-1.1495429948820153
-1.0126060455340749
-0.9356915235112276
-1.0122087870343812
-1.2438993093509867
-1.1069623600030465
-1.0300478379801992
-0.9623079785282127
-1.1939985008448182
-1.057061551496878
-0.9801470294740308
-1.0032719261784195
-1.2349624484950252
-1.098025499147085
-1.0211109771242377
-0.8257221308024489
-1.0574126531190546
-0.9204757037711143
-0.843561181748267
-0.9200784452714206
-1.151768967588026
-1.0148320182400858
-0.9379174962172386
-0.8701776367652521
-1.1018681590818578
-0.9649312097339174
-0.8880166877110701
-0.9934450064740308
-1.2251355287906363
-1.0881985794426958
-1.0112840574198487
-0.8158952110980597
-1.0475857334146657
-0.9106487840667252
-0.8337342620438778
-0.9102515255670314
-1.141942047883637
-1.0050050985356969
-0.9280905765128497
-0.860350717060863
-1.0920412393774688
-0.9551042900295282
-0.8781897680066809
-1.0929073201292092
-1.324597842445815
-1.1876608930978743
-1.1107463710750272
-0.9153575247532386
-1.1470480470698443
-1.0101110977219039
-0.9331965756990567
-1.00971383922221
-1.2414043615388157
-1.1044674121908755
-1.0275528901680284
-0.9598130307160417
-1.1915035530326472
-1.054566603684707
-0.97765208166186
-1.333357247680338
-1.5650477699969434
-1.4281108206490032
-1.351196298626156
-1.1558074523043673
-1.387497974620973
-1.2505610252730326
-1.1736465032501855
-1.2501637667733387
-1.4818542890899444
-1.3449173397420042
-1.268002817719157
-1.2002629582671702
-1.431953480583776
-1.2950165312358357
-1.2181020092129884
-1.2412269059173773
-1.4729174282339828
-1.3359804788860425
-1.2590659568631954
-1.063677110541407
-1.2953676328580124
-1.158430683510072
-1.0815161614872246
-1.158033425010378
-1.3897239473269838
-1.2527869979790436
-1.1758724759561965
-1.1081326165042098
-1.3398231388208155
-1.2028861894728748
-1.1259716674500277
-1.2313999862129883
-1.4630905085295935
-1.3261535591816536
-1.2492390371588065
-1.0538501908370177
-1.2855407131536232
-1.148603763805683
-1.0716892417828356
-1.1482065053059891
-1.3798970276225948
-1.2429600782746544
-1.1660455562518073
-1.0983056967998208
-1.3299962191164263
-1.1930592697684859
-1.1161447477456388
-0.7495873457770543
-0.9812778680936597
-0.8443409187457194
-0.7674263967228725
-0.5720375504010835
-0.8037280727176892
-0.6667911233697489
-0.5898766013469018
-0.6663938648700553
-0.8980843871866608
-0.7611474378387205
-0.6842329158158735
-0.6164930563638867
-0.8481835786804923
-0.711246629332552
-0.6343321073097049
-0.9900372733281829
-1.2217277956447885
-1.0847908462968483
-1.0078763242740012
-0.8124874779522123
-1.044178000268818
-0.9072410509208776
-0.8303265288980303
-0.9068437924211838
-1.1385343147377895
-1.0015973653898491
-0.9246828433670019
-0.8569429839150153
-1.088633506231621
-0.9516965568836807
-0.8747820348608334
-0.8979069315652223
-1.129597453881828
-0.9926605045338875
-0.9157459825110403
-0.7203571361892517
-0.9520476585058573
-0.8151107091579171
-0.73819618713507
-0.8147134506582233
-1.0464039729748287
-0.9094670236268886
-0.8325525016040415
-0.7648126421520548
-0.9965031644686604
-0.8595662151207202
-0.7826516930978731
-0.8880800118608334
-1.1197705341774389
-0.9828335848294986
-0.9059190628066515
-0.7105302164848625
-0.9422207388014684
-0.8052837894535279
-0.7283692674306808
-0.8048865309538342
-1.03657705327044
-0.8996401039224994
-0.8227255818996524
-0.7549857224476658
-0.9866762447642713
-0.849739295416331
-0.7728247733934837
-0.9828058273386522
-1.2144963496552579
-1.0775594003073174
-1.0006448782844704
-0.8052560319626817
-1.0369465542792873
-0.900009604931347
-0.8230950829084998
-0.8996123464316533
-1.131302868748259
-0.9943659194003185
-0.9174513973774714
-0.8497115379254848
-1.0814020602420904
-0.9444651108941501
-0.867550588871303
-1.2232557548897809
-1.4549462772063866
-1.3180093278584464
-1.241094805835599
-1.0457059595138105
-1.2773964818304158
-1.1404595324824758
-1.0635450104596285
-1.140062273982782
-1.3717527962993876
-1.234815846951447
-1.1579013249286
-1.0901614654766134
-1.321851987793219
-1.1849150384452787
-1.1080005164224318
-1.1311254131268205
-1.362815935443426
-1.2258789860954855
-1.1489644640726382
-0.9535756177508499
-1.1852661400674553
-1.048329190719515
-0.9714146686966679
-1.0479319322198213
-1.2796224545364268
-1.1426855051884865
-1.0657709831656392
-0.9980311237136527
-1.2297216460302582
-1.0927846966823183
-1.015870174659471
-1.1212984934224315
-1.3529890157390372
-1.2160520663910968
-1.1391375443682494
-0.9437486980464607
-1.1754392203630666
-1.038502271015126
-0.9615877489922788
-1.0381050125154323
-1.2697955348320378
-1.1328585854840976
-1.0559440634612505
-0.9882042040092638
-1.2198947263258695
-1.0829577769779293
-1.006043254955082
-0.958955324156296
-1.1906458464729017
-1.0537088971249613
-0.9767943751021141
-0.7814055287803253
-1.013096051096931
-0.8761591017489907
-0.7992445797261434
-0.875761843249297
-1.1074523655659025
-0.9705154162179623
-0.8936008941951151
-0.8258610347431284
-1.057551557059734
-0.9206146077117938
-0.8437000856889467
-1.1994052517074247
-1.4310957740240304
-1.29415882467609
-1.217244302653243
-1.0218554563314541
-1.2535459786480596
-1.1166090293001196
-1.0396945072772723
-1.1162117708004258
-1.3479022931170312
-1.210965343769091
-1.134050821746244
-1.0663109622942573
-1.2980014846108627
-1.1610645352629225
-1.0841500132400754
-1.1072749099444643
-1.3389654322610698
-1.2020284829131294
-1.1251139608902823
-0.9297251145684937
-1.161415636885099
-1.0244786875371588
-0.9475641655143118
-1.0240814290374651
-1.2557719513540706
-1.1188350020061304
-1.0419204799832833
-0.9741806205312966
-1.205871142847902
-1.0689341934999619
-0.9920196714771147
-1.097447990240075
-1.3291385125566808
-1.1922015632087404
-1.1152870411858933
-0.9198981948641045
-1.1515887171807102
-1.0146517678327698
-0.9377372458099226
-1.014254509333076
-1.2459450316496816
-1.1090080823017414
-1.0320935602788943
-0.9643537008269076
-1.196044223143513
-1.059107273795573
-0.9821927517727257
-1.1969103038952538
-1.4286008262118595
-1.2916638768639188
-1.2147493548410717
-1.0193605085192832
-1.2510510308358886
-1.1141140814879482
-1.0371995594651013
-1.1137168229882548
-1.3454073453048603
-1.2084703959569199
-1.131555873934073
-1.0638160144820863
-1.295506536798692
-1.1585695874507513
-1.0816550654279045
-1.4373602314463823
-1.6690507537629884
-1.532113804415048
-1.4551992823922006
-1.2598104360704119
-1.4915009583870174
-1.3545640090390771
-1.27764948701623
-1.3541667505393833
-1.585857272855989
-1.4489203235080488
-1.3720058014852017
-1.304265942033215
-1.5359564643498202
-1.3990195150018803
-1.3221049929790332
-1.3452298896834218
-1.5769204120000273
-1.439983462652087
-1.3630689406292398
-1.1676800943074512
-1.3993706166240567
-1.2624336672761165
-1.1855191452532694
-1.2620364087764226
-1.4937269310930281
-1.3567899817450881
-1.2798754597222408
-1.2121356002702541
-1.4438261225868598
-1.3068891732389196
-1.2299746512160723
-1.3354029699790329
-1.567093492295638
-1.4301565429476981
-1.353242020924851
-1.1578531746030623
-1.389543696919668
-1.2526067475717275
-1.1756922255488804
-1.2522094890720339
-1.4839000113886391
-1.346963062040699
-1.2700485400178518
-1.2023086805658654
-1.4339992028824706
-1.2970622535345306
-1.2201477315116833
-0.8535903295430988
-1.0852808518597044
-0.9483439025117638
-0.8714293804889168
-0.6760405341671281
-0.9077310564837338
-0.7707941071357933
-0.6938795851129463
-0.7703968486360998
-1.0020873709527052
-0.865150421604765
-0.788235899581918
-0.7204960401299314
-0.9521865624465369
-0.8152496130985966
-0.7383350910757495
-1.0940402570942276
-1.325730779410833
-1.1887938300628929
-1.1118793080400455
-0.9164904617182568
-1.1481809840348625
-1.011244034686922
-0.9343295126640748
-1.0108467761872284
-1.2425372985038339
-1.1056003491558937
-1.0286858271330466
-0.9609459676810599
-1.1926364899976656
-1.0556995406497252
-0.9787850186268782
-1.0019099153312667
-1.2336004376478724
-1.096663488299932
-1.019748966277085
-0.8243601199552965
-1.0560506422719018
-0.9191136929239615
-0.8421991709011144
-0.9187164344242678
-1.1504069567408735
-1.013470007392933
-0.936555485370086
-0.8688156259180994
-1.1005061482347052
-0.9635691988867646
-0.8866546768639175
-0.9920829956268777
-1.2237735179434834
-1.086836568595543
-1.009922046572696
-0.8145332002509071
-1.0462237225675128
-0.9092867732195724
-0.8323722511967253
-0.9088895147198788
-1.1405800370364845
-1.003643087688544
-0.9267285656656968
-0.8589887062137102
-1.090679228530316
-0.9537422791823755
-0.8768277571595284
