-1.1687435883373016
-1.2649252331594771
-1.1666872516445763
-1.1715403821924666
-0.9598775708995574
-1.056059215721733
-0.957821234206832
-0.9626743647547222
-0.812690592159588
-0.9088722369817634
-0.8106342554668625
-0.8154873860147528
-0.9508908313368888
-1.0470724761590644
-0.9488344946441633
-0.9536876251920535
-1.4467445187806705
-1.5429261636028462
-1.4446881820879451
-1.4495413126358352
-1.2378785013429263
-1.3340601461651016
-1.2358221646502008
-1.240675295198091
-1.0906915226029565
-1.186873167425132
-1.0886351859102312
-1.0934883164581215
-1.2288917617802577
-1.3250734066024332
-1.2268354250875322
-1.2316885556354225
-1.281593645164441
-1.3777752899866167
-1.2795373084717154
-1.2843904390196057
-1.0727276277266968
-1.1689092725488721
-1.0706712910339713
-1.0755244215818613
-0.9255406489867272
-1.0217222938089028
-0.9234843122940016
-0.9283374428418919
-1.063740888164028
-1.1599225329862035
-1.0616845514713027
-1.0665376820191927
-1.0764587192601285
-1.1726403640823042
-1.0744023825674032
-1.0792555131152934
-0.8675927018223842
-0.9637743466445596
-0.8655363651296589
-0.870389495677549
-0.720405723082415
-0.8165873679045904
-0.7183493863896895
-0.7232025169375796
-0.8586059622597157
-0.9547876070818913
-0.8565496255669902
-0.8614027561148805
-0.9885399326812359
-1.0847215775034114
-0.9864835959885102
-0.9913367265364006
-0.7796739152434913
-0.8758555600656668
-0.7776175785507659
-0.782470709098656
-0.6324869365035218
-0.7286685813256972
-0.6304305998107963
-0.6352837303586866
-0.7706871756808227
-0.8668688205029983
-0.7686308389880971
-0.7734839695359874
-1.2665408631246047
-1.36272250794678
-1.264484526431879
-1.2693376569797692
-1.05767484568686
-1.1538564905090356
-1.0556185089941348
-1.0604716395420248
-0.9104878669468907
-1.0066695117690663
-0.9084315302541653
-0.9132846608020556
-1.0486881061241915
-1.1448697509463672
-1.0466317694314662
-1.0514848999793565
-1.101389989508375
-1.1975716343305505
-1.0993336528156494
-1.1041867833635397
-0.8925239720706307
-0.9887056168928062
-0.8904676353779052
-0.8953207659257955
-0.7453369933306611
-0.8415186381528366
-0.7432806566379356
-0.7481337871858259
-0.8835372325079619
-0.9797188773301375
-0.8814808958152366
-0.8863340263631266
-0.8962550636040626
-0.9924367084262382
-0.8941987269113372
-0.8990518574592273
-0.6873890461663182
-0.7835706909884937
-0.6853327094735927
-0.690185840021483
-0.5402020674263488
-0.6363837122485242
-0.5381457307336233
-0.5429988612815134
-0.6784023066036496
-0.7745839514258251
-0.6763459699109241
-0.6811991004588143
-1.3192256307665366
-1.4154072755887122
-1.3171692940738111
-1.3220224246217014
-1.1103596133287923
-1.2065412581509678
-1.1083032766360668
-1.113156407183957
-0.9631726345888226
-1.0593542794109982
-0.9611162978960973
-0.9659694284439876
-1.1013728737661237
-1.1975545185882992
-1.0993165370733982
-1.1041696676212884
-1.5972265612099052
-1.6934082060320805
-1.5951702245171797
-1.60002335506507
-1.3883605437721611
-1.4845421885943366
-1.3863042070794356
-1.3911573376273259
-1.2411735650321918
-1.337355209854367
-1.2391172283394662
-1.2439703588873563
-1.3793738042094925
-1.4755554490316682
-1.377317467516767
-1.3821705980646573
-1.4320756875936758
-1.5282573324158513
-1.4300193509009502
-1.4348724814488405
-1.2232096701559314
-1.319391314978107
-1.221153333463206
-1.2260064640110964
-1.0760226914159619
-1.1722043362381376
-1.0739663547232365
-1.0788194852711266
-1.214222930593263
-1.3104045754154383
-1.2121665939005373
-1.2170197244484275
-1.2269407616893635
-1.323122406511539
-1.224884424996638
-1.2297375555445282
-1.0180747442516191
-1.1142563890737947
-1.0160184075588938
-1.0208715381067839
-0.8708877655116496
-0.967069410333825
-0.8688314288189243
-0.8736845593668146
-1.0090880046889505
-1.105269649511126
-1.007031667996225
-1.0118847985441153
-0.9307010097443045
-1.02688265456648
-0.928644673051579
-0.9334978035994692
-0.72183499230656
-0.8180166371287356
-0.7197786556138346
-0.7246317861617249
-0.5746480135665907
-0.6708296583887662
-0.5725916768738651
-0.5774448074217553
-0.7128482527438915
-0.809029897566067
-0.7107919160511661
-0.7156450465990563
-1.2087019401876733
-1.304883585009849
-1.206645603494948
-1.211498734042838
-0.999835922749929
-1.0960175675721047
-0.9977795860572036
-1.002632716605094
-0.8526489440099595
-0.9488305888321352
-0.850592607317234
-0.8554457378651243
-0.9908491831872603
-1.0870308280094358
-0.9887928464945349
-0.9936459770424251
-1.0435510665714436
-1.1397327113936195
-1.0414947298787185
-1.0463478604266088
-0.8346850491336993
-0.9308666939558748
-0.8326287124409738
-0.8374818429888641
-0.6874980703937299
-0.7836797152159054
-0.6854417337010044
-0.6902948642488946
-0.825698309571031
-0.9218799543932065
-0.8236419728783054
-0.8284951034261957
-0.8384161406671314
-0.934597785489307
-0.8363598039744059
-0.8412129345222962
-0.6295501232293871
-0.7257317680515626
-0.6274937865366617
-0.6323469170845518
-0.4823631444894176
-0.5785447893115931
-0.4803068077966921
-0.4851599383445823
-0.6205633836667185
-0.7167450284888941
-0.618507046973993
-0.6233601775218832
-1.1544685116392137
-1.250650156461389
-1.1524121749464882
-1.1572653054943784
-0.9456024942014694
-1.0417841390236449
-0.9435461575087438
-0.9483992880566341
-0.7984155154614999
-0.8945971602836752
-0.7963591787687744
-0.8012123093166647
-0.9366157546388006
-1.032797399460976
-0.9345594179460751
-0.9394125484939654
-1.4324694420825823
-1.528651086904758
-1.430413105389857
-1.4352662359377473
-1.2236034246448382
-1.3197850694670135
-1.2215470879521126
-1.226400218500003
-1.0764164459048684
-1.1725980907270441
-1.0743601092121429
-1.0792132397600331
-1.2146166850821694
-1.3107983299043449
-1.212560348389444
-1.2174134789373343
-1.2673185684663528
-1.3635002132885283
-1.2652622317736275
-1.2701153623215176
-1.0584525510286085
-1.154634195850784
-1.056396214335883
-1.0612493448837732
-0.911265572288639
-1.0074472171108146
-0.9092092355959135
-0.9140623661438038
-1.0494658114659396
-1.1456474562881154
-1.0474094747732143
-1.0522626053211044
-1.0621836425620406
-1.158365287384216
-1.060127305869315
-1.0649804364172053
-0.8533176251242961
-0.9494992699464717
-0.8512612884315708
-0.8561144189794611
-0.7061306463843269
-0.802312291206502
-0.7040743096916013
-0.7089274402394916
-0.8443308855616276
-0.940512530383803
-0.8422745488689021
-0.8471276794167923
-0.9742648559831477
-1.070446500805323
-0.9722085192904223
-0.9770616498383123
-0.7653988385454031
-0.8615804833675788
-0.7633425018526776
-0.7681956324005679
-0.6182118598054336
-0.7143935046276091
-0.616155523112708
-0.6210086536605984
-0.7564120989827344
-0.8525937438049102
-0.7543557622900089
-0.7592088928378992
-1.2522657864265163
-1.3484474312486918
-1.250209449733791
-1.255062580281681
-1.043399768988772
-1.1395814138109477
-1.0413434322960466
-1.046196562843937
-0.8962127902488025
-0.9923944350709781
-0.894156453556077
-0.8990095841039673
-1.0344130294261034
-1.1305946742482789
-1.032356692733378
-1.037209823281268
-1.0871149128102868
-1.1832965576324623
-1.0850585761175613
-1.0899117066654516
-0.8782488953725426
-0.974430540194718
-0.876192558679817
-0.8810456892277073
-0.7310619166325729
-0.8272435614547485
-0.7290055799398474
-0.7338587104877377
-0.8692621558098739
-0.9654438006320494
-0.8672058191171483
-0.8720589496650386
-0.8819799869059743
-0.97816163172815
-0.879923650213249
-0.8847767807611393
-0.6731139694682301
-0.7692956142904056
-0.6710576327755047
-0.6759107633233948
-0.5259269907282605
-0.622108635550436
-0.5238706540355351
-0.5287237845834253
-0.6641272299055614
-0.7603088747277371
-0.662070893212836
-0.6669240237607261
-1.3049505540684485
-1.401132198890624
-1.302894217375723
-1.3077473479236132
-1.0960845366307042
-1.1922661814528797
-1.0940281999379786
-1.098881330485869
-0.9488975578907346
-1.04507920271291
-0.9468412211980092
-0.9516943517458994
-1.0870977970680356
-1.183279441890211
-1.08504146037531
-1.0898945909232003
-1.582951484511817
-1.6791331293339928
-1.5808951478190918
-1.5857482783669818
-1.374085467074073
-1.4702671118962485
-1.3720291303813477
-1.3768822609292377
-1.2268984883341034
-1.323080133156279
-1.224842151641378
-1.229695282189268
-1.3650987275114044
-1.4612803723335797
-1.3630423908186788
-1.367895521366569
-1.4178006108955876
-1.5139822557177631
-1.415744274202862
-1.4205974047507524
-1.2089345934578433
-1.3051162382800188
-1.206878256765118
-1.2117313873130082
-1.0617476147178737
-1.1579292595400494
-1.0596912780251484
-1.0645444085730384
-1.1999478538951747
-1.2961294987173502
-1.1978915172024491
-1.2027446477503394
-1.2126656849912754
-1.308847329813451
-1.2106093482985498
-1.21546247884644
-1.0037996675535312
-1.0999813123757065
-1.0017433308608057
-1.0065964614086957
-0.8566126888135615
-0.9527943336357368
-0.8545563521208361
-0.8594094826687262
-0.9948129279908624
-1.090994572813038
-0.9927565912981369
-0.9976097218460271
-0.9164259330462164
-1.012607577868392
-0.9143695963534909
-0.9192227269013812
-0.707559915608472
-0.8037415604306475
-0.7055035789157466
-0.7103567094636368
-0.5603729368685024
-0.656554581690678
-0.558316600175777
-0.5631697307236672
-0.6985731760458033
-0.7947548208679788
-0.6965168393530777
-0.7013699699009681
-1.1944268634895854
-1.2906085083117609
-1.1923705267968598
-1.1972236573447501
-0.985560846051841
-1.0817424908740165
-0.9835045093591155
-0.9883576399070058
-0.8383738673118714
-0.9345555121340471
-0.8363175306191458
-0.8411706611670359
-0.9765741064891723
-1.072755751311348
-0.9745177697964468
-0.979370900344337
-1.029275989873356
-1.125457634695531
-1.0272196531806304
-1.0320727837285206
-0.8204099724356112
-0.9165916172577867
-0.818353635742886
-0.8232067662907759
-0.6732229936956418
-0.7694046385178175
-0.6711666570029163
-0.6760197875508065
-0.8114232328729425
-0.9076048776951183
-0.8093668961802173
-0.8142200267281076
-0.8241410639690433
-0.9203227087912189
-0.8220847272763178
-0.826937857824208
-0.6152750465312989
-0.7114566913534746
-0.6132187098385734
-0.6180718403864638
-0.4680880677913295
-0.564269712613505
-0.46603173109860396
-0.47088486164649423
-0.6062883069686303
-0.7024699517908058
-0.6042319702759048
-0.609085100823795
-1.1544685116392137
-1.250650156461389
-1.1524121749464882
-1.1572653054943784
-0.9456024942014694
-1.0417841390236449
-0.9435461575087438
-0.9483992880566341
-0.7984155154614999
-0.8945971602836752
-0.7963591787687744
-0.8012123093166647
-0.9366157546388006
-1.032797399460976
-0.9345594179460751
-0.9394125484939654
-1.4324694420825823
-1.528651086904758
-1.430413105389857
-1.4352662359377473
-1.2236034246448382
-1.3197850694670135
-1.2215470879521126
-1.226400218500003
-1.0764164459048684
-1.1725980907270441
-1.0743601092121429
-1.0792132397600331
-1.2146166850821694
-1.3107983299043449
-1.212560348389444
-1.2174134789373343
-1.2673185684663528
-1.3635002132885283
-1.2652622317736275
-1.2701153623215176
-1.0584525510286085
-1.154634195850784
-1.056396214335883
-1.0612493448837732
-0.911265572288639
-1.0074472171108146
-0.9092092355959135
-0.9140623661438038
-1.0494658114659396
-1.1456474562881154
-1.0474094747732143
-1.0522626053211044
-1.0621836425620406
-1.158365287384216
-1.060127305869315
-1.0649804364172053
-0.8533176251242961
-0.9494992699464717
-0.8512612884315708
-0.8561144189794611
-0.7061306463843269
-0.802312291206502
-0.7040743096916013
-0.7089274402394916
-0.8443308855616276
-0.940512530383803
-0.8422745488689021
-0.8471276794167923
-0.9742648559831477
-1.070446500805323
-0.9722085192904223
-0.9770616498383123
-0.7653988385454031
-0.8615804833675788
-0.7633425018526776
-0.7681956324005679
-0.6182118598054336
-0.7143935046276091
-0.616155523112708
-0.6210086536605984
-0.7564120989827344
-0.8525937438049102
-0.7543557622900089
-0.7592088928378992
-1.2522657864265163
-1.3484474312486918
-1.250209449733791
-1.255062580281681
-1.043399768988772
-1.1395814138109477
-1.0413434322960466
-1.046196562843937
-0.8962127902488025
-0.9923944350709781
-0.894156453556077
-0.8990095841039673
-1.0344130294261034
-1.1305946742482789
-1.032356692733378
-1.037209823281268
-1.0871149128102868
-1.1832965576324623
-1.0850585761175613
-1.0899117066654516
-0.8782488953725426
-0.974430540194718
-0.876192558679817
-0.8810456892277073
-0.7310619166325729
-0.8272435614547485
-0.7290055799398474
-0.7338587104877377
-0.8692621558098739
-0.9654438006320494
-0.8672058191171483
-0.8720589496650386
-0.8819799869059743
-0.97816163172815
-0.879923650213249
-0.8847767807611393
-0.6731139694682301
-0.7692956142904056
-0.6710576327755047
-0.6759107633233948
-0.5259269907282605
-0.622108635550436
-0.5238706540355351
-0.5287237845834253
-0.6641272299055614
-0.7603088747277371
-0.662070893212836
-0.6669240237607261
-1.3049505540684485
-1.401132198890624
-1.302894217375723
-1.3077473479236132
-1.0960845366307042
-1.1922661814528797
-1.0940281999379786
-1.098881330485869
-0.9488975578907346
-1.04507920271291
-0.9468412211980092
-0.9516943517458994
-1.0870977970680356
-1.183279441890211
-1.08504146037531
-1.0898945909232003
-1.582951484511817
-1.6791331293339928
-1.5808951478190918
-1.5857482783669818
-1.374085467074073
-1.4702671118962485
-1.3720291303813477
-1.3768822609292377
-1.2268984883341034
-1.323080133156279
-1.224842151641378
-1.229695282189268
-1.3650987275114044
-1.4612803723335797
-1.3630423908186788
-1.367895521366569
-1.4178006108955876
-1.5139822557177631
-1.415744274202862
-1.4205974047507524
-1.2089345934578433
-1.3051162382800188
-1.206878256765118
-1.2117313873130082
-1.0617476147178737
-1.1579292595400494
-1.0596912780251484
-1.0645444085730384
-1.1999478538951747
-1.2961294987173502
-1.1978915172024491
-1.2027446477503394
-1.2126656849912754
-1.308847329813451
-1.2106093482985498
-1.21546247884644
-1.0037996675535312
-1.0999813123757065
-1.0017433308608057
-1.0065964614086957
-0.8566126888135615
-0.9527943336357368
-0.8545563521208361
-0.8594094826687262
-0.9948129279908624
-1.090994572813038
-0.9927565912981369
-0.9976097218460271
-0.9164259330462164
-1.012607577868392
-0.9143695963534909
-0.9192227269013812
-0.707559915608472
-0.8037415604306475
-0.7055035789157466
-0.7103567094636368
-0.5603729368685024
-0.656554581690678
-0.558316600175777
-0.5631697307236672
-0.6985731760458033
-0.7947548208679788
-0.6965168393530777
-0.7013699699009681
-1.1944268634895854
-1.2906085083117609
-1.1923705267968598
-1.1972236573447501
-0.985560846051841
-1.0817424908740165
-0.9835045093591155
-0.9883576399070058
-0.8383738673118714
-0.9345555121340471
-0.8363175306191458
-0.8411706611670359
-0.9765741064891723
-1.072755751311348
-0.9745177697964468
-0.979370900344337
-1.029275989873356
-1.125457634695531
-1.0272196531806304
-1.0320727837285206
-0.8204099724356112
-0.9165916172577867
-0.818353635742886
-0.8232067662907759
-0.6732229936956418
-0.7694046385178175
-0.6711666570029163
-0.6760197875508065
-0.8114232328729425
-0.9076048776951183
-0.8093668961802173
-0.8142200267281076
-0.8241410639690433
-0.9203227087912189
-0.8220847272763178
-0.826937857824208
-0.6152750465312989
-0.7114566913534746
-0.6132187098385734
-0.6180718403864638
-0.4680880677913295
-0.564269712613505
-0.46603173109860396
-0.47088486164649423
-0.6062883069686303
-0.7024699517908058
-0.6042319702759048
-0.609085100823795
-1.1582259062418807
-1.2544075510640562
-1.1561695695491552
-1.1610227000970454
-0.9493598888041365
-1.045541533626312
-0.9473035521114109
-0.9521566826593012
-0.8021729100641669
-0.8983545548863425
-0.8001165733714415
-0.8049697039193316
-0.9403731492414679
-1.0365547940636433
-0.9383168125487423
-0.9431699430966326
-1.4362268366852495
-1.532408481507425
-1.434170499992524
-1.4390236305404143
-1.2273608192475054
-1.3235424640696807
-1.2253044825547799
-1.2301576131026701
-1.0801738405075356
-1.1763554853297111
-1.0781175038148103
-1.0829706343627006
-1.2183740796848366
-1.314555724507012
-1.2163177429921113
-1.2211708735400013
-1.27107596306902
-1.3672576078911958
-1.2690196263762947
-1.2738727569241848
-1.0622099456312757
-1.1583915904534512
-1.0601536089385502
-1.0650067394864404
-0.9150229668913062
-1.0112046117134816
-0.9129666301985808
-0.9178197607464711
-1.053223206068607
-1.1494048508907826
-1.0511668693758816
-1.0560199999237718
-1.0659410371647076
-1.1621226819868833
-1.0638847004719822
-1.0687378310198723
-0.8570750197269633
-0.9532566645491389
-0.8550186830342379
-0.859871813582128
-0.7098880409869941
-0.8060696858091695
-0.7078317042942686
-0.7126848348421587
-0.8480882801642946
-0.9442699249864702
-0.8460319434715693
-0.8508850740194593
-0.9780222505858148
-1.0742038954079904
-0.9759659138930893
-0.9808190444409796
-0.7691562331480704
-0.8653378779702461
-0.7670998964553448
-0.7719530270032351
-0.6219692544081007
-0.7181508992302763
-0.6199129177153754
-0.6247660482632655
-0.7601694935854016
-0.8563511384075774
-0.7581131568926761
-0.7629662874405664
-1.2560231810291838
-1.352204825851359
-1.2539668443364582
-1.2588199748843485
-1.0471571635914394
-1.143338808413615
-1.0451008268987139
-1.0499539574466041
-0.8999701848514697
-0.9961518296736451
-0.8979138481587444
-0.9027669787066345
-1.0381704240287706
-1.134352068850946
-1.0361140873360453
-1.0409672178839353
-1.0908723074129538
-1.1870539522351296
-1.0888159707202285
-1.0936691012681188
-0.8820062899752096
-0.9781879347973852
-0.8799499532824843
-0.8848030838303743
-0.7348193112352401
-0.8310009560574158
-0.7327629745425146
-0.7376161050904049
-0.8730195504125411
-0.9692011952347165
-0.8709632137198156
-0.8758163442677058
-0.8857373815086416
-0.9819190263308173
-0.8836810448159163
-0.8885341753638065
-0.6768713640708973
-0.7730530088930728
-0.6748150273781719
-0.679668157926062
-0.5296843853309278
-0.6258660301531033
-0.5276280486382023
-0.5324811791860925
-0.6678846245082286
-0.7640662693304043
-0.6658282878155032
-0.6706814183633933
-1.3087079486711155
-1.404889593493291
-1.3066516119783902
-1.3115047425262805
-1.0998419312333712
-1.1960235760555469
-1.0977855945406458
-1.1026387250885359
-0.9526549524934018
-1.0488365973155773
-0.9505986158006763
-0.9554517463485666
-1.0908551916707028
-1.187036836492878
-1.0887988549779772
-1.0936519855258675
-1.5867088791144843
-1.6828905239366598
-1.5846525424217588
-1.589505672969649
-1.3778428616767402
-1.474024506498916
-1.3757865249840147
-1.380639655531905
-1.2306558829367706
-1.3268375277589461
-1.228599546244045
-1.2334526767919354
-1.3688561221140714
-1.465037766936247
-1.3667997854213458
-1.371652915969236
-1.421558005498255
-1.5177396503204306
-1.4195016688055293
-1.4243547993534196
-1.2126919880605105
-1.308873632882686
-1.2106356513677852
-1.2154887819156754
-1.065505009320541
-1.1616866541427167
-1.0634486726278156
-1.0683018031757057
-1.2037052484978419
-1.2998868933200176
-1.2016489118051163
-1.2065020423530066
-1.2164230795939426
-1.312604724416118
-1.214366742901217
-1.2192198734491073
-1.0075570621561982
-1.1037387069783737
-1.0055007254634727
-1.010353856011363
-0.8603700834162287
-0.9565517282384043
-0.8583137467235032
-0.8631668772713934
-0.9985703225935296
-1.0947519674157051
-0.9965139859008041
-1.0013671164486941
-0.9201833276488838
-1.016364972471059
-0.9181269909561582
-0.9229801215040485
-0.7113173102111392
-0.8074989550333146
-0.7092609735184138
-0.7141141040663039
-0.5641303314711696
-0.6603119762933451
-0.5620739947784442
-0.5669271253263344
-0.7023305706484706
-0.798512215470646
-0.7002742339557451
-0.7051273645036352
-1.1981842580922524
-1.2943659029144279
-1.1961279213995268
-1.200981051947417
-0.989318240654508
-1.0854998854766835
-0.9872619039617825
-0.9921150345096728
-0.8421312619145386
-0.9383129067367141
-0.840074925221813
-0.8449280557697031
-0.9803315010918393
-1.076513145914015
-0.9782751643991141
-0.983128294947004
-1.0330333844760229
-1.1292150292981984
-1.0309770477832974
-1.0358301783311876
-0.8241673670382785
-0.9203490118604541
-0.8221110303455531
-0.8269641608934433
-0.676980388298309
-0.7731620331204845
-0.6749240516055836
-0.6797771821534737
-0.8151806274756098
-0.9113622722977854
-0.8131242907828843
-0.8179774213307746
-0.8278984585717104
-0.9240801033938859
-0.8258421218789849
-0.8306952524268755
-0.6190324411339662
-0.7152140859561417
-0.6169761044412406
-0.6218292349891309
-0.4718454623939967
-0.5680271072161721
-0.4697891257012712
-0.47464225624916134
-0.6100457015712974
-0.7062273463934731
-0.6079893648785721
-0.6128424954264623
