-0.9008395244108297
-0.9732189961824982
-0.8709795918713114
-0.8934483833994852
-0.7377953627473215
-0.8101748345189901
-0.7079354302078033
-0.7304042217359771
-0.6321621022472584
-0.704541574018927
-0.6023021697077401
-0.624770961235914
-0.9719471072732944
-1.044326579044963
-0.9420871747337761
-0.96455596626195
-0.979122168003006
-1.0515016397746746
-0.9492622354634876
-0.9717310269916615
-0.8160780063394979
-0.8884574781111664
-0.7862180737999795
-0.8086868653281534
-0.7104447458394351
-0.7828242176111035
-0.6805848132999166
-0.7030536048280903
-1.0502297508654708
-1.1226092226371394
-1.0203698183259524
-1.0428386098541262
-1.1158209320170434
-1.1882004037887115
-1.085960999477525
-1.1084297910056988
-0.9527767703535353
-1.0251562421252038
-0.9229168378140169
-0.9453856293421908
-0.8471435098534724
-0.9195229816251408
-0.8172835773139538
-0.8397523688421278
-1.1869285148795081
-1.2593079866511763
-1.15706858233999
-1.1795373738681638
-1.3219016717600458
-1.3942811435317142
-1.2920417392205275
-1.3145105307487013
-1.1588575100965377
-1.2312369818682058
-1.1289975775570196
-1.1514663690851934
-1.0532242495964748
-1.1256037213681431
-1.0233643170569564
-1.0458331085851302
-1.3930092546225104
-1.465388726394179
-1.3631493220829922
-1.385618113611166
-1.0344840555286328
-1.1068635273003011
-1.0046241229891146
-1.0270929145172885
-0.8714398938651248
-0.9438193656367934
-0.8415799613256065
-0.8640487528537804
-0.7658066333650617
-0.8381861051367302
-0.7359467008255435
-0.7584154923537173
-1.1055916383910975
-1.1779711101627661
-1.0757317058515794
-1.0982004973797532
-1.1127666991208092
-1.1851461708924778
-1.0829067665812908
-1.1053755581094646
-0.9497225374573012
-1.0221020092289697
-0.9198626049177829
-0.9423313964459568
-0.8440892769572381
-0.9164687487289066
-0.8142293444177198
-0.8366981359458937
-1.183874281983274
-1.2562537537549425
-1.1540143494437558
-1.1764831409719296
-1.2494654631348465
-1.321844934906515
-1.2196055305953284
-1.2420743221235022
-1.0864213014713384
-1.1588007732430068
-1.0565613689318203
-1.0790301604599941
-0.9807880409712755
-1.0531675127429438
-0.9509281084317572
-0.9733968999599311
-1.3205730459973113
-1.3929525177689797
-1.2907131134577932
-1.313181904985967
-1.4555462028778494
-1.5279256746495178
-1.4256862703383313
-1.4481550618665051
-1.292502041214341
-1.3648815129860095
-1.2626421086748227
-1.2851109002029968
-1.186868780714278
-1.2592482524859463
-1.1570088481747596
-1.1794776397029334
-1.5266537857403137
-1.5990332575119823
-1.4967938532007958
-1.5192626447289697
-1.1043225063034066
-1.176701978075075
-1.0744625737638882
-1.096931365292062
-0.9412783446398985
-1.0136578164115668
-0.9114184121003801
-0.9338872036285539
-0.8356450841398354
-0.9080245559115039
-0.8057851516003172
-0.828253943128491
-1.1754300891658713
-1.2478095609375395
-1.1455701566263532
-1.168038948154527
-1.1826051498955825
-1.254984621667251
-1.1527452173560648
-1.1752140088842387
-1.0195609882320746
-1.0919404600037432
-0.9897010556925564
-1.0121698472207301
-0.9139277277320117
-0.9863071995036802
-0.8840677951924935
-0.9065365867206673
-1.2537127327580473
-1.3260922045297159
-1.2238528002185292
-1.246321591746703
-1.3193039139096199
-1.3916833856812885
-1.2894439813701017
-1.3119127728982756
-1.156259752246112
-1.2286392240177804
-1.1263998197065939
-1.1488686112347677
-1.050626491746049
-1.1230059635177174
-1.020766559206531
-1.0432353507347047
-1.3904114967720846
-1.4627909685437532
-1.3605515642325665
-1.3830203557607403
-1.5253846536526225
-1.5977641254242911
-1.4955247211131044
-1.5179935126412782
-1.3623404919891149
-1.4347199637607828
-1.3324805594495968
-1.3549493509777706
-1.2567072314890515
-1.3290867032607203
-1.2268472989495334
-1.2493160904777072
-1.5964922365150873
-1.668871708286756
-1.5666323039755692
-1.589101095503743
-0.8265425137867414
-0.89892198555841
-0.7966825812472231
-0.819151372775397
-0.6634983521232334
-0.7358778238949019
-0.633638419583715
-0.6561072111118889
-0.5578650916231702
-0.6302445633948388
-0.5280051590836521
-0.5504739506118259
-0.8976500966492061
-0.9700295684208747
-0.8677901641096879
-0.8902589556378617
-0.9048251573789179
-0.9772046291505864
-0.8749652248393995
-0.8974340163675734
-0.7417809957154098
-0.8141604674870782
-0.7119210631758915
-0.7343898547040653
-0.6361477352153467
-0.7085272069870152
-0.6062878026758285
-0.6287565942040023
-0.9759327402413824
-1.0483122120130512
-0.9460728077018643
-0.968541599230038
-1.0415239213929552
-1.1139033931646236
-1.011663988853437
-1.0341327803816107
-0.878479759729447
-0.9508592315011155
-0.8486198271899288
-0.8710886187181026
-0.7728464992293841
-0.8452259710010526
-0.7429865666898658
-0.7654553582180397
-1.1126315042554198
-1.1850109760270886
-1.0827715717159017
-1.1052403632440755
-1.2476046611359577
-1.319984132907626
-1.2177447285964393
-1.2402135201246132
-1.0845604994724494
-1.156939971244118
-1.0547005669329312
-1.077169358461105
-0.9789272389723865
-1.051306710744055
-0.9490673064328682
-0.971536097961042
-1.3187122439984225
-1.3910917157700906
-1.288852311458904
-1.311321102987078
-0.916121847567225
-0.9885013193388936
-0.8862619150277069
-0.9087307065558806
-0.753077685903717
-0.8254571576753855
-0.7232177533641987
-0.7456865448923725
-0.6474444254036539
-0.7198238971753226
-0.6175844928641357
-0.6400532843923096
-0.98722943042969
-1.0596089022013584
-0.9573694978901716
-0.9798382894183454
-0.9944044911594015
-1.06678396293107
-0.9645445586198833
-0.9870133501480571
-0.8313603294958934
-0.903739801267562
-0.8015003969563751
-0.8239691884845489
-0.7257270689958304
-0.7981065407674989
-0.6958671364563122
-0.718335927984486
-1.0655120740218662
-1.1378915457935346
-1.0356521414823479
-1.0581209330105217
-1.1311032551734388
-1.2034827269451072
-1.1012433226339207
-1.1237121141620943
-0.9680590935099309
-1.0404385652815993
-0.9381991609704123
-0.9606679524985862
-0.8624258330098677
-0.9348053047815362
-0.8325659004703495
-0.8550346919985233
-1.2022108380359036
-1.274590309807572
-1.1723509054963854
-1.1948196970245593
-1.3371839949164412
-1.4095634666881098
-1.3073240623769231
-1.329792853905097
-1.1741398332529331
-1.2465193050246015
-1.1442799007134148
-1.1667486922415888
-1.0685065727528702
-1.1408860445245386
-1.0386466402133518
-1.0611154317415257
-1.408291577778906
-1.4806710495505746
-1.3784316452393879
-1.4009004367675617
-1.0497663786850284
-1.1221458504566968
-1.01990644614551
-1.042375237673684
-0.8867222170215202
-0.9591016887931887
-0.856862284482002
-0.8793310760101758
-0.7810889565214572
-0.8534684282931257
-0.7512290239819389
-0.7736978155101127
-1.120873961547493
-1.1932534333191616
-1.0910140290079748
-1.1134828205361487
-1.1280490222772048
-1.2004284940488732
-1.0981890897376865
-1.1206578812658603
-0.9650048606136965
-1.037384332385365
-0.9351449280741783
-0.9576137196023521
-0.8593716001136337
-0.9317510718853022
-0.8295116675741154
-0.8519804591022893
-1.1991566051396696
-1.271536076911338
-1.1692966726001515
-1.1917654641283253
-1.2647477862912422
-1.3371272580629106
-1.234887853751724
-1.2573566452798979
-1.101703624627734
-1.1740830963994024
-1.0718436920882157
-1.0943124836163896
-0.9960703641276709
-1.0684498358993395
-0.9662104315881528
-0.9886792231163265
-1.335855369153707
-1.4082348409253753
-1.3059954366141888
-1.3284642281423626
-1.4708285260342446
-1.543207997805913
-1.4409685934947265
-1.4634373850229003
-1.3077843643707365
-1.3801638361424051
-1.2779244318312184
-1.3003932233593922
-1.2021511038706734
-1.274530575642342
-1.1722911713311552
-1.194759962859329
-1.5419361088967094
-1.6143155806683778
-1.5120761763571913
-1.534544967885365
-1.119604829459802
-1.1919843012314706
-1.0897448969202836
-1.1122136884484575
-0.9565606677962939
-1.0289401395679625
-0.9267007352567755
-0.9491695267849494
-0.8509274072962308
-0.9233068790678993
-0.8210674747567125
-0.8435362662848863
-1.1907124123222668
-1.263091884093935
-1.1608524797827486
-1.1833212713109225
-1.1978874730519784
-1.2702669448236463
-1.16802754051246
-1.1904963320406339
-1.0348433113884703
-1.1072227831601387
-1.004983378848952
-1.0274521703771258
-0.9292100508884074
-1.0015895226600757
-0.8993501183488889
-0.9218189098770627
-1.268995055914443
-1.3413745276861115
-1.2391351233749248
-1.2616039149030986
-1.3345862370660155
-1.4069657088376841
-1.3047263045264974
-1.3271950960546712
-1.1715420754025077
-1.243921547174176
-1.1416821428629893
-1.1641509343911634
-1.0659088149024447
-1.138288286674113
-1.0360488823629264
-1.0585176738911002
-1.4056938199284803
-1.478073291700149
-1.3758338873889622
-1.398302678917136
-1.5406669768090182
-1.6130464485806868
-1.5108070442695
-1.533275835797674
-1.3776228151455103
-1.4500022869171785
-1.3477628826059918
-1.370231674134166
-1.271989554645447
-1.3443690264171153
-1.2421296221059288
-1.2645984136341026
-1.611774559671483
-1.6841540314431516
-1.5819146271319648
-1.6043834186601387
-0.841824836943137
-0.9142043087148055
-0.8119649044036187
-0.8344336959317925
-0.6787806752796289
-0.7511601470512974
-0.6489207427401106
-0.6713895342682844
-0.5731474147795658
-0.6455268865512344
-0.5432874822400475
-0.5657562737682214
-0.9129324198056017
-0.9853118915772703
-0.8830724872660835
-0.9055412787942573
-0.9201074805353133
-0.9924869523069818
-0.890247547995795
-0.9127163395239688
-0.7570633188718052
-0.8294427906434738
-0.7272033863322869
-0.7496721778604607
-0.6514300583717422
-0.7238095301434108
-0.6215701258322239
-0.6440389173603978
-0.9912150633977781
-1.0635945351694465
-0.9613551308582597
-0.9838239223864336
-1.0568062445493507
-1.129185716321019
-1.0269463120098323
-1.0494151035380062
-0.8937620828858427
-0.9661415546575112
-0.8639021503463242
-0.886370941874498
-0.7881288223857795
-0.8605082941574481
-0.7582688898462613
-0.7807376813744351
-1.1279138274118152
-1.2002932991834838
-1.098053894872297
-1.120522686400471
-1.2628869842923531
-1.3352664560640215
-1.2330270517528348
-1.2554958432810086
-1.099842822628845
-1.1722222944005134
-1.0699828900893267
-1.0924516816175005
-0.994209562128782
-1.0665890339004505
-0.9643496295892636
-0.9868184211174374
-1.333994567154818
-1.4063740389264863
-1.3041346346152998
-1.3266034261434736
-0.8460547635322284
-0.918434235303897
-0.8161948309927102
-0.838663622520884
-0.6830106018687204
-0.7553900736403889
-0.6531506693292021
-0.6756194608573758
-0.5773773413686571
-0.6497568131403259
-0.547517408829139
-0.5699862003573128
-0.9171623463946933
-0.9895418181663618
-0.8873024138551749
-0.9097712053833488
-0.9243374071244048
-0.9967168788960733
-0.8944774745848866
-0.9169462661130604
-0.7612932454608967
-0.8336727172325653
-0.7314333129213784
-0.7539021044495522
-0.6556599849608337
-0.7280394567325021
-0.6258000524213154
-0.6482688439494892
-0.9954449899868696
-1.067824461758538
-0.9655850574473512
-0.9880538489755251
-1.0610361711384422
-1.1334156429101105
-1.0311762385989238
-1.0536450301270976
-0.8979920094749342
-0.9703714812466027
-0.8681320769354157
-0.8906008684635895
-0.792358748974871
-0.8647382207465395
-0.7624988164353528
-0.7849676079635266
-1.132143754000907
-1.2045232257725753
-1.1022838214613888
-1.1247526129895626
-1.2671169108814444
-1.339496382653113
-1.2372569783419265
-1.2597257698701
-1.1040727492179365
-1.176452220989605
-1.0742128166784182
-1.0966816082065922
-0.9984394887178735
-1.0708189604895422
-0.9685795561783551
-0.9910483477065289
-1.3382244937439092
-1.4106039655155778
-1.308364561204391
-1.3308333527325649
-0.9796992946500317
-1.0520787664217002
-0.9498393621105133
-0.9723081536386872
-0.8166551329865235
-0.889034604758192
-0.7867952004470052
-0.8092639919751791
-0.7110218724864604
-0.783401344258129
-0.6811619399469422
-0.703630731475116
-1.0508068775124964
-1.123186349284165
-1.0209469449729782
-1.043415736501152
-1.057981938242208
-1.1303614100138764
-1.0281220057026896
-1.0505907972308635
-0.8949377765786998
-0.9673172483503684
-0.8650778440391815
-0.8875466355673554
-0.7893045160786369
-0.8616839878503054
-0.7594445835391187
-0.7819133750672925
-1.1290895211046728
-1.2014689928763411
-1.0992295885651546
-1.1216983800933285
-1.1946807022562453
-1.2670601740279137
-1.1648207697167272
-1.187289561244901
-1.0316365405927372
-1.1040160123644058
-1.0017766080532189
-1.0242453995813927
-0.9260032800926743
-0.9983827518643429
-0.8961433475531561
-0.9186121390813299
-1.26578828511871
-1.3381677568903785
-1.235928352579192
-1.2583971441073658
-1.400761441999248
-1.4731409137709164
-1.3709015094597299
-1.3933703009879037
-1.2377172803357397
-1.3100967521074083
-1.2078573477962216
-1.2303261393243954
-1.1320840198356765
-1.2044634916073451
-1.1022240872961584
-1.1246928788243322
-1.4718690248617128
-1.5442484966333812
-1.4420090923221947
-1.4644778838503685
-1.0495377454248054
-1.1219172171964737
-1.019677812885287
-1.0421466044134609
-0.8864935837612972
-0.9588730555329656
-0.8566336512217788
-0.8791024427499526
-0.7808603232612342
-0.8532397950329027
-0.7510003907217159
-0.7734691822498896
-1.12064532828727
-1.1930248000589383
-1.0907853957477518
-1.1132541872759256
-1.1278203890169818
-1.2001998607886497
-1.0979604564774634
-1.1204292480056373
-0.9647762273534736
-1.037155699125142
-0.9349162948139553
-0.9573850863421292
-0.8591429668534106
-0.9315224386250791
-0.8292830343138922
-0.851751825842066
-1.1989279718794463
-1.271307443651115
-1.1690680393399282
-1.191536830868102
-1.264519153031019
-1.3368986248026875
-1.2346592204915008
-1.2571280120196746
-1.1014749913675108
-1.1738544631391792
-1.0716150588279927
-1.0940838503561665
-0.995841730867448
-1.0682212026391165
-0.9659817983279296
-0.9884505898561036
-1.3356267358934837
-1.4080062076651523
-1.3057668033539656
-1.3282355948821394
-1.4705998927740214
-1.54297936454569
-1.4407399602345032
-1.463208751762677
-1.3075557311105137
-1.3799352028821819
-1.2776957985709951
-1.3001645900991694
-1.2019224706104503
-1.2743019423821187
-1.1720625380709322
-1.194531329599106
-1.5417074756364861
-1.6140869474081547
-1.511847543096968
-1.5343163346251418
-0.7717577529081403
-0.8441372246798088
-0.741897820368622
-0.7643666118967958
-0.6087135912446322
-0.6810930630163007
-0.5788536587051138
-0.6013224502332877
-0.503080330744569
-0.5754598025162376
-0.4732203982050508
-0.4956891897332246
-0.842865335770605
-0.9152448075422736
-0.8130054032310867
-0.8354741947592605
-0.8500403965003166
-0.9224198682719851
-0.8201804639607982
-0.8426492554889721
-0.6869962348368085
-0.7593757066084771
-0.6571363022972901
-0.679605093825464
-0.5813629743367454
-0.653742446108414
-0.5515030417972272
-0.573971833325401
-0.9211479793627814
-0.9935274511344498
-0.891288046823263
-0.9137568383514368
-0.986739160514354
-1.0591186322860224
-0.9568792279748357
-0.9793480195030095
-0.823694998850846
-0.8960744706225144
-0.7938350663113275
-0.8163038578395013
-0.7180617383507828
-0.7904412101224514
-0.6882018058112646
-0.7106705973394384
-1.0578467433768188
-1.1302262151484872
-1.0279868108373005
-1.0504556023654743
-1.1928199002573565
-1.2651993720290249
-1.1629599677178382
-1.185428759246012
-1.0297757385938484
-1.1021552103655168
-0.99991580605433
-1.0223845975825037
-0.9241424780937852
-0.9965219498654537
-0.8942825455542669
-0.9167513370824407
-1.2639274831198213
-1.3363069548914894
-1.2340675505803032
-1.256536342108477
-0.9485463242401957
-1.0209257960118643
-0.9186863917006773
-0.9411551832288512
-0.7855021625766875
-0.8578816343483562
-0.7556422300371692
-0.7781110215653431
-0.6798689020766246
-0.752248373848293
-0.6500089695371062
-0.6724777610652801
-1.0196539071026605
-1.092033378874329
-0.9897939745631422
-1.0122627660913162
-1.026828967832372
-1.0992084396040405
-0.9969690352928537
-1.0194378268210276
-0.8637848061688639
-0.9361642779405325
-0.8339248736293455
-0.8563936651575194
-0.7581515456688009
-0.8305310174404694
-0.7282916131292827
-0.7507604046574565
-1.0979365506948369
-1.1703160224665055
-1.0680766181553185
-1.0905454096834923
-1.1635277318464095
-1.2359072036180778
-1.1336677993068913
-1.1561365908350651
-1.0004835701829013
-1.07286304195457
-0.9706236376433829
-0.9930924291715568
-0.8948503096828384
-0.9672297814545069
-0.86499037714332
-0.8874591686714939
-1.2346353147088742
-1.3070147864805421
-1.204775382169356
-1.22724417369753
-1.369608471589412
-1.44198794336108
-1.3397485390498935
-1.3622173305780674
-1.2065643099259038
-1.2789437816975724
-1.1767043773863857
-1.1991731689145595
-1.1009310494258406
-1.1733105211975092
-1.0710711168863223
-1.0935399084144963
-1.4407160544518767
-1.513095526223545
-1.4108561219123583
-1.4333249134405321
-1.0821908553579989
-1.1545703271296672
-1.0523309228184807
-1.0747997143466546
-0.9191466936944908
-0.9915261654661593
-0.8892867611549725
-0.9117555526831463
-0.8135134331944278
-0.8858929049660963
-0.7836535006549096
-0.8061222921830834
-1.1532984382204636
-1.225677909992132
-1.1234385056809453
-1.1459072972091193
-1.1604734989501753
-1.2328529707218436
-1.1306135664106571
-1.153082357938831
-0.9974293372866672
-1.0698088090583358
-0.9675694047471488
-0.9900381962753226
-0.8917960767866041
-0.9641755485582726
-0.8619361442470859
-0.8844049357752597
-1.2315810818126398
-1.3039605535843084
-1.2017211492731217
-1.2241899408012955
-1.2971722629642126
-1.369551734735881
-1.2673123304246945
-1.2897811219528683
-1.1341281013007043
-1.2065075730723729
-1.1042681687611862
-1.12673696028936
-1.0284948408006416
-1.1008743125723102
-0.9986349082611232
-1.021103699789297
-1.3682798458266774
-1.440659317598346
-1.3384199132871593
-1.360888704815333
-1.5032530027072153
-1.5756324744788839
-1.4733930701676972
-1.495861861695871
-1.340208841043707
-1.4125883128153756
-1.3103489085041888
-1.3328177000323627
-1.234575580543644
-1.3069550523153124
-1.2047156480041257
-1.2271844395322997
-1.57436058556968
-1.6467400573413487
-1.544500653030162
-1.5669694445583358
-1.1520293061327727
-1.224408777904441
-1.122169373593254
-1.1446381651214281
-0.9889851444692644
-1.061364616240933
-0.9591252119297462
-0.98159400345792
-0.8833518839692015
-0.95573135574087
-0.8534919514296831
-0.8759607429578571
-1.2231368889952372
-1.2955163607669058
-1.193276956455719
-1.215745747983893
-1.230311949724949
-1.302691421496617
-1.2004520171854307
-1.2229208087136043
-1.0672677880614407
-1.139647259833109
-1.0374078555219226
-1.0598766470500964
-0.9616345275613779
-1.0340139993330464
-0.9317745950218594
-0.9542433865500333
-1.3014195325874138
-1.3737990043590818
-1.2715596000478957
-1.2940283915760695
-1.3670107137389864
-1.4393901855106543
-1.3371507811994683
-1.3596195727276421
-1.203966552075478
-1.2763460238471465
-1.17410661953596
-1.1965754110641338
-1.0983332915754151
-1.1707127633470835
-1.068473359035897
-1.0909421505640708
-1.4381182966014512
-1.510497768373119
-1.408258364061933
-1.4307271555901069
-1.5730914534819889
-1.6454709252536575
-1.5432315209424707
-1.5657003124706446
-1.4100472918184808
-1.4824267635901494
-1.3801873592789626
-1.4026561508071365
-1.3044140313184176
-1.3767935030900862
-1.2745540987788995
-1.2970228903070733
-1.6441990363444536
-1.7165785081161222
-1.6143391038049355
-1.6368078953331093
-0.8742493136161076
-0.946628785387776
-0.8443893810765892
-0.8668581726047629
-0.7112051519525993
-0.7835846237242678
-0.681345219413081
-0.7038140109412548
-0.6055718914525364
-0.677951363224205
-0.5757119589130182
-0.598180750441192
-0.9453568964785724
-1.0177363682502407
-0.9154969639390541
-0.9379657554672278
-0.9525319572082839
-1.0249114289799524
-0.9226720246687656
-0.9451408161969395
-0.7894877955447758
-0.8618672673164444
-0.7596278630052574
-0.7820966545334312
-0.6838545350447127
-0.7562340068163813
-0.6539946025051945
-0.6764633940333683
-1.0236395400707485
-1.0960190118424171
-0.9937796075312304
-1.0162483990594042
-1.0892307212223211
-1.1616101929939897
-1.059370788682803
-1.0818395802109768
-0.9261865595588131
-0.9985660313304817
-0.8963266270192949
-0.9187954185474687
-0.8205532990587501
-0.8929327708304187
-0.7906933665192318
-0.8131621580474057
-1.1603383040847859
-1.2327177758564545
-1.1304783715452678
-1.1529471630734416
-1.295311460965324
-1.3676909327369922
-1.2654515284258054
-1.2879203199539793
-1.1322672993018155
-1.2046467710734838
-1.1024073667622971
-1.124876158290471
-1.0266340388017527
-1.0990135105734211
-0.9967741062622342
-1.019242897790408
-1.3664190438277883
-1.438798515599457
-1.3365591112882702
-1.359027902816444
