-0.8821491080046797
-0.8820955539992649
-0.7735348984850838
-0.8169369421190226
-0.8926190510497577
-0.8925654970443428
-0.784004841530162
-0.8274068851641005
-1.0286126666871018
-1.0285591126816866
-0.9199984571675057
-0.9634005008014443
-1.0633949477618507
-1.0633413937564358
-0.9547807382422551
-0.9981827818761936
-0.8481821365882785
-0.8481285825828636
-0.7395679270686826
-0.7829699707026213
-0.8586520796333567
-0.8585985256279417
-0.7500378701137608
-0.7934399137476994
-0.9946456952707002
-0.9945921412652857
-0.8860314857511046
-0.9294335293850432
-1.0294279763454495
-1.0293744223400347
-0.9208137668258537
-0.9642158104597923
-0.9598589062812825
-0.9598053522758677
-0.8512446967616867
-0.8946467403956253
-0.9703288493263607
-0.9702752953209457
-0.8617146398067648
-0.9051166834407034
-1.1063224649637045
-1.1062689109582895
-0.9977082554441086
-1.0411102990780472
-1.1411047460384538
-1.1410511920330388
-1.032490536518858
-1.0758925801527963
-1.0222488053430108
-1.0221952513375958
-0.913634595823415
-0.9570366394573536
-1.0327187483880889
-1.0326651943826741
-0.9241045388684931
-0.9675065825024317
-1.1687123640254324
-1.1686588100200177
-1.0600981545058368
-1.1035001981397754
-1.2034946451001818
-1.2034410910947666
-1.0948804355805861
-1.1382824792145245
-1.0716514917805957
-1.071597937775181
-0.9630372822609999
-1.0064393258949385
-1.0821214348256738
-1.0820678808202588
-0.9735072253060779
-1.0169092689400165
-1.2181150504630176
-1.2180614964576029
-1.109500840943422
-1.1529028845773606
-1.252897331537767
-1.252843777532352
-1.144283122018171
-1.1876851656521097
-1.0376845203641945
-1.0376309663587795
-0.9290703108445988
-0.9724723544785373
-1.0481544634092725
-1.0481009094038578
-0.9395402538896768
-0.9829422975236154
-1.1841480790466166
-1.1840945250412018
-1.0755338695270205
-1.1189359131609595
-1.218930360121366
-1.218876806115951
-1.1103161506017698
-1.1537181942357086
-1.1493612900571988
-1.1493077360517838
-1.0407470805376027
-1.0841491241715415
-1.1598312331022769
-1.159777679096862
-1.051217023582681
-1.0946190672166194
-1.295824848739621
-1.2957712947342057
-1.187210639220025
-1.2306126828539634
-1.33060712981437
-1.330553575808955
-1.2219929202947741
-1.2653949639287128
-1.211751189118927
-1.211697635113512
-1.103136979599331
-1.1465390232332695
-1.222221132164005
-1.22216757815859
-1.1136069226444092
-1.1570089662783476
-1.3582147478013489
-1.358161193795934
-1.2496005382817532
-1.2930025819156914
-1.3929970288760982
-1.392943474870683
-1.2843828193565023
-1.3277848629904407
-0.87489479033713
-0.8748412363317153
-0.7662805808175344
-0.8096826244514729
-0.8853647333822081
-0.8853111793767934
-0.7767505238626123
-0.820152567496551
-1.021358349019552
-1.0213047950141372
-0.9127441394999563
-0.9561461831338948
-1.0561406300943013
-1.0560870760888865
-0.9475264205747054
-0.9909284642086439
-0.840927818920729
-0.840874264915314
-0.7323136094011331
-0.7757156530350716
-0.8513977619658069
-0.8513442079603922
-0.7427835524462112
-0.7861855960801497
-0.9873913776031508
-0.9873378235977359
-0.8787771680835551
-0.9221792117174935
-1.0221736586779
-1.0221201046724853
-0.9135594491583041
-0.9569614927922427
-0.952604588613733
-0.9525510346083181
-0.8439903790941372
-0.8873924227280757
-0.9630745316588112
-0.9630209776533963
-0.8544603221392152
-0.8978623657731538
-1.099068147296155
-1.09901459329074
-0.990453937776559
-1.0338559814104975
-1.133850428370904
-1.1337968743654894
-1.0252362188513082
-1.0686382624852468
-1.0149944876754613
-1.0149409336700463
-0.9063802781558653
-0.949782321789804
-1.0254644307205394
-1.0254108767151244
-0.9168502212009435
-0.9602522648348819
-1.1614580463578832
-1.161404492352468
-1.0528438368382873
-1.0962458804722255
-1.1962403274326325
-1.1961867734272174
-1.0876261179130364
-1.1310281615469748
-0.8712603454048313
-0.8712067913994164
-0.7626461358852354
-0.806048179519174
-0.8817302884499092
-0.8816767344444946
-0.7731160789303134
-0.8165181225642522
-1.017723904087253
-1.0176703500818385
-0.9091096945676573
-0.952511738201596
-1.0525061851620023
-1.0524526311565874
-0.9438919756424066
-0.9872940192763451
-0.8372933739884301
-0.8372398199830152
-0.7286791644688343
-0.7720812081027727
-0.8477633170335082
-0.8477097630280933
-0.7391491075139123
-0.7825511511478509
-0.9837569326708518
-0.9837033786654371
-0.8751427231512562
-0.9185447667851947
-1.018539213745601
-1.0184856597401863
-0.9099250042260053
-0.9533270478599439
-0.9489701436814341
-0.9489165896760192
-0.8403559341618383
-0.883757977795777
-0.9594400867265123
-0.9593865327210974
-0.8508258772069165
-0.894227920840855
-1.095433702363856
-1.095380148358441
-0.9868194928442602
-1.0302215364781988
-1.1302159834386052
-1.1301624294331905
-1.0216017739190093
-1.065003817552948
-1.0113600427431624
-1.0113064887377476
-0.9027458332235665
-0.9461478768575051
-1.0218299857882405
-1.0217764317828257
-0.9132157762686446
-0.9566178199025831
-1.1578236014255843
-1.1577700474201693
-1.0492093919059886
-1.0926114355399268
-1.1926058825003334
-1.1925523284949184
-1.0839916729807377
-1.1273937166146761
-0.979078682331738
-0.9790251283263234
-0.8704644728121422
-0.9138665164460809
-0.9895486253768162
-0.9894950713714014
-0.8809344158572203
-0.924336459491159
-1.12554224101416
-1.125488687008745
-1.0169280314945643
-1.0603300751285027
-1.1603245220889091
-1.1602709680834944
-1.0517103125693135
-1.0951123562032519
-0.945111710915337
-0.945058156909922
-0.8364975013957411
-0.8798995450296797
-0.955581653960415
-0.9555280999550001
-0.8469674444408192
-0.8903694880747577
-1.0915752695977587
-1.091521715592344
-0.9829610600781631
-1.0263631037121015
-1.126357550672508
-1.1263039966670931
-1.0177433411529122
-1.0611453847868508
-1.056788480608341
-1.0567349266029262
-0.9481742710887452
-0.9915763147226838
-1.067258423653419
-1.067204869648004
-0.9586442141338233
-1.0020462577677618
-1.203252039290763
-1.2031984852853481
-1.094637829771167
-1.1380398734051056
-1.238034320365512
-1.237980766360097
-1.1294201108459163
-1.172822154479855
-1.1191783796700692
-1.1191248256646544
-1.0105641701504733
-1.053966213784412
-1.1296483227151473
-1.1295947687097325
-1.0210341131955516
-1.06443615682949
-1.265641938352491
-1.2655883843470759
-1.1570277288328954
-1.2004297724668336
-1.30042421942724
-1.300370665421825
-1.1918100099076443
-1.235212053541583
-1.1685810661076543
-1.1685275121022394
-1.0599668565880582
-1.103368900221997
-1.1790510091527322
-1.1789974551473172
-1.0704367996331363
-1.113838843267075
-1.3150446247900764
-1.314991070784661
-1.2064304152704801
-1.2498324589044192
-1.3498269058648253
-1.3497733518594104
-1.2412126963452295
-1.284614739979168
-1.1346140946912529
-1.1345605406858381
-1.025999885171657
-1.0694019288055956
-1.1450840377363312
-1.1450304837309162
-1.0364698282167353
-1.0798718718506737
-1.281077653373675
-1.2810240993682602
-1.172463443854079
-1.2158654874880177
-1.3158599344484243
-1.3158063804430093
-1.2072457249288284
-1.250647768562767
-1.2462908643842572
-1.246237310378842
-1.1376766548646613
-1.1810786984985997
-1.2567608074293353
-1.25670725342392
-1.1481465979097394
-1.191548641543678
-1.3927544230666793
-1.3927008690612643
-1.2841402135470834
-1.3275422571810218
-1.4275367041414282
-1.4274831501360132
-1.3189224946218325
-1.362324538255771
-1.3086807634459852
-1.3086272094405702
-1.2000665539263897
-1.243468597560328
-1.3191507064910633
-1.319097152485648
-1.2105364969714676
-1.2539385406054062
-1.4551443221284073
-1.4550907681229923
-1.3465301126088114
-1.38993215624275
-1.4899266032031564
-1.4898730491977412
-1.3813123936835607
-1.424714437317499
-0.9718243646641885
-0.9717708106587737
-0.8632101551445927
-0.9066121987785313
-0.9822943077092667
-0.9822407537038517
-0.8736800981896707
-0.9170821418236094
-1.1182879233466105
-1.1182343693411956
-1.0096737138270147
-1.053075757460953
-1.1530702044213597
-1.1530166504159447
-1.0444559949017638
-1.0878580385357024
-0.9378573932477873
-0.9378038392423724
-0.8292431837281915
-0.87264522736213
-0.9483273362928654
-0.9482737822874506
-0.8397131267732695
-0.8831151704072081
-1.0843209519302093
-1.0842673979247943
-0.9757067424106134
-1.019108786044552
-1.1191032330049582
-1.1190496789995437
-1.0104890234853625
-1.0538910671193011
-1.0495341629407915
-1.0494806089353765
-0.9409199534211955
-0.9843219970551341
-1.0600041059858694
-1.0599505519804546
-0.9513898964662736
-0.9947919401002122
-1.1959977216232134
-1.1959441676177984
-1.0873835121036173
-1.1307855557375561
-1.2307800026979625
-1.2307264486925475
-1.1221657931783668
-1.165567836812305
-1.1119240620025197
-1.1118705079971045
-1.0033098524829238
-1.0467118961168622
-1.1223940050475976
-1.1223404510421828
-1.0137797955280017
-1.0571818391619405
-1.2583876206849416
-1.2583340666795266
-1.1497734111653457
-1.1931754547992843
-1.2931699017596907
-1.2931163477542758
-1.184555692240095
-1.227957735874033
-0.9681899197318896
-0.9681363657264748
-0.8595757102122938
-0.9029777538462326
-0.9786598627769678
-0.9786063087715529
-0.870045653257372
-0.9134476968913104
-1.1146534784143116
-1.1145999244088967
-1.006039268894716
-1.0494413125286544
-1.149435759489061
-1.149382205483646
-1.0408215499694649
-1.0842235936034035
-0.9342229483154884
-0.9341693943100736
-0.8256087387958926
-0.8690107824298312
-0.9446928913605664
-0.9446393373551517
-0.8360786818409707
-0.8794807254749093
-1.0806865069979104
-1.0806329529924956
-0.9720722974783146
-1.015474341112253
-1.1154687880726597
-1.1154152340672447
-1.0068545785530636
-1.0502566221870022
-1.0458997180084924
-1.0458461640030776
-0.9372855084888967
-0.9806875521228353
-1.0563696610535704
-1.0563161070481557
-0.9477554515339748
-0.9911574951679133
-1.1923632766909147
-1.1923097226854997
-1.0837490671713186
-1.1271511108052574
-1.2271455577656638
-1.2270920037602486
-1.118531348246068
-1.1619333918800063
-1.1082896170702208
-1.1082360630648058
-0.9996754075506248
-1.0430774511845635
-1.1187595601152986
-1.118706006109884
-1.010145350595703
-1.0535473942296416
-1.2547531757526427
-1.2546996217472277
-1.146138966233047
-1.1895410098669854
-1.2895354568273918
-1.2894819028219768
-1.1809212473077961
-1.2243232909417343
-0.9113471677645746
-0.9112936137591598
-0.8027329582449788
-0.8461350018789173
-0.9218171108096527
-0.9217635568042379
-0.8132029012900568
-0.8566049449239955
-1.0578107264469965
-1.0577571724415817
-0.9491965169274008
-0.9925985605613393
-1.0925930075217456
-1.0925394535163309
-0.9839787980021499
-1.0273808416360886
-0.8773801963481735
-0.8773266423427585
-0.7687659868285777
-0.8121680304625162
-0.8878501393932514
-0.8877965853878366
-0.7792359298736556
-0.8226379735075943
-1.0238437550305952
-1.0237902010251807
-0.9152295455109997
-0.9586315891449381
-1.0586260361053446
-1.0585724820999296
-0.9500118265857487
-0.9934138702196873
-0.9890569660411775
-0.9890034120357627
-0.8804427565215817
-0.9238448001555203
-0.9995269090862554
-0.9994733550808407
-0.8909126995666597
-0.9343147432005983
-1.1355205247235995
-1.1354669707181846
-1.0269063152040037
-1.070308358837942
-1.1703028057983487
-1.1702492517929337
-1.0616885962787528
-1.1050906399126914
-1.0514468651029059
-1.051393311097491
-0.9428326555833099
-0.9862346992172485
-1.0619168081479837
-1.061863254142569
-0.9533025986283881
-0.9967046422623265
-1.1979104237853275
-1.1978568697799123
-1.089296214265732
-1.13269825789967
-1.2326927048600766
-1.2326391508546617
-1.1240784953404808
-1.1674805389744194
-1.1008495515404908
-1.1007959975350758
-0.9922353420208948
-1.0356373856548335
-1.1113194945855687
-1.1112659405801537
-1.002705285065973
-1.0461073286999116
-1.247313110222913
-1.2472595562174975
-1.1386989007033168
-1.1821009443372559
-1.2820953912976618
-1.2820418372922469
-1.173481181778066
-1.2168832254120046
-1.0668825801240895
-1.0668290261186746
-0.9582683706044935
-1.001670414238432
-1.0773525231691676
-1.0772989691637527
-0.9687383136495717
-1.0121403572835104
-1.2133461388065114
-1.2132925848010967
-1.1047319292869158
-1.1481339729208542
-1.2481284198812608
-1.2480748658758458
-1.139514210361665
-1.1829162539956035
-1.1785593498170936
-1.1785057958116785
-1.0699451402974978
-1.1133471839314362
-1.189029292862172
-1.1889757388567568
-1.0804150833425759
-1.1238171269765145
-1.3250229084995158
-1.3249693544941008
-1.2164086989799199
-1.2598107426138583
-1.3598051895742647
-1.3597516355688497
-1.251190980054669
-1.2945930236886076
-1.2409492488788216
-1.2408956948734067
-1.1323350393592262
-1.1757370829931646
-1.2514191919239
-1.2513656379184848
-1.142804982404304
-1.1862070260382427
-1.3874128075612437
-1.3873592535558288
-1.2787985980416479
-1.3222006416755865
-1.4221950886359929
-1.4221415346305777
-1.3135808791163972
-1.3569829227503356
-0.904092850097025
-0.9040392960916103
-0.7954786405774291
-0.8388806842113679
-0.9145627931421032
-0.9145092391366881
-0.8059485836225073
-0.8493506272564458
-1.050556408779447
-1.050502854774032
-0.9419421992598511
-0.9853442428937896
-1.0853386898541961
-1.0852851358487812
-0.9767244803346002
-1.0201265239685389
-0.8701258786806237
-0.870072324675209
-0.761511669161028
-0.8049137127949666
-0.8805958217257019
-0.8805422677202871
-0.7719816122061061
-0.8153836558400446
-1.0165894373630457
-1.016535883357631
-0.9079752278434499
-0.9513772714773886
-1.0513717184377949
-1.0513181644323801
-0.9427575089181991
-0.9861595525521376
-0.9818026483736281
-0.9817490943682131
-0.873188438854032
-0.9165904824879706
-0.9922725914187059
-0.9922190374132911
-0.8836583818991101
-0.9270604255330487
-1.1282662070560499
-1.128212653050635
-1.019651997536454
-1.0630540411703926
-1.163048488130799
-1.162994934125384
-1.0544342786112033
-1.0978363222451415
-1.0441925474353562
-1.0441389934299412
-0.9355783379157603
-0.9789803815496988
-1.0546624904804343
-1.0546089364750193
-0.9460482809608383
-0.989450324594777
-1.190656106117778
-1.190602552112363
-1.0820418965981822
-1.1254439402321208
-1.2254383871925272
-1.2253848331871124
-1.1168241776729315
-1.1602262213068697
-0.9004584051647261
-0.9004048511593113
-0.7918441956451303
-0.835246239279069
-0.9109283482098043
-0.9108747942043893
-0.8023141386902085
-0.8457161823241469
-1.046921963847148
-1.0468684098417333
-0.9383077543275523
-0.9817097979614909
-1.0817042449218974
-1.0816506909164825
-0.9730900354023013
-1.01649207903624
-0.8664914337483248
-0.8664378797429102
-0.757877224228729
-0.8012792678626678
-0.876961376793403
-0.8769078227879882
-0.7683471672738073
-0.8117492109077458
-1.0129549924307468
-1.012901438425332
-0.904340782911151
-0.9477428265450897
-1.0477372735054962
-1.0476837195000812
-0.9391230639859002
-0.9825251076198388
-0.9781682034413289
-0.9781146494359142
-0.8695539939217333
-0.9129560375556718
-0.988638146486407
-0.9885845924809923
-0.8800239369668112
-0.9234259806007498
-1.1246317621237512
-1.1245782081183362
-1.0160175526041553
-1.059419596238094
-1.1594140431985003
-1.159360489193085
-1.0507998336789044
-1.094201877312843
-1.0405581025030572
-1.0405045484976425
-0.9319438929834614
-0.9753459366174
-1.0510280455481353
-1.0509744915427204
-0.9424138360285395
-0.9858158796624781
-1.1870216611854791
-1.1869681071800642
-1.0784074516658835
-1.1218094952998219
-1.2218039422602283
-1.2217503882548135
-1.1131897327406326
-1.156591776374571
-1.0044053868249534
-1.0043518328195387
-0.8957911773053577
-0.9391932209392964
-1.0148753298700315
-1.0148217758646167
-0.9062611203504359
-0.9496631639843743
-1.1508689455073755
-1.1508153915019605
-1.0422547359877796
-1.0856567796217182
-1.1856512265821244
-1.1855976725767097
-1.0770370170625287
-1.1204390606964671
-0.9704384154085524
-0.9703848614031375
-0.8618242058889565
-0.9052262495228952
-0.9809083584536303
-0.9808548044482156
-0.8722941489340347
-0.9156961925679732
-1.1169019740909742
-1.1168484200855593
-1.0082877645713786
-1.051689808205317
-1.1516842551657234
-1.1516307011603084
-1.0430700456461277
-1.0864720892800661
-1.0821151851015565
-1.0820616310961415
-0.9735009755819607
-1.0169030192158992
-1.0925851281466346
-1.0925315741412196
-0.9839709186270387
-1.0273729622609773
-1.2285787437839784
-1.2285251897785634
-1.1199645342643827
-1.1633665778983209
-1.2633610248587275
-1.2633074708533125
-1.1547468153391318
-1.1981488589730702
-1.1445050841632847
-1.1444515301578697
-1.0358908746436888
-1.0792929182776274
-1.1549750272083628
-1.1549214732029478
-1.0463608176887669
-1.0897628613227053
-1.2909686428457063
-1.2909150888402914
-1.1823544333261107
-1.225756476960049
-1.3257509239204555
-1.3256973699150405
-1.2171367144008598
-1.2605387580347982
-1.1939077706008696
-1.1938542165954547
-1.0852935610812735
-1.1286956047152124
-1.2043777136459477
-1.2043241596405327
-1.095763504126352
-1.1391655477602904
-1.3403713292832917
-1.3403177752778768
-1.2317571197636958
-1.2751591633976345
-1.3751536103580408
-1.3751000563526259
-1.2665394008384452
-1.3099414444723836
-1.1599407991844684
-1.1598872451790536
-1.0513265896648725
-1.094728633298811
-1.1704107422295467
-1.1703571882241315
-1.0617965327099508
-1.1051985763438894
-1.3064043578668907
-1.3063508038614757
-1.1977901483472948
-1.2411921919812334
-1.3411866389416396
-1.3411330849362249
-1.2325724294220441
-1.2759744730559823
-1.271617568877473
-1.2715640148720577
-1.1630033593578768
-1.2064054029918154
-1.2820875119225508
-1.2820339579171358
-1.1734733024029549
-1.2168753460368935
-1.4180811275598948
-1.4180275735544796
-1.309466918040299
-1.3528689616742373
-1.452863408634644
-1.452809854629229
-1.344249199115048
-1.3876512427489867
-1.3340074679392009
-1.3339539139337857
-1.225393258419605
-1.2687953020535434
-1.3444774109842788
-1.3444238569788638
-1.235863201464683
-1.2792652450986215
-1.4804710266216228
-1.4804174726162078
-1.3718568171020271
-1.4152588607359653
-1.5152533076963721
-1.5151997536909567
-1.406639098176776
-1.4500411418107144
-0.9971510691574039
-0.9970975151519891
-0.8885368596378083
-0.9319389032717468
-1.007621012202482
-1.0075674581970673
-0.8990068026828861
-0.9424088463168249
-1.143614627839826
-1.143561073834411
-1.03500041832023
-1.0784024619541686
-1.1783969089145752
-1.1783433549091602
-1.069782699394979
-1.1131847430289177
-0.9631840977410027
-0.9631305437355879
-0.854569888221407
-0.8979719318553455
-0.9736540407860808
-0.973600486780666
-0.865039831266485
-0.9084418749004236
-1.1096476564234246
-1.1095941024180098
-1.001033446903829
-1.0444354905377675
-1.1444299374981737
-1.144376383492759
-1.035815727978578
-1.0792177716125164
-1.074860867434007
-1.074807313428592
-0.966246657914411
-1.0096487015483495
-1.0853308104790849
-1.08527725647367
-0.9767166009594892
-1.0201186445934276
-1.2213244261164289
-1.2212708721110137
-1.112710216596833
-1.1561122602307714
-1.2561067071911782
-1.2560531531857633
-1.1474924976715821
-1.1908945413055205
-1.1372507664957352
-1.1371972124903202
-1.0286365569761393
-1.0720386006100777
-1.147720709540813
-1.147667155535398
-1.0391065000212174
-1.0825085436551558
-1.283714325178157
-1.2836607711727417
-1.1751001156585612
-1.2185021592924994
-1.3184966062529064
-1.318443052247491
-1.20988239673331
-1.2532844403672487
-0.9935166242251052
-0.9934630702196903
-0.8849024147055095
-0.9283044583394479
-1.003986567270183
-1.0039330132647684
-0.8953723577505873
-0.9387744013845261
-1.1399801829075271
-1.1399266289021122
-1.0313659733879312
-1.0747680170218699
-1.1747624639822762
-1.1747089099768613
-1.0661482544626804
-1.109550298096619
-0.959549652808704
-0.9594960988032891
-0.8509354432891082
-0.8943374869230466
-0.9700195958537818
-0.9699660418483672
-0.8614053863341862
-0.9048074299681248
-1.1060132114911256
-1.1059596574857111
-0.9973990019715301
-1.0408010456054686
-1.140795492565875
-1.1407419385604602
-1.032181283046279
-1.0755833266802177
-1.071226422501708
-1.0711728684962931
-0.9626122129821122
-1.0060142566160508
-1.0816963655467862
-1.0816428115413712
-0.9730821560271904
-1.016484199661129
-1.21768998118413
-1.217636427178715
-1.1090757716645343
-1.1524778152984727
-1.2524722622588793
-1.2524187082534644
-1.1438580527392832
-1.187260096373222
-1.1336163215634363
-1.1335627675580213
-1.0250021120438404
-1.0684041556777788
-1.1440862646085144
-1.1440327106030994
-1.0354720550889185
-1.078874098722857
-1.2800798802458582
-1.280026326240443
-1.1714656707262625
-1.2148677143602007
-1.3148621613206073
-1.3148086073151921
-1.2062479518010114
-1.2496499954349498
