-0.7241812529741279
-0.9066411013030389
-0.7980359345788105
-0.8092072169980955
-0.4819302783560186
-0.6643901266849296
-0.5557849599607011
-0.5669562423799861
-0.6091298792146886
-0.7915897275435997
-0.6829845608193712
-0.6941558432386563
-0.6963721163511729
-0.878831964680084
-0.7702267979558555
-0.7813980803751405
-0.8043862557455752
-0.9868461040744863
-0.8782409373502579
-0.8894122197695428
-0.5621352811274659
-0.7445951294563768
-0.6359899627321484
-0.6471612451514335
-0.689334881986136
-0.871794730315047
-0.7631895635908186
-0.7743608460101036
-0.7765771191226203
-0.9590369674515312
-0.8504318007273027
-0.8616030831465878
-0.803378193298002
-0.985838041626913
-0.8772328749026845
-0.8884041573219695
-0.5611272186798928
-0.7435870670088036
-0.6349819002845754
-0.6461531827038602
-0.6883268195385629
-0.8707866678674738
-0.7621815011432453
-0.7733527835625305
-0.7755690566750469
-0.958028905003958
-0.8494237382797296
-0.8605950206990146
-0.8248427227453248
-1.0073025710742358
-0.8986974043500073
-0.9098686867692923
-0.5825917481272154
-0.7650515964561264
-0.6564464297318982
-0.6676177121511832
-0.7097913489858857
-0.8922511973147967
-0.7836460305905683
-0.7948173130098533
-0.79703358612237
-0.9794934344512808
-0.8708882677270525
-0.8820595501463373
-0.7592102291114954
-0.9416700774404064
-0.8330649107161779
-0.8442361931354629
-0.5169592544933861
-0.699419102822297
-0.5908139360980686
-0.6019852185173536
-0.644158855352056
-0.8266187036809671
-0.7180135369567386
-0.7291848193760238
-0.7314010924885403
-0.9138609408174514
-0.8052557740932229
-0.8164270565125079
-0.8394152318829426
-1.0218750802118537
-0.9132699134876251
-0.9244411959069102
-0.5971642572648332
-0.7796241055937443
-0.6710189388695159
-0.6821902212888008
-0.7243638581235035
-0.9068237064524144
-0.798218539728186
-0.809389822147471
-0.8116060952599875
-0.9940659435888987
-0.8854607768646702
-0.8966320592839552
-0.8384071694353694
-1.0208670177642805
-0.9122618510400521
-0.923433133459337
-0.5961561948172601
-0.7786160431461712
-0.6700108764219427
-0.6811821588412277
-0.7233557956759303
-0.9058156440048412
-0.7972104772806128
-0.8083817596998977
-0.8105980328124145
-0.9930578811413254
-0.884452714417097
-0.895623996836382
-0.8598716988826923
-1.0423315472116035
-0.9337263804873749
-0.9448976629066599
-0.6176207242645831
-0.800080572593494
-0.6914754058692657
-0.7026466882885505
-0.7448203251232532
-0.9272801734521641
-0.8186750067279358
-0.8298462891472208
-0.8320625622597373
-1.0145224105886483
-0.9059172438644199
-0.9170885262837049
-0.8666749058330678
-1.0491347541619789
-0.9405295874377504
-0.9517008698570354
-0.6244239312149584
-0.8068837795438696
-0.698278612819641
-0.7094498952389261
-0.7516235320736286
-0.9340833804025397
-0.8254782136783113
-0.8366494960975963
-0.8388657692101129
-1.021325617539024
-0.9127204508147955
-0.9238917332340805
-0.9468799086045152
-1.1293397569334263
-1.0207345902091978
-1.0319058726284829
-0.7046289339864059
-0.8870887823153168
-0.7784836155910885
-0.7896548980103735
-0.831828534845076
-1.014288383173987
-0.9056832164497586
-0.9168544988690436
-0.9190707719815602
-1.1015306203104713
-0.9929254535862428
-1.0040967360055277
-0.945871846156942
-1.128331694485853
-1.0197265277616245
-1.0308978101809096
-0.7036208715388327
-0.8860807198677436
-0.7774755531435152
-0.7886468355628001
-0.8308204723975028
-1.0132803207264138
-0.9046751540021853
-0.9158464364214703
-0.9180627095339869
-1.100522557862898
-0.9919173911386695
-1.0030886735579545
-0.967336375604265
-1.1497962239331758
-1.0411910572089476
-1.0523623396282324
-0.7250854009861555
-0.9075452493150666
-0.798940082590838
-0.810111365010123
-0.8522850018448256
-1.0347448501737366
-0.9261396834495081
-0.9373109658687931
-0.9395272389813099
-1.1219870873102211
-1.0133819205859924
-1.0245532030052775
-0.6598010512825481
-0.8422608996114591
-0.7336557328872305
-0.7448270153065153
-0.41755007666443866
-0.6000099249933497
-0.4914047582691211
-0.5025760406884061
-0.5447496775231088
-0.7272095258520196
-0.6186043591277913
-0.6297756415470763
-0.6319919146595929
-0.8144517629885041
-0.7058465962642755
-0.7170178786835606
-0.7400060540539952
-0.9224659023829063
-0.8138607356586778
-0.8250320180779628
-0.497755079435886
-0.6802149277647969
-0.5716097610405685
-0.5827810434598535
-0.6249546802945559
-0.807414528623467
-0.6988093618992387
-0.7099806443185235
-0.7121969174310402
-0.8946567657599512
-0.7860515990357227
-0.7972228814550077
-0.7389979916064221
-0.9214578399353331
-0.8128526732111045
-0.8240239556303897
-0.49674701698831286
-0.6792068653172239
-0.5706016985929953
-0.5817729810122805
-0.6239466178469827
-0.8064064661758937
-0.6978012994516652
-0.7089725818709502
-0.711188854983467
-0.8936487033123781
-0.7850435365881497
-0.7962148190074345
-0.760462521053745
-0.9429223693826558
-0.8343172026584276
-0.8454884850777126
-0.5182115464356356
-0.7006713947645467
-0.5920662280403179
-0.6032375104596032
-0.6454111472943059
-0.8278709956232168
-0.7192658288989884
-0.7304371113182735
-0.73265338443079
-0.915113232759701
-0.8065080660354724
-0.8176793484547575
-0.8383452714183253
-1.0208051197472363
-0.9121999530230078
-0.9233712354422928
-0.596094296800216
-0.778554145129127
-0.6699489784048985
-0.6811202608241835
-0.7232938976588861
-0.9057537459877971
-0.7971485792635685
-0.8083198616828536
-0.8105361347953703
-0.9929959831242813
-0.8843908164000529
-0.8955620988193378
-0.9185502741897726
-1.1010101225186837
-0.9924049557944552
-1.00357623821374
-0.6762992995716632
-0.8587591479005743
-0.7501539811763458
-0.7613252635956308
-0.8034989004303333
-0.9859587487592443
-0.8773535820350159
-0.8885248644543009
-0.8907411375668176
-1.0732009858957285
-0.9645958191715003
-0.9757671015907852
-0.9175422117421994
-1.1000020600711105
-0.991396893346882
-1.002568175766167
-0.67529123712409
-0.857751085453001
-0.7491459187287726
-0.7603172011480576
-0.8024908379827602
-0.9849506863116712
-0.8763455195874428
-0.8875168020067278
-0.8897330751192444
-1.0721929234481555
-0.9635877567239269
-0.9747590391432119
-0.9390067411895222
-1.1214665895184333
-1.0128614227942048
-1.0240327052134899
-0.6967557665714128
-0.8792156149003238
-0.7706104481760956
-0.7817817305953804
-0.8239553674300829
-1.0064152157589938
-0.8978100490347657
-0.9089813314540507
-0.9111976045665672
-1.0936574528954783
-0.98505228617125
-0.9962235685905347
-0.8733742475556928
-1.0558340958846038
-0.9472289291603754
-0.9584002115796604
-0.6311232729375834
-0.8135831212664945
-0.7049779545422661
-0.7161492369615511
-0.7583228737962535
-0.9407827221251646
-0.832177555400936
-0.8433488378202211
-0.8455651109327378
-1.0280249592616488
-0.9194197925374203
-0.9305910749567053
-0.9535792503271401
-1.1360390986560511
-1.0274339319318226
-1.0386052143511075
-0.7113282757090308
-0.8937881240379417
-0.7851829573137132
-0.7963542397329983
-0.8385278765677008
-1.0209877248966117
-0.9123825581723833
-0.9235538405916683
-0.9257701137041849
-1.108229962033096
-0.9996247953088676
-1.0107960777281526
-0.9525711878795668
-1.135031036208478
-1.0264258694842494
-1.0375971519035345
-0.7103202132614576
-0.8927800615903685
-0.7841748948661401
-0.7953461772854251
-0.8375198141201277
-1.0199796624490385
-0.9113744957248101
-0.9225457781440951
-0.9247620512566118
-1.1072218995855228
-0.9986167328612944
-1.0097880152805794
-0.9740357173268898
-1.156495565655801
-1.0478903989315724
-1.0590616813508573
-0.7317847427087804
-0.9142445910376914
-0.8056394243134631
-0.8168107067327479
-0.8589843435674505
-1.0414441918963615
-0.932839025172133
-0.944010307591418
-0.9462265807039347
-1.1286864290328458
-1.0200812623086175
-1.0312525447279024
-0.9808389242772653
-1.1632987726061763
-1.054693605881948
-1.065864888301233
-0.738587949659156
-0.9210477979880671
-0.8124426312638385
-0.8236139136831235
-0.8657875505178261
-1.0482473988467371
-0.9396422321225086
-0.9508135145417936
-0.9530297876543103
-1.1354896359832214
-1.0268844692589931
-1.038055751678278
-1.0610439270487126
-1.243503775377624
-1.134898608653395
-1.14606989107268
-0.8187929524306033
-1.0012528007595143
-0.8926476340352859
-0.9038189164545708
-0.9459925532892736
-1.1284524016181843
-1.019847234893956
-1.031018517313241
-1.0332347904257577
-1.215694638754669
-1.1070894720304403
-1.1182607544497254
-1.0600358646011394
-1.2424957129300507
-1.133890546205822
-1.145061828625107
-0.81778488998303
-1.000244738311941
-0.8916395715877127
-0.9028108540069976
-0.9449844908417002
-1.127444339170611
-1.0188391724463828
-1.030010454865668
-1.0322267279781845
-1.2146865763070955
-1.106081409582867
-1.117252692002152
-1.0815003940484624
-1.2639602423773733
-1.155355075653145
-1.1665263580724299
-0.839249419430353
-1.021709267759264
-0.9131041010350355
-0.9242753834543206
-0.966449020289023
-1.1489088686179343
-1.0403037018937056
-1.0514749843129907
-1.0536912574255073
-1.2361511057544186
-1.1275459390301898
-1.138717221449475
-0.7739650697267453
-0.9564249180556563
-0.8478197513314281
-0.8589910337507131
-0.5317140951086361
-0.714173943437547
-0.6055687767133185
-0.6167400591326037
-0.6589136959673061
-0.8413735442962171
-0.7327683775719886
-0.7439396599912735
-0.7461559331037905
-0.9286157814327013
-0.8200106147084729
-0.831181897127758
-0.8541700724981927
-1.0366299208271037
-0.9280247541028752
-0.9391960365221602
-0.6119190978800834
-0.7943789462089942
-0.6857737794847659
-0.6969450619040508
-0.7391186987387534
-0.9215785470676644
-0.8129733803434359
-0.8241446627627209
-0.8263609358752376
-1.0088207842041488
-0.9002156174799202
-0.9113868998992052
-0.8531620100506195
-1.0356218583795305
-0.9270166916553021
-0.9381879740745871
-0.6109110354325102
-0.7933708837614212
-0.6847657170371927
-0.6959369994564777
-0.7381106362911801
-0.9205704846200912
-0.8119653178958627
-0.8231366003151477
-0.8253528734276645
-1.0078127217565755
-0.899207555032347
-0.9103788374516321
-0.8746265394979424
-1.0570863878268533
-0.948481221102625
-0.95965250352191
-0.632375564879833
-0.8148354132087441
-0.7062302464845156
-0.7174015289038006
-0.7595751657385034
-0.9420350140674142
-0.8334298473431856
-0.8446011297624707
-0.8468174028749874
-1.0292772512038986
-0.92067208447967
-0.931843366898955
-0.8383452714183253
-1.0208051197472363
-0.9121999530230078
-0.9233712354422928
-0.596094296800216
-0.778554145129127
-0.6699489784048985
-0.6811202608241835
-0.7232938976588861
-0.9057537459877971
-0.7971485792635685
-0.8083198616828536
-0.8105361347953703
-0.9929959831242813
-0.8843908164000529
-0.8955620988193378
-0.9185502741897726
-1.1010101225186837
-0.9924049557944552
-1.00357623821374
-0.6762992995716632
-0.8587591479005743
-0.7501539811763458
-0.7613252635956308
-0.8034989004303333
-0.9859587487592443
-0.8773535820350159
-0.8885248644543009
-0.8907411375668176
-1.0732009858957285
-0.9645958191715003
-0.9757671015907852
-0.9175422117421994
-1.1000020600711105
-0.991396893346882
-1.002568175766167
-0.67529123712409
-0.857751085453001
-0.7491459187287726
-0.7603172011480576
-0.8024908379827602
-0.9849506863116712
-0.8763455195874428
-0.8875168020067278
-0.8897330751192444
-1.0721929234481555
-0.9635877567239269
-0.9747590391432119
-0.9390067411895222
-1.1214665895184333
-1.0128614227942048
-1.0240327052134899
-0.6967557665714128
-0.8792156149003238
-0.7706104481760956
-0.7817817305953804
-0.8239553674300829
-1.0064152157589938
-0.8978100490347657
-0.9089813314540507
-0.9111976045665672
-1.0936574528954783
-0.98505228617125
-0.9962235685905347
-0.8733742475556928
-1.0558340958846038
-0.9472289291603754
-0.9584002115796604
-0.6311232729375834
-0.8135831212664945
-0.7049779545422661
-0.7161492369615511
-0.7583228737962535
-0.9407827221251646
-0.832177555400936
-0.8433488378202211
-0.8455651109327378
-1.0280249592616488
-0.9194197925374203
-0.9305910749567053
-0.9535792503271401
-1.1360390986560511
-1.0274339319318226
-1.0386052143511075
-0.7113282757090308
-0.8937881240379417
-0.7851829573137132
-0.7963542397329983
-0.8385278765677008
-1.0209877248966117
-0.9123825581723833
-0.9235538405916683
-0.9257701137041849
-1.108229962033096
-0.9996247953088676
-1.0107960777281526
-0.9525711878795668
-1.135031036208478
-1.0264258694842494
-1.0375971519035345
-0.7103202132614576
-0.8927800615903685
-0.7841748948661401
-0.7953461772854251
-0.8375198141201277
-1.0199796624490385
-0.9113744957248101
-0.9225457781440951
-0.9247620512566118
-1.1072218995855228
-0.9986167328612944
-1.0097880152805794
-0.9740357173268898
-1.156495565655801
-1.0478903989315724
-1.0590616813508573
-0.7317847427087804
-0.9142445910376914
-0.8056394243134631
-0.8168107067327479
-0.8589843435674505
-1.0414441918963615
-0.932839025172133
-0.944010307591418
-0.9462265807039347
-1.1286864290328458
-1.0200812623086175
-1.0312525447279024
-0.9808389242772653
-1.1632987726061763
-1.054693605881948
-1.065864888301233
-0.738587949659156
-0.9210477979880671
-0.8124426312638385
-0.8236139136831235
-0.8657875505178261
-1.0482473988467371
-0.9396422321225086
-0.9508135145417936
-0.9530297876543103
-1.1354896359832214
-1.0268844692589931
-1.038055751678278
-1.0610439270487126
-1.243503775377624
-1.134898608653395
-1.14606989107268
-0.8187929524306033
-1.0012528007595143
-0.8926476340352859
-0.9038189164545708
-0.9459925532892736
-1.1284524016181843
-1.019847234893956
-1.031018517313241
-1.0332347904257577
-1.215694638754669
-1.1070894720304403
-1.1182607544497254
-1.0600358646011394
-1.2424957129300507
-1.133890546205822
-1.145061828625107
-0.81778488998303
-1.000244738311941
-0.8916395715877127
-0.9028108540069976
-0.9449844908417002
-1.127444339170611
-1.0188391724463828
-1.030010454865668
-1.0322267279781845
-1.2146865763070955
-1.106081409582867
-1.117252692002152
-1.0815003940484624
-1.2639602423773733
-1.155355075653145
-1.1665263580724299
-0.839249419430353
-1.021709267759264
-0.9131041010350355
-0.9242753834543206
-0.966449020289023
-1.1489088686179343
-1.0403037018937056
-1.0514749843129907
-1.0536912574255073
-1.2361511057544186
-1.1275459390301898
-1.138717221449475
-0.7739650697267453
-0.9564249180556563
-0.8478197513314281
-0.8589910337507131
-0.5317140951086361
-0.714173943437547
-0.6055687767133185
-0.6167400591326037
-0.6589136959673061
-0.8413735442962171
-0.7327683775719886
-0.7439396599912735
-0.7461559331037905
-0.9286157814327013
-0.8200106147084729
-0.831181897127758
-0.8541700724981927
-1.0366299208271037
-0.9280247541028752
-0.9391960365221602
-0.6119190978800834
-0.7943789462089942
-0.6857737794847659
-0.6969450619040508
-0.7391186987387534
-0.9215785470676644
-0.8129733803434359
-0.8241446627627209
-0.8263609358752376
-1.0088207842041488
-0.9002156174799202
-0.9113868998992052
-0.8531620100506195
-1.0356218583795305
-0.9270166916553021
-0.9381879740745871
-0.6109110354325102
-0.7933708837614212
-0.6847657170371927
-0.6959369994564777
-0.7381106362911801
-0.9205704846200912
-0.8119653178958627
-0.8231366003151477
-0.8253528734276645
-1.0078127217565755
-0.899207555032347
-0.9103788374516321
-0.8746265394979424
-1.0570863878268533
-0.948481221102625
-0.95965250352191
-0.632375564879833
-0.8148354132087441
-0.7062302464845156
-0.7174015289038006
-0.7595751657385034
-0.9420350140674142
-0.8334298473431856
-0.8446011297624707
-0.8468174028749874
-1.0292772512038986
-0.92067208447967
-0.931843366898955
-0.8565916531652779
-1.0390515014941888
-0.9304463347699602
-0.9416176171892454
-0.6143406785471683
-0.7968005268760795
-0.688195360151851
-0.699366642571136
-0.7415402794058384
-0.9240001277347495
-0.8153949610105211
-0.826566243429806
-0.8287825165423228
-1.0112423648712339
-0.9026371981470053
-0.9138084805662904
-0.936796655936725
-1.119256504265636
-1.0106513375414077
-1.0218226199606926
-0.6945456813186157
-0.8770055296475266
-0.7684003629232983
-0.7795716453425833
-0.8217452821772859
-1.004205130506197
-0.8955999637819685
-0.9067712462012535
-0.9089875193137701
-1.091447367642681
-0.9828422009184526
-0.9940134833377375
-0.9357885934891519
-1.1182484418180627
-1.0096432750938344
-1.0208145575131193
-0.6935376188710426
-0.8759974671999535
-0.767392300475725
-0.7785635828950099
-0.8207372197297127
-1.0031970680586237
-0.8945919013343953
-0.9057631837536803
-0.9079794568661967
-1.0904393051951078
-0.9818341384708793
-0.9930054208901644
-0.9572531229364747
-1.1397129712653855
-1.0311078045411572
-1.0422790869604421
-0.7150021483183653
-0.8974619966472763
-0.7888568299230481
-0.8000281123423331
-0.8422017491770355
-1.0246615975059465
-0.9160564307817181
-0.9272277132010032
-0.9294439863135199
-1.1119038346424306
-1.003298667918202
-1.0144699503374872
-0.8916206293026451
-1.0740804776315562
-0.9654753109073277
-0.9766465933266126
-0.6493696546845358
-0.8318295030134469
-0.7232243362892183
-0.7343956187085033
-0.7765692555432059
-0.9590291038721169
-0.8504239371478884
-0.8615952195671734
-0.8638114926796902
-1.0462713410086013
-0.9376661742843727
-0.9488374567036577
-0.9718256320740924
-1.1542854804030036
-1.045680313678775
-1.05685159609806
-0.7295746574559832
-0.9120345057848941
-0.8034293390606657
-0.8146006214799507
-0.8567742583146534
-1.0392341066435642
-0.9306289399193359
-0.9418002223386209
-0.9440164954511374
-1.1264763437800485
-1.01787117705582
-1.029042459475105
-0.9708175696265193
-1.1532774179554304
-1.0446722512312019
-1.0558435336504868
-0.7285665950084099
-0.911026443337321
-0.8024212766130925
-0.8135925590323774
-0.8557661958670801
-1.038226044195991
-0.9296208774717627
-0.9407921598910476
-0.9430084330035642
-1.1254682813324752
-1.0168631146082467
-1.0280343970275319
-0.9922820990738422
-1.1747419474027532
-1.0661367806785247
-1.0773080630978098
-0.7500311244557328
-0.9324909727846439
-0.8238858060604153
-0.8350570884797004
-0.877230725314403
-1.059690573643314
-0.9510854069190856
-0.9622566893383706
-0.9644729624508872
-1.146932810779798
-1.0383276440555698
-1.0494989264748547
-0.9990853060242176
-1.1815451543531288
-1.0729399876289003
-1.0841112700481852
-0.7568343314061085
-0.9392941797350195
-0.830689013010791
-0.841860295430076
-0.8840339322647786
-1.0664937805936896
-0.957888613869461
-0.9690598962887461
-0.9712761694012628
-1.1537360177301736
-1.0451308510059454
-1.0563021334252303
-1.0792903087956651
-1.2617501571245764
-1.1531449904003475
-1.1643162728196328
-0.8370393341775558
-1.0194991825064668
-0.9108940157822383
-0.9220652982015234
-0.9642389350362258
-1.1466987833651368
-1.0380936166409085
-1.0492648990601934
-1.05148117217271
-1.2339410205016212
-1.1253358537773928
-1.1365071361966776
-1.0782822463480919
-1.2607420946770032
-1.1521369279527742
-1.1633082103720591
-0.8360312717299825
-1.0184911200588935
-0.9098859533346652
-0.92105723575395
-0.9632308725886527
-1.1456907209175635
-1.0370855541933353
-1.0482568366126201
-1.0504731097251367
-1.232932958054048
-1.1243277913298193
-1.1354990737491044
-1.0997467757954147
-1.2822066241243255
-1.173601457400097
-1.1847727398193824
-0.8574958011773054
-1.0399556495062166
-0.931350482781988
-0.942521765201273
-0.9846954020359755
-1.1671552503648868
-1.058550083640658
-1.069721366059943
-1.0719376391724598
-1.2543974875013708
-1.1457923207771423
-1.1569636031964274
-0.7922114514736976
-0.9746712998026087
-0.8660661330783804
-0.8772374154976652
-0.5499604768555885
-0.7324203251844995
-0.623815158460271
-0.634986440879556
-0.6771600777142586
-0.8596199260431696
-0.7510147593189411
-0.7621860417382261
-0.7644023148507428
-0.9468621631796539
-0.8382569964554254
-0.8494282788747104
-0.8724164542451451
-1.0548763025740562
-0.9462711358498277
-0.9574424182691127
-0.6301654796270358
-0.8126253279559468
-0.7040201612317184
-0.7151914436510034
-0.7573650804857057
-0.9398249288146169
-0.8312197620903885
-0.8423910445096733
-0.8446073176221901
-1.027067165951101
-0.9184619992268727
-0.9296332816461577
-0.8714083917975719
-1.053868240126483
-0.9452630734022545
-0.9564343558215392
-0.6291574171794626
-0.8116172655083735
-0.7030120987841452
-0.7141833812034302
-0.7563570180381326
-0.9388168663670436
-0.8302116996428152
-0.8413829820621002
-0.8435992551746169
-1.026059103503528
-0.9174539367792994
-0.9286252191985844
-0.8928729212448949
-1.0753327695738057
-0.9667276028495774
-0.9778988852688625
-0.6506219466267854
-0.8330817949556966
-0.724476628231468
-0.735647910650753
-0.7778215474854557
-0.9602813958143666
-0.8516762290901383
-0.8628475115094233
-0.8650637846219398
-1.0475236329508508
-0.9389184662266223
-0.9500897486459073
