-0.989618808036248
-1.2458533792277104
-1.201988051785318
-1.121909927209334
-0.7403238386665207
-0.9965584098579837
-0.952693082415591
-0.8726149578396072
-0.9715445209150495
-1.2277790921065121
-1.1839137646641196
-1.103835640088136
-0.8891993705587589
-1.1454339417502215
-1.101568614307829
-1.021490489731845
-1.2854992678582053
-1.541733839049668
-1.4978685116072752
-1.4177903870312913
-1.0362042984884783
-1.292438869679941
-1.2485735422375486
-1.1684954176615647
-1.2674249807370073
-1.5236595519284697
-1.479794224486077
-1.3997160999100933
-1.1850798303807162
-1.4413144015721788
-1.397449074129786
-1.3173709495538022
-1.0964889250174188
-1.3527234962088812
-1.3088581687664886
-1.228780044190505
-0.8471939556476917
-1.1034285268391544
-1.0595631993967618
-0.979485074820778
-1.0784146378962207
-1.3346492090876831
-1.2907838816452903
-1.2107057570693067
-0.9960694875399297
-1.2523040587313925
-1.2084387312889997
-1.1283606067130156
-1.021462152822565
-1.2776967240140276
-1.2338313965716348
-1.153753271995651
-0.7721671834528377
-1.0284017546443005
-0.9845364272019079
-0.9044583026259241
-1.0033878657013668
-1.2596224368928293
-1.2157571094504367
-1.1356789848744528
-0.9210427153450758
-1.1772772865365384
-1.1334119590941458
-1.053333834518162
-0.8979947473342487
-1.1542293185257113
-1.1103639910833187
-1.030285866507335
-0.6486997779645217
-0.9049343491559845
-0.8610690217135919
-0.780990897137608
-0.8799204602130506
-1.1361550314045132
-1.0922897039621207
-1.0122115793861368
-0.7975753098567595
-1.0538098810482224
-1.0099445536058296
-0.9298664290298458
-1.1938752071562062
-1.4501097783476686
-1.4062444509052758
-1.3261663263292922
-0.9445802377864789
-1.2008148089779418
-1.1569494815355492
-1.0768713569595652
-1.175800920035008
-1.4320354912264706
-1.3881701637840778
-1.308092039208094
-1.0934557696787168
-1.3496903408701797
-1.305825013427787
-1.225746888851803
-1.0048648643154197
-1.261099435506882
-1.2172341080644893
-1.1371559834885057
-0.7555698949456926
-1.0118044661371552
-0.9679391386947626
-0.8878610141187787
-0.9867905771942215
-1.243025148385684
-1.1991598209432912
-1.1190816963673074
-0.9044454268379304
-1.1606799980293931
-1.1168146705870003
-1.0367365460110165
-0.9298380921205656
-1.1860726633120282
-1.1422073358696356
-1.062129211293652
-0.6805431227508387
-0.9367776939423015
-0.8929123664999088
-0.812834241923925
-0.9117638049993675
-1.1679983761908301
-1.1241330487484376
-1.0440549241724537
-0.8294186546430766
-1.0856532258345393
-1.0417878983921467
-0.9617097738161627
-0.9610681692980803
-1.217302740489543
-1.1734374130471503
-1.0933592884711665
-0.7117731999283534
-0.968007771119816
-0.9241424436774235
-0.8440643191014396
-0.9429938821768822
-1.1992284533683448
-1.1553631259259523
-1.0752850013499684
-0.8606487318205913
-1.116883303012054
-1.0730179755696614
-0.9929398509936775
-1.2569486291200378
-1.5131832003115002
-1.4693178728691076
-1.389239748293124
-1.007653659750311
-1.2638882309417734
-1.220022903499381
-1.139944778923397
-1.2388743419988397
-1.4951089131903021
-1.4512435857479096
-1.3711654611719257
-1.1565291916425489
-1.4127637628340115
-1.3688984353916185
-1.2888203108156349
-1.0679382862792512
-1.3241728574707137
-1.2803075300283213
-1.2002294054523373
-0.8186433169095242
-1.0748778881009868
-1.0310125606585943
-0.9509344360826104
-1.0498639991580532
-1.3060985703495156
-1.262233242907123
-1.1821551183311392
-0.967518848801762
-1.2237534199932247
-1.179888092550832
-1.0998099679748483
-0.9929115140843974
-1.2491460852758598
-1.2052807578334672
-1.1252026332574834
-0.7436165447146704
-0.9998511159061331
-0.9559857884637404
-0.8759076638877565
-0.9748372269631991
-1.2310717981546617
-1.187206470712269
-1.1071283461362853
-0.8924920766069082
-1.148726647798371
-1.1048613203559783
-1.0247831957799944
-0.9410437904536647
-1.1972783616451275
-1.1534130342027347
-1.073334909626751
-0.6917488210839379
-0.9479833922754006
-0.9041180648330079
-0.8240399402570241
-0.9229695033324666
-1.1792040745239294
-1.1353387470815366
-1.0552606225055527
-0.8406243529761758
-1.0968589241676385
-1.0529935967252457
-0.9729154721492621
-1.2369242502756221
-1.4931588214670848
-1.449293494024692
-1.3692153694487084
-0.9876292809058954
-1.2438638520973582
-1.1999985246549654
-1.1199204000789815
-1.2188499631544243
-1.4750845343458867
-1.431219206903494
-1.35114108232751
-1.1365048127981332
-1.3927393839895956
-1.3488740565472033
-1.2687959319712192
-1.0479139074348356
-1.3041484786262982
-1.2602831511839054
-1.1802050266079218
-0.7986189380651086
-1.0548535092565714
-1.0109881818141786
-0.9309100572381949
-1.0298396203136375
-1.2860741915051002
-1.2422088640627074
-1.1621307394867237
-0.9474944699573464
-1.2037290411488093
-1.1598637137064165
-1.0797855891304329
-0.9728871352399818
-1.2291217064314446
-1.1852563789890518
-1.105178254413068
-0.7235921658702549
-0.9798267370617175
-0.9359614096193248
-0.855883285043341
-0.9548128481187835
-1.2110474193102465
-1.1671820918678535
-1.0871039672918699
-0.8724676977624927
-1.1287022689539556
-1.0848369415115626
-1.004758816935579
-0.8888934630939345
-1.145128034285397
-1.1012627068430043
-1.0211845822670207
-0.6395984937242076
-0.8958330649156702
-0.8519677374732777
-0.7718896128972939
-0.8708191759727362
-1.1270537471641988
-1.0831884197218062
-1.0031102951458224
-0.7884740256164453
-1.044708596807908
-1.0008432693655154
-0.9207651447895316
-1.1847739229158918
-1.4410084941073544
-1.3971431666649616
-1.3170650420889778
-0.9354789535461647
-1.1917135247376274
-1.1478481972952348
-1.0677700727192512
-1.1666996357946937
-1.4229342069861561
-1.3790688795437633
-1.2989907549677797
-1.0843544854384026
-1.3405890566298653
-1.2967237291874725
-1.2166456046114886
-0.9957635800751051
-1.2519981512665677
-1.208132823824175
-1.1280546992481915
-0.7464686107053784
-1.0027031818968408
-0.9588378544544481
-0.8787597298784645
-0.977689292953907
-1.2339238641453696
-1.1900585367029768
-1.1099804121269932
-0.8953441425976162
-1.1515787137890787
-1.107713386346686
-1.027635261770702
-0.9207368078802514
-1.1769713790717138
-1.1331060516293212
-1.0530279270533374
-0.6714418385105245
-0.9276764097019871
-0.8838110822595946
-0.8037329576836107
-0.9026625207590533
-1.1588970919505157
-1.1150317645081231
-1.0349536399321393
-0.8203173704027624
-1.0765519415942248
-1.0326866141518323
-0.9526084895758484
-0.7972694023919353
-1.0535039735833978
-1.0096386461410052
-0.9295605215650214
-0.5479744330222084
-0.8042090042136709
-0.7603436767712783
-0.6802655521952945
-0.779195115270737
-1.0354296864621997
-0.9915643590198068
-0.9114862344438232
-0.6968499649144461
-0.9530845361059088
-0.9092192086635161
-0.8291410840875324
-1.0931498622138927
-1.349384433405355
-1.3055191059629623
-1.2254409813869787
-0.8438548928441656
-1.1000894640356282
-1.0562241365932357
-0.9761460120172516
-1.0750755750926944
-1.331310146284157
-1.2874448188417642
-1.2073666942657804
-0.9927304247364034
-1.2489649959278661
-1.2050996684854733
-1.1250215439094895
-0.904139519373106
-1.1603740905645685
-1.1165087631221757
-1.036430638546192
-0.6548445500033792
-0.9110791211948417
-0.8672137937524492
-0.7871356691764654
-0.8860652322519077
-1.1422998034433705
-1.0984344760009777
-1.0183563514249938
-0.803720081895617
-1.0599546530870796
-1.0160893256446868
-0.9360112010687031
-0.8291127471782521
-1.0853473183697147
-1.041481990927322
-0.9614038663513382
-0.5798177778085253
-0.8360523489999878
-0.7921870215575952
-0.7121088969816114
-0.8110384600570539
-1.0672730312485166
-1.023407703806124
-0.9433295792301402
-0.7286933097007631
-0.9849278808922257
-0.941062553449833
-0.8609844288738494
-0.8603428243557669
-1.1165773955472293
-1.0727120681048368
-0.9926339435288529
-0.61104785498604
-0.8672824261775025
-0.8234170987351099
-0.7433389741591263
-0.8422685372345686
-1.0985031084260313
-1.0546377809836387
-0.9745596564076549
-0.7599233868782779
-1.0161579580697404
-0.9722926306273477
-0.8922145060513641
-1.1562232841777242
-1.4124578553691867
-1.368592527926794
-1.2885144033508105
-0.9069283148079974
-1.1631628859994598
-1.1192975585570673
-1.0392194339810834
-1.138148997056526
-1.3943835682479886
-1.350518240805596
-1.2704401162296122
-1.0558038467002353
-1.3120384178916977
-1.268173090449305
-1.1880949658733213
-0.9672129413369377
-1.2234475125284001
-1.1795821850860078
-1.0995040605100237
-0.7179179719672109
-0.9741525431586733
-0.9302872157162808
-0.8502090911402971
-0.9491386542157395
-1.205373225407202
-1.1615078979648095
-1.0814297733888256
-0.8667935038594486
-1.1230280750509112
-1.0791627476085184
-0.9990846230325346
-0.8921861691420838
-1.1484207403335462
-1.1045554128911537
-1.0244772883151698
-0.642891199772357
-0.8991257709638193
-0.855260443521427
-0.7751823189454432
-0.8741118820208857
-1.1303464532123482
-1.0864811257699554
-1.0064030011939717
-0.7917667316645949
-1.0480013028560573
-1.0041359754136647
-0.9240578508376811
-0.8403184455113514
-1.096553016702814
-1.0526876892604211
-0.9726095646844376
-0.5910234761416245
-0.8472580473330872
-0.8033927198906946
-0.7233145953147108
-0.8222441583901533
-1.0784787295816158
-1.034613402139223
-0.9545352775632393
-0.7398990080338623
-0.9961335792253249
-0.9522682517829322
-0.8721901272069486
-1.1361989053333086
-1.3924334765247712
-1.3485681490823784
-1.2684900245063948
-0.8869039359635819
-1.1431385071550446
-1.0992731797126518
-1.0191950551366677
-1.1181246182121107
-1.3743591894035732
-1.3304938619611804
-1.2504157373851965
-1.0357794678558196
-1.292014039047282
-1.2481487116048897
-1.1680705870289056
-0.947188562492522
-1.2034231336839847
-1.1595578062415919
-1.0794796816656083
-0.6978935931227953
-0.9541281643142577
-0.9102628368718653
-0.8301847122958814
-0.929114275371324
-1.1853488465627864
-1.1414835191203938
-1.06140539454441
-0.8467691250150331
-1.1030036962064955
-1.059138368764103
-0.9790602441881191
-0.8721617902976683
-1.1283963614891308
-1.084531034046738
-1.0044529094707544
-0.6228668209279414
-0.8791013921194041
-0.8352360646770115
-0.7551579401010277
-0.8540875031764702
-1.1103220743679327
-1.06645674692554
-0.9863786223495562
-0.7717423528201793
-1.0279769240116419
-0.9841115965692491
-0.9040334719932654
-0.8888934630939345
-1.145128034285397
-1.1012627068430043
-1.0211845822670207
-0.6395984937242076
-0.8958330649156702
-0.8519677374732777
-0.7718896128972939
-0.8708191759727362
-1.1270537471641988
-1.0831884197218062
-1.0031102951458224
-0.7884740256164453
-1.044708596807908
-1.0008432693655154
-0.9207651447895316
-1.1847739229158918
-1.4410084941073544
-1.3971431666649616
-1.3170650420889778
-0.9354789535461647
-1.1917135247376274
-1.1478481972952348
-1.0677700727192512
-1.1666996357946937
-1.4229342069861561
-1.3790688795437633
-1.2989907549677797
-1.0843544854384026
-1.3405890566298653
-1.2967237291874725
-1.2166456046114886
-0.9957635800751051
-1.2519981512665677
-1.208132823824175
-1.1280546992481915
-0.7464686107053784
-1.0027031818968408
-0.9588378544544481
-0.8787597298784645
-0.977689292953907
-1.2339238641453696
-1.1900585367029768
-1.1099804121269932
-0.8953441425976162
-1.1515787137890787
-1.107713386346686
-1.027635261770702
-0.9207368078802514
-1.1769713790717138
-1.1331060516293212
-1.0530279270533374
-0.6714418385105245
-0.9276764097019871
-0.8838110822595946
-0.8037329576836107
-0.9026625207590533
-1.1588970919505157
-1.1150317645081231
-1.0349536399321393
-0.8203173704027624
-1.0765519415942248
-1.0326866141518323
-0.9526084895758484
-0.7972694023919353
-1.0535039735833978
-1.0096386461410052
-0.9295605215650214
-0.5479744330222084
-0.8042090042136709
-0.7603436767712783
-0.6802655521952945
-0.779195115270737
-1.0354296864621997
-0.9915643590198068
-0.9114862344438232
-0.6968499649144461
-0.9530845361059088
-0.9092192086635161
-0.8291410840875324
-1.0931498622138927
-1.349384433405355
-1.3055191059629623
-1.2254409813869787
-0.8438548928441656
-1.1000894640356282
-1.0562241365932357
-0.9761460120172516
-1.0750755750926944
-1.331310146284157
-1.2874448188417642
-1.2073666942657804
-0.9927304247364034
-1.2489649959278661
-1.2050996684854733
-1.1250215439094895
-0.904139519373106
-1.1603740905645685
-1.1165087631221757
-1.036430638546192
-0.6548445500033792
-0.9110791211948417
-0.8672137937524492
-0.7871356691764654
-0.8860652322519077
-1.1422998034433705
-1.0984344760009777
-1.0183563514249938
-0.803720081895617
-1.0599546530870796
-1.0160893256446868
-0.9360112010687031
-0.8291127471782521
-1.0853473183697147
-1.041481990927322
-0.9614038663513382
-0.5798177778085253
-0.8360523489999878
-0.7921870215575952
-0.7121088969816114
-0.8110384600570539
-1.0672730312485166
-1.023407703806124
-0.9433295792301402
-0.7286933097007631
-0.9849278808922257
-0.941062553449833
-0.8609844288738494
-0.8603428243557669
-1.1165773955472293
-1.0727120681048368
-0.9926339435288529
-0.61104785498604
-0.8672824261775025
-0.8234170987351099
-0.7433389741591263
-0.8422685372345686
-1.0985031084260313
-1.0546377809836387
-0.9745596564076549
-0.7599233868782779
-1.0161579580697404
-0.9722926306273477
-0.8922145060513641
-1.1562232841777242
-1.4124578553691867
-1.368592527926794
-1.2885144033508105
-0.9069283148079974
-1.1631628859994598
-1.1192975585570673
-1.0392194339810834
-1.138148997056526
-1.3943835682479886
-1.350518240805596
-1.2704401162296122
-1.0558038467002353
-1.3120384178916977
-1.268173090449305
-1.1880949658733213
-0.9672129413369377
-1.2234475125284001
-1.1795821850860078
-1.0995040605100237
-0.7179179719672109
-0.9741525431586733
-0.9302872157162808
-0.8502090911402971
-0.9491386542157395
-1.205373225407202
-1.1615078979648095
-1.0814297733888256
-0.8667935038594486
-1.1230280750509112
-1.0791627476085184
-0.9990846230325346
-0.8921861691420838
-1.1484207403335462
-1.1045554128911537
-1.0244772883151698
-0.642891199772357
-0.8991257709638193
-0.855260443521427
-0.7751823189454432
-0.8741118820208857
-1.1303464532123482
-1.0864811257699554
-1.0064030011939717
-0.7917667316645949
-1.0480013028560573
-1.0041359754136647
-0.9240578508376811
-0.8403184455113514
-1.096553016702814
-1.0526876892604211
-0.9726095646844376
-0.5910234761416245
-0.8472580473330872
-0.8033927198906946
-0.7233145953147108
-0.8222441583901533
-1.0784787295816158
-1.034613402139223
-0.9545352775632393
-0.7398990080338623
-0.9961335792253249
-0.9522682517829322
-0.8721901272069486
-1.1361989053333086
-1.3924334765247712
-1.3485681490823784
-1.2684900245063948
-0.8869039359635819
-1.1431385071550446
-1.0992731797126518
-1.0191950551366677
-1.1181246182121107
-1.3743591894035732
-1.3304938619611804
-1.2504157373851965
-1.0357794678558196
-1.292014039047282
-1.2481487116048897
-1.1680705870289056
-0.947188562492522
-1.2034231336839847
-1.1595578062415919
-1.0794796816656083
-0.6978935931227953
-0.9541281643142577
-0.9102628368718653
-0.8301847122958814
-0.929114275371324
-1.1853488465627864
-1.1414835191203938
-1.06140539454441
-0.8467691250150331
-1.1030036962064955
-1.059138368764103
-0.9790602441881191
-0.8721617902976683
-1.1283963614891308
-1.084531034046738
-1.0044529094707544
-0.6228668209279414
-0.8791013921194041
-0.8352360646770115
-0.7551579401010277
-0.8540875031764702
-1.1103220743679327
-1.06645674692554
-0.9863786223495562
-0.7717423528201793
-1.0279769240116419
-0.9841115965692491
-0.9040334719932654
-1.0311636767568255
-1.2873982479482882
-1.2435329205058954
-1.1634547959299115
-0.7818687073870983
-1.0381032785785613
-0.9942379511361685
-0.9141598265601848
-1.0130893896356272
-1.2693239608270899
-1.225458633384697
-1.1453805088087134
-0.9307442392793364
-1.186978810470799
-1.1431134830284064
-1.0630353584524226
-1.327044136578783
-1.5832787077702455
-1.539413380327853
-1.4593352557518688
-1.0777491672090558
-1.3339837384005184
-1.290118410958126
-1.2100402863821422
-1.3089698494575848
-1.5652044206490472
-1.5213390932066544
-1.4412609686306708
-1.226624699101294
-1.4828592702927563
-1.4389939428503637
-1.35891581827438
-1.1380337937379963
-1.3942683649294587
-1.3504030374870664
-1.2703249129110825
-0.8887388243682692
-1.144973395559732
-1.1011080681173393
-1.0210299435413555
-1.1199595066167982
-1.3761940778082606
-1.332328750365868
-1.2522506257898842
-1.0376143562605074
-1.29384892745197
-1.2499836000095774
-1.1699054754335934
-1.0630070215431424
-1.3192415927346053
-1.2753762652922123
-1.1952981407162286
-0.8137120521734152
-1.0699466233648782
-1.0260812959224854
-0.9460031713465017
-1.0449327344219443
-1.301167305613407
-1.257301978171014
-1.1772238535950303
-0.9625875840656535
-1.218822155257116
-1.1749568278147233
-1.0948787032387395
-0.9395396160548262
-1.1957741872462888
-1.151908859803896
-1.0718307352279124
-0.6902446466850992
-0.9464792178765619
-0.9026138904341692
-0.8225357658581854
-0.9214653289336279
-1.1776999001250907
-1.133834572682698
-1.053756448106714
-0.839120178577337
-1.0953547497687999
-1.051489422326407
-0.9714112977504235
-1.2354200758767837
-1.4916546470682461
-1.4477893196258536
-1.36771119504987
-0.9861251065070566
-1.2423596776985195
-1.1984943502561267
-1.1184162256801429
-1.2173457887555854
-1.473580359947048
-1.4297150325046555
-1.3496369079286716
-1.1350006383992945
-1.3912352095907572
-1.3473698821483646
-1.2672917575723808
-1.0464097330359972
-1.3026443042274596
-1.258778976785067
-1.1787008522090832
-0.7971147636662699
-1.0533493348577327
-1.0094840074153402
-0.9294058828393563
-1.0283354459147989
-1.2845700171062615
-1.240704689663869
-1.1606265650878849
-0.945990295558508
-1.2022248667499706
-1.158359539307578
-1.078281414731594
-0.9713829608411432
-1.227617532032606
-1.1837522045902131
-1.1036740800142293
-0.7220879914714161
-0.9783225626628789
-0.9344572352204862
-0.8543791106445023
-0.9533086737199449
-1.2095432449114076
-1.1656779174690148
-1.0855997928930312
-0.870963523363654
-1.1271980945551168
-1.0833327671127242
-1.0032546425367403
-1.002613038018658
-1.2588476092101206
-1.2149822817677278
-1.134904157191744
-0.7533180686489308
-1.0095526398403936
-0.9656873123980009
-0.8856091878220173
-0.9845387508974598
-1.2407733220889225
-1.1969079946465297
-1.116829870070546
-0.9021936005411688
-1.1584281717326315
-1.1145628442902389
-1.034484719714255
-1.2984934978406153
-1.5547280690320777
-1.5108627415896851
-1.4307846170137015
-1.0491985284708885
-1.305433099662351
-1.2615677722199585
-1.1814896476439745
-1.2804192107194172
-1.5366537819108796
-1.492788454468487
-1.4127103298925032
-1.1980740603631264
-1.454308631554589
-1.4104433041121962
-1.3303651795362124
-1.1094831549998287
-1.3657177261912912
-1.3218523987488988
-1.2417742741729147
-0.8601881856301018
-1.1164227568215646
-1.072557429379172
-0.9924793048031879
-1.0914088678786307
-1.347643439070093
-1.3037781116277005
-1.2236999870517167
-1.0090637175223398
-1.2652982887138022
-1.2214329612714097
-1.1413548366954258
-1.0344563828049749
-1.2906909539964375
-1.2468256265540447
-1.1667475019780609
-0.7851614134352478
-1.0413959846267105
-0.997530657184318
-0.9174525326083341
-1.0163820956837768
-1.2726166668752394
-1.2287513394328464
-1.1486732148568628
-0.9340369453274858
-1.1902715165189486
-1.1464061890765558
-1.066328064500572
-0.9825886591742425
-1.2388232303657052
-1.1949579029233124
-1.1148797783473285
-0.7332936898045155
-0.9895282609959781
-0.9456629335535855
-0.8655848089776017
-0.9645143720530444
-1.220748943244507
-1.1768836158021143
-1.0968054912261305
-0.8821692216967533
-1.138403792888216
-1.0945384654458232
-1.0144603408698396
-1.2784691189961999
-1.5347036901876625
-1.4908383627452695
-1.4107602381692859
-1.029174149626473
-1.2854087208179357
-1.2415433933755429
-1.1614652687995592
-1.2603948318750016
-1.5166294030664644
-1.4727640756240714
-1.3926859510480876
-1.1780496815187107
-1.4342842527101733
-1.3904189252677808
-1.3103408006917967
-1.0894587761554133
-1.345693347346876
-1.301828019904483
-1.2217498953284993
-0.8401638067856863
-1.096398377977149
-1.0525330505347563
-0.9724549259587724
-1.071384489034215
-1.3276190602256779
-1.2837537327832849
-1.2036756082073012
-0.9890393386779243
-1.2452739098693868
-1.201408582426994
-1.1213304578510102
-1.0144320039605594
-1.2706665751520219
-1.2268012477096293
-1.1467231231336457
-0.7651370345908324
-1.021371605782295
-0.9775062783399024
-0.8974281537639186
-0.9963577168393614
-1.2525922880308238
-1.2087269605884312
-1.1286488360124474
-0.9140125664830703
-1.170247137674533
-1.1263818102321403
-1.0463036856561565
