-0.3634368851121413
-0.6235886584990198
-0.5186036639989323
-0.45963586378141613
-0.32443753140012727
-0.5845893047870059
-0.47960431028691836
-0.42063651006940217
-0.48475362139961437
-0.7449053947864928
-0.6399204002864054
-0.5809526000688892
-0.5563908855954997
-0.8165426589823781
-0.7115576644822907
-0.6525898642647745
-0.7245962980963052
-0.9847480714831839
-0.8797630769830963
-0.8207952767655801
-0.6855969443842912
-0.9457487177711699
-0.8407637232710823
-0.7817959230535663
-0.8459130343837783
-1.106064807770657
-1.0010798132705694
-0.9421120130530534
-0.9175502985796636
-1.1777020719665423
-1.0727170774664545
-1.0137492772489387
-0.5641380734458884
-0.8242898468327671
-0.7193048523326797
-0.6603370521151635
-0.5251387197338743
-0.7852904931207529
-0.6803054986206656
-0.6213376984031493
-0.6854548097333614
-0.94560658312024
-0.8406215886201527
-0.7816537884026364
-0.7570920739292467
-1.0172438473161254
-0.912258852816038
-0.8532910525985218
-0.8048422065873139
-1.0649939799741925
-0.9600089854741053
-0.901041185256589
-0.7658428528753001
-1.0259946262621784
-0.9210096317620912
-0.8620418315445749
-0.9261589428747872
-1.1863107162616657
-1.0813257217615784
-1.0223579215440621
-0.9977962070706723
-1.257947980457551
-1.1529629859574635
-1.0939951857399473
-0.5833359685381017
-0.8434877419249804
-0.7385027474248929
-0.6795349472073766
-0.5443366148260878
-0.8044883882129664
-0.6995033937128788
-0.6405355934953627
-0.7046527048255748
-0.9648044782124533
-0.8598194837123659
-0.8008516834948497
-0.7762899690214602
-1.0364417424083388
-0.9314567479082513
-0.872488947690735
-0.9444953815222658
-1.2046471549091444
-1.0996621604090568
-1.0406943601915408
-0.9054960278102516
-1.1656478011971305
-1.0606628066970427
-1.0016950064795267
-1.0658121178097388
-1.3259638911966176
-1.2209788966965298
-1.1620110964790136
-1.1374493820056242
-1.397601155392503
-1.2926161608924152
-1.233648360674899
-0.7840371568718488
-1.0441889302587277
-0.93920393575864
-0.8802361355411239
-0.7450378031598349
-1.0051895765467136
-0.900204582046626
-0.84123678182911
-0.905353893159322
-1.1655056665462007
-1.060520672046113
-1.0015528718285969
-0.9769911573552074
-1.237142930742086
-1.1321579362419985
-1.0731901360244822
-1.0247412900132746
-1.2848930634001534
-1.1799080689000656
-1.1209402686825494
-0.9857419363012604
-1.2458937096881393
-1.1409087151880515
-1.0819409149705355
-1.1460580263007476
-1.4062097996876266
-1.3012248051875388
-1.2422570049700223
-1.2176952904966332
-1.4778470638835117
-1.3728620693834241
-1.313894269165908
-0.7218113482394806
-0.9819631216263592
-0.8769781271262717
-0.8180103269087555
-0.6828119945274664
-0.9429637679143451
-0.8379787734142577
-0.7790109731967416
-0.8431280845269536
-1.1032798579138323
-0.9982948634137447
-0.9393270631962286
-0.9147653487228389
-1.1749171221097177
-1.0699321276096299
-1.0109643273921138
-1.0829707612236446
-1.3431225346105231
-1.2381375401104358
-1.1791697398929195
-1.0439714075116304
-1.3041231808985088
-1.1991381863984216
-1.1401703861809054
-1.2042874975111173
-1.4644392708979959
-1.3594542763979085
-1.3004864761803925
-1.2759247617070029
-1.5360765350938814
-1.4310915405937936
-1.3721237403762776
-0.9225125365732277
-1.1826643099601064
-1.0776793154600186
-1.0187115152425028
-0.8835131828612136
-1.1436649562480923
-1.0386799617480047
-0.9797121615304888
-1.0438292728607006
-1.3039810462475792
-1.1989960517474918
-1.1400282515299758
-1.1154665370565862
-1.3756183104434647
-1.270633315943377
-1.2116655157258613
-1.1632166697146533
-1.4233684431015319
-1.3183834486014445
-1.2594156483839285
-1.1242173160026394
-1.3843690893895182
-1.2793840948894302
-1.2204162946719141
-1.2845334060021265
-1.5446851793890053
-1.4397001848889177
-1.3807323846714012
-1.3561706701980116
-1.6163224435848904
-1.5113374490848028
-1.4523696488672868
-0.6247727469101518
-0.8849245202970304
-0.7799395257969429
-0.7209717255794268
-0.5857733931981378
-0.8459251665850164
-0.740940172084929
-0.6819723718674128
-0.7460894831976248
-1.0062412565845034
-0.9012562620844159
-0.8422884618668999
-0.8177267473935103
-1.0778785207803887
-0.9728935262803013
-0.9139257260627852
-0.9859321598943158
-1.2460839332811946
-1.1410989387811068
-1.0821311385635908
-0.9469328061823018
-1.2070845795691805
-1.102099585069093
-1.0431317848515766
-1.107248896181789
-1.3674006695686673
-1.2624156750685798
-1.2034478748510637
-1.1788861603776744
-1.439037933764553
-1.3340529392644653
-1.275085139046949
-0.825473935243899
-1.0856257086307777
-0.9806407141306901
-0.921672913913174
-0.7864745815318849
-1.0466263549187635
-0.9416413604186761
-0.88267356020116
-0.946790671531372
-1.2069424449182509
-1.1019574504181628
-1.042989650200647
-1.0184279357272574
-1.278579709114136
-1.1735947146140484
-1.1146269143965322
-1.0661780683853248
-1.3263298417722034
-1.2213448472721156
-1.1623770470545998
-1.0271787146733105
-1.2873304880601892
-1.1823454935601017
-1.1233776933425856
-1.1874948046727978
-1.4476465780596763
-1.3426615835595888
-1.2836937833420727
-1.2591320688686831
-1.5192838422555617
-1.4142988477554743
-1.355331047537958
-0.3936110154053813
-0.6537627887922599
-0.5487777942921723
-0.48980999407465625
-0.3546116616933673
-0.6147634350802459
-0.5097784405801583
-0.4508106403626423
-0.5149277516928543
-0.7750795250797329
-0.6700945305796453
-0.6111267303621293
-0.5865650158887398
-0.8467167892756182
-0.7417317947755309
-0.6827639945580146
-0.7547704283895451
-1.014922201776424
-0.9099372072763364
-0.8509694070588202
-0.7157710746775313
-0.97592284806441
-0.8709378535643224
-0.8119700533468062
-0.8760871646770182
-1.1362389380638969
-1.0312539435638095
-0.9722861433462933
-0.9477244288729035
-1.2078762022597824
-1.1028912077596946
-1.0439234075421788
-0.5943122037391285
-0.8544639771260072
-0.7494789826259196
-0.6905111824084034
-0.5553128500271143
-0.8154646234139931
-0.7104796289139055
-0.6515118286963895
-0.7156289400266015
-0.9757807134134802
-0.8707957189133926
-0.8118279186958766
-0.7872662042224868
-1.0474179776093655
-0.9424329831092779
-0.8834651828917619
-0.835016336880554
-1.0951681102674327
-0.9901831157673452
-0.9312153155498292
-0.79601698316854
-1.0561687565554185
-0.9511837620553311
-0.892215961837815
-0.9563330731680271
-1.2164848465549059
-1.1114998520548183
-1.0525320518373023
-1.0279703373639124
-1.2881221107507912
-1.1831371162507038
-1.1241693160331876
-0.6135100988313417
-0.8736618722182204
-0.7686768777181329
-0.7097090775006168
-0.5745107451193278
-0.8346625185062063
-0.7296775240061188
-0.6707097237886027
-0.7348268351188147
-0.9949786085056934
-0.8899936140056058
-0.8310258137880898
-0.8064640993147002
-1.0666158727015786
-0.9616308782014913
-0.9026630779839752
-0.9746695118155059
-1.2348212852023843
-1.129836290702297
-1.0708684904847807
-0.9356701581034917
-1.1958219314903704
-1.0908369369902828
-1.0318691367727666
-1.0959862481029785
-1.3561380214898575
-1.2511530269897697
-1.1921852267722537
-1.1676235122988643
-1.427775285685743
-1.3227902911856553
-1.263822490968139
-0.8142112871650888
-1.0743630605519676
-0.9693780660518801
-0.9104102658343639
-0.775211933453075
-1.0353637068399535
-0.9303787123398661
-0.8714109121223499
-0.9355280234525619
-1.1956797968394406
-1.090694802339353
-1.031727002121837
-1.0071652876484474
-1.267317061035326
-1.1623320665352384
-1.1033642663177223
-1.0549154203065145
-1.3150671936933935
-1.2100821991933057
-1.1511143989757895
-1.0159160665945006
-1.2760678399813792
-1.1710828454812916
-1.1121150452637754
-1.1762321565939875
-1.4363839299808665
-1.3313989354807787
-1.2724311352632625
-1.247869420789873
-1.5080211941767518
-1.4030361996766643
-1.344068399459148
-0.7519854785327206
-1.0121372519195992
-0.9071522574195117
-0.8481844572019955
-0.7129861248207067
-0.973137898207585
-0.8681529037074978
-0.8091851034899815
-0.8733022148201935
-1.1334539882070722
-1.0284689937069846
-0.9695011934894686
-0.9449394790160791
-1.2050912524029578
-1.10010625790287
-1.041138457685354
-1.1131448915168847
-1.3732966649037628
-1.2683116704036754
-1.2093438701861594
-1.0741455378048705
-1.3342973111917489
-1.2293123166916615
-1.1703445164741455
-1.2344616278043574
-1.4946134011912362
-1.3896284066911486
-1.3306606064736322
-1.306098892000243
-1.566250665387121
-1.4612656708870337
-1.4022978706695177
-0.9526866668664677
-1.2128384402533463
-1.107853445753259
-1.0488856455357427
-0.9136873131544537
-1.1738390865413324
-1.0688540920412448
-1.0098862918237286
-1.0740034031539407
-1.3341551765408193
-1.229170182040732
-1.1702023818232157
-1.1456406673498263
-1.4057924407367048
-1.300807446236617
-1.241839646019101
-1.1933908000078934
-1.453542573394772
-1.3485575788946846
-1.2895897786771682
-1.1543914462958793
-1.4145432196827579
-1.3095582251826703
-1.2505904249651543
-1.3147075362953662
-1.5748593096822454
-1.4698743151821574
-1.4109065149646414
-1.3863448004912517
-1.6464965738781305
-1.541511579378043
-1.4825437791605265
-0.6549468772033918
-0.9150986505902705
-0.8101136560901829
-0.7511458558726668
-0.6159475234913778
-0.8760992968782565
-0.7711143023781689
-0.7121465021606528
-0.7762636134908649
-1.0364153868777435
-0.931430392377656
-0.8724625921601399
-0.8479008776867503
-1.1080526510736288
-1.0030676565735412
-0.9440998563560252
-1.0161062901875557
-1.2762580635744345
-1.171273069074347
-1.112305268856831
-0.9771069364755418
-1.2372587098624204
-1.132273715362333
-1.0733059151448168
-1.137423026475029
-1.3975747998619075
-1.2925898053618199
-1.2336220051443039
-1.2090602906709143
-1.469212064057793
-1.3642270695577052
-1.3052592693401892
-0.855648065537139
-1.1157998389240178
-1.0108148444239302
-0.9518470442064141
-0.816648711825125
-1.0768004852120037
-0.9718154907119161
-0.9128476904944
-0.9769648018246121
-1.237116575211491
-1.132131580711403
-1.073163780493887
-1.0486020660204973
-1.308753839407376
-1.2037688449072885
-1.1448010446897723
-1.0963521986785645
-1.3565039720654435
-1.251518977565356
-1.1925511773478399
-1.0573528449665506
-1.3175046183534294
-1.2125196238533418
-1.1535518236358255
-1.217668934966038
-1.4778207083529165
-1.3728357138528289
-1.3138679136353126
-1.2893061991619232
-1.5494579725488018
-1.4444729780487142
-1.3855051778311982
-0.3936110154053813
-0.6537627887922599
-0.5487777942921723
-0.48980999407465625
-0.3546116616933673
-0.6147634350802459
-0.5097784405801583
-0.4508106403626423
-0.5149277516928543
-0.7750795250797329
-0.6700945305796453
-0.6111267303621293
-0.5865650158887398
-0.8467167892756182
-0.7417317947755309
-0.6827639945580146
-0.7547704283895451
-1.014922201776424
-0.9099372072763364
-0.8509694070588202
-0.7157710746775313
-0.97592284806441
-0.8709378535643224
-0.8119700533468062
-0.8760871646770182
-1.1362389380638969
-1.0312539435638095
-0.9722861433462933
-0.9477244288729035
-1.2078762022597824
-1.1028912077596946
-1.0439234075421788
-0.5943122037391285
-0.8544639771260072
-0.7494789826259196
-0.6905111824084034
-0.5553128500271143
-0.8154646234139931
-0.7104796289139055
-0.6515118286963895
-0.7156289400266015
-0.9757807134134802
-0.8707957189133926
-0.8118279186958766
-0.7872662042224868
-1.0474179776093655
-0.9424329831092779
-0.8834651828917619
-0.835016336880554
-1.0951681102674327
-0.9901831157673452
-0.9312153155498292
-0.79601698316854
-1.0561687565554185
-0.9511837620553311
-0.892215961837815
-0.9563330731680271
-1.2164848465549059
-1.1114998520548183
-1.0525320518373023
-1.0279703373639124
-1.2881221107507912
-1.1831371162507038
-1.1241693160331876
-0.6135100988313417
-0.8736618722182204
-0.7686768777181329
-0.7097090775006168
-0.5745107451193278
-0.8346625185062063
-0.7296775240061188
-0.6707097237886027
-0.7348268351188147
-0.9949786085056934
-0.8899936140056058
-0.8310258137880898
-0.8064640993147002
-1.0666158727015786
-0.9616308782014913
-0.9026630779839752
-0.9746695118155059
-1.2348212852023843
-1.129836290702297
-1.0708684904847807
-0.9356701581034917
-1.1958219314903704
-1.0908369369902828
-1.0318691367727666
-1.0959862481029785
-1.3561380214898575
-1.2511530269897697
-1.1921852267722537
-1.1676235122988643
-1.427775285685743
-1.3227902911856553
-1.263822490968139
-0.8142112871650888
-1.0743630605519676
-0.9693780660518801
-0.9104102658343639
-0.775211933453075
-1.0353637068399535
-0.9303787123398661
-0.8714109121223499
-0.9355280234525619
-1.1956797968394406
-1.090694802339353
-1.031727002121837
-1.0071652876484474
-1.267317061035326
-1.1623320665352384
-1.1033642663177223
-1.0549154203065145
-1.3150671936933935
-1.2100821991933057
-1.1511143989757895
-1.0159160665945006
-1.2760678399813792
-1.1710828454812916
-1.1121150452637754
-1.1762321565939875
-1.4363839299808665
-1.3313989354807787
-1.2724311352632625
-1.247869420789873
-1.5080211941767518
-1.4030361996766643
-1.344068399459148
-0.7519854785327206
-1.0121372519195992
-0.9071522574195117
-0.8481844572019955
-0.7129861248207067
-0.973137898207585
-0.8681529037074978
-0.8091851034899815
-0.8733022148201935
-1.1334539882070722
-1.0284689937069846
-0.9695011934894686
-0.9449394790160791
-1.2050912524029578
-1.10010625790287
-1.041138457685354
-1.1131448915168847
-1.3732966649037628
-1.2683116704036754
-1.2093438701861594
-1.0741455378048705
-1.3342973111917489
-1.2293123166916615
-1.1703445164741455
-1.2344616278043574
-1.4946134011912362
-1.3896284066911486
-1.3306606064736322
-1.306098892000243
-1.566250665387121
-1.4612656708870337
-1.4022978706695177
-0.9526866668664677
-1.2128384402533463
-1.107853445753259
-1.0488856455357427
-0.9136873131544537
-1.1738390865413324
-1.0688540920412448
-1.0098862918237286
-1.0740034031539407
-1.3341551765408193
-1.229170182040732
-1.1702023818232157
-1.1456406673498263
-1.4057924407367048
-1.300807446236617
-1.241839646019101
-1.1933908000078934
-1.453542573394772
-1.3485575788946846
-1.2895897786771682
-1.1543914462958793
-1.4145432196827579
-1.3095582251826703
-1.2505904249651543
-1.3147075362953662
-1.5748593096822454
-1.4698743151821574
-1.4109065149646414
-1.3863448004912517
-1.6464965738781305
-1.541511579378043
-1.4825437791605265
-0.6549468772033918
-0.9150986505902705
-0.8101136560901829
-0.7511458558726668
-0.6159475234913778
-0.8760992968782565
-0.7711143023781689
-0.7121465021606528
-0.7762636134908649
-1.0364153868777435
-0.931430392377656
-0.8724625921601399
-0.8479008776867503
-1.1080526510736288
-1.0030676565735412
-0.9440998563560252
-1.0161062901875557
-1.2762580635744345
-1.171273069074347
-1.112305268856831
-0.9771069364755418
-1.2372587098624204
-1.132273715362333
-1.0733059151448168
-1.137423026475029
-1.3975747998619075
-1.2925898053618199
-1.2336220051443039
-1.2090602906709143
-1.469212064057793
-1.3642270695577052
-1.3052592693401892
-0.855648065537139
-1.1157998389240178
-1.0108148444239302
-0.9518470442064141
-0.816648711825125
-1.0768004852120037
-0.9718154907119161
-0.9128476904944
-0.9769648018246121
-1.237116575211491
-1.132131580711403
-1.073163780493887
-1.0486020660204973
-1.308753839407376
-1.2037688449072885
-1.1448010446897723
-1.0963521986785645
-1.3565039720654435
-1.251518977565356
-1.1925511773478399
-1.0573528449665506
-1.3175046183534294
-1.2125196238533418
-1.1535518236358255
-1.217668934966038
-1.4778207083529165
-1.3728357138528289
-1.3138679136353126
-1.2893061991619232
-1.5494579725488018
-1.4444729780487142
-1.3855051778311982
-0.5435179642589948
-0.8036697376458732
-0.698684743145786
-0.6397169429282697
-0.5045186105469808
-0.7646703839338594
-0.6596853894337719
-0.6007175892162558
-0.6648347005464679
-0.9249864739333463
-0.820001479433259
-0.7610336792157427
-0.7364719647423532
-0.9966237381292319
-0.8916387436291443
-0.8326709434116283
-0.9046773772431588
-1.1648291506300374
-1.0598441561299499
-1.0008763559124338
-0.8656780235311446
-1.1258297969180233
-1.020844802417936
-0.9618770022004198
-1.0259941135306319
-1.2861458869175104
-1.1811608924174228
-1.1221930921999068
-1.097631377726517
-1.3577831511133958
-1.2527981566133082
-1.1938303563957922
-0.7442191525927421
-1.0043709259796205
-0.8993859314795333
-0.840418131262017
-0.705219798880728
-0.9653715722676065
-0.8603865777675191
-0.8014187775500029
-0.8655358888802149
-1.1256876622670937
-1.0207026677670064
-0.96173486754949
-0.9371731530761005
-1.197324926462979
-1.0923399319628915
-1.0333721317453752
-0.9849232857341677
-1.2450750591210462
-1.1400900646209589
-1.0811222644034426
-0.9459239320221536
-1.2060757054090323
-1.1010907109089447
-1.0421229106914285
-1.1062400220216406
-1.3663917954085194
-1.2614068009084318
-1.2024390006909156
-1.1778772862175262
-1.4380290596044047
-1.3330440651043172
-1.274076264886801
-0.7634170476849553
-1.0235688210718341
-0.9185838265717464
-0.8596160263542303
-0.7244176939729413
-0.98456946735982
-0.8795844728597324
-0.8206166726422164
-0.8847337839724284
-1.1448855573593069
-1.0399005628592195
-0.9809327626417033
-0.9563710481683138
-1.2165228215551926
-1.1115378270551048
-1.0525700268375888
-1.1245764606691193
-1.384728234055998
-1.2797432395559105
-1.2207754393383943
-1.085577106957105
-1.345728880343984
-1.2407438858438966
-1.1817760856263804
-1.2458931969565925
-1.5060449703434708
-1.4010599758433835
-1.3420921756258675
-1.317530461152478
-1.5776822345393564
-1.472697240039269
-1.4137294398217528
-0.9641182360187025
-1.2242700094055814
-1.1192850149054936
-1.0603172146879776
-0.9251188823066886
-1.1852706556935673
-1.0802856611934795
-1.0213178609759634
-1.0854349723061754
-1.3455867456930544
-1.2406017511929666
-1.1816339509754503
-1.157072236502061
-1.41722400988894
-1.3122390153888521
-1.2532712151713359
-1.204822369160128
-1.464974142547007
-1.3599891480469195
-1.3010213478294033
-1.1658230154481144
-1.425974788834993
-1.3209897943349056
-1.2620219941173891
-1.3261391054476015
-1.5862908788344798
-1.4813058843343925
-1.4223380841168762
-1.3977763696434868
-1.6579281430303654
-1.552943148530278
-1.4939753483127618
-0.9018924273863341
-1.1620442007732128
-1.0570592062731252
-0.9980914060556092
-0.8628930736743201
-1.123044847061199
-1.0180598525611113
-0.9590920523435951
-1.0232091636738072
-1.2833609370606858
-1.1783759425605984
-1.1194081423430824
-1.0948464278696926
-1.3549982012565713
-1.2500132067564835
-1.1910454065389675
-1.2630518403704978
-1.5232036137573766
-1.418218619257289
-1.359250819039773
-1.2240524866584839
-1.4842042600453627
-1.379219265545275
-1.3202514653277586
-1.384368576657971
-1.6445203500448498
-1.5395353555447617
-1.4805675553272457
-1.456005840853856
-1.7161576142407349
-1.6111726197406473
-1.5522048195231313
-1.102593615720081
-1.3627453891069596
-1.2577603946068723
-1.1987925943893563
-1.0635942620080674
-1.323746035394946
-1.2187610408948584
-1.1597932406773421
-1.2239103520075543
-1.484062125394433
-1.379077130894345
-1.320109330676829
-1.2955476162034398
-1.5556993895903182
-1.4507143950902306
-1.3917465948727146
-1.343297748861507
-1.6034495222483858
-1.4984645277482982
-1.4394967275307817
-1.3042983951494926
-1.5644501685363719
-1.459465174036284
-1.400497373818768
-1.46461448514898
-1.7247662585358585
-1.6197812640357712
-1.5608134638182551
-1.5362517493448655
-1.796403522731744
-1.691418528231656
-1.6324507280141403
-0.8048538260570055
-1.065005599443884
-0.9600206049437966
-0.9010528047262805
-0.7658544723449914
-1.02600624573187
-0.9210212512317825
-0.8620534510142662
-0.9261705623444783
-1.1863223357313573
-1.0813373412312692
-1.0223695410137534
-0.9978078265403637
-1.2579595999272426
-1.152974605427155
-1.0940068052096386
-1.1660132390411695
-1.426165012428048
-1.3211800179279607
-1.2622122177104445
-1.1270138853291554
-1.387165658716034
-1.2821806642159463
-1.2232128639984303
-1.2873299753286425
-1.5474817487155212
-1.4424967542154332
-1.3835289539979172
-1.3589672395245278
-1.6191190129114061
-1.5141340184113188
-1.4551662181938025
-1.0055550143907526
-1.2657067877776313
-1.1607217932775435
-1.1017539930600277
-0.9665556606787385
-1.2267074340656174
-1.1217224395655296
-1.0627546393480134
-1.1268717506782258
-1.387023524065104
-1.2820385295650165
-1.2230707293475007
-1.198509014874111
-1.4586607882609897
-1.3536757937609019
-1.294707993543386
-1.2462591475321785
-1.506410920919057
-1.4014259264189695
-1.3424581262014532
-1.2072597938201644
-1.4674115672070431
-1.3624265727069553
-1.303458772489439
-1.3675758838196512
-1.62772765720653
-1.5227426627064422
-1.4637748624889262
-1.4392131480155368
-1.6993649214024154
-1.5943799269023278
-1.5354121266848115
