-0.8209189288310645
-0.9959744490825668
-0.8834905264039016
-0.700925522442726
-0.5890720192322793
-0.7641275394837813
-0.6516436168051161
-0.4690786128439404
-0.7509841946434257
-0.9260397148949278
-0.8135557922162625
-0.630990788255087
-0.660526587689172
-0.835582107940674
-0.7230981852620089
-0.5405331813008333
-0.7202735423603447
-0.8953290626118467
-0.7828451399331816
-0.600280135972006
-0.4884266327615592
-0.6634821530130612
-0.550998230334396
-0.3684332263732205
-0.6503388081727058
-0.8253943284242079
-0.7129104057455427
-0.530345401784367
-0.5598812012184521
-0.7349367214699543
-0.6224527987912889
-0.43988779483011337
-0.8259808490895134
-1.0010363693410154
-0.8885524466623502
-0.7059874427011746
-0.5941339394907279
-0.7691894597422299
-0.6567055370635647
-0.4741405331023891
-0.7560461149018742
-0.9311016351533764
-0.8186177124747112
-0.6360527085135358
-0.6655885079476207
-0.8406440281991229
-0.7281601055204574
-0.5455951015592819
-0.738106289920062
-0.9131618101715638
-0.8006778874928987
-0.6181128835317231
-0.5062593803212762
-0.6813149005727783
-0.568830977894113
-0.38626597393293755
-0.6681715557324228
-0.8432270759839249
-0.7307431533052596
-0.548178149344084
-0.5777139487781691
-0.7527694690296712
-0.6402855463510059
-0.4577205423898304
-0.9954304581460683
-1.1704859783975703
-1.058002055718905
-0.8754370517577296
-0.7635835485472828
-0.9386390687987848
-0.8261551461201195
-0.643590142158944
-0.9254957239584295
-1.1005512442099314
-0.9880673215312662
-0.8055023175700906
-0.8350381170041755
-1.0100936372556777
-0.8976097145770124
-0.715044710615837
-0.8947850716753484
-1.0698405919268503
-0.957356669248185
-0.7747916652870096
-0.6629381620765626
-0.8379936823280649
-0.7255097596493995
-0.542944755688224
-0.8248503374877095
-0.9999058577392115
-0.8874219350605461
-0.7048569310993706
-0.7343927305334557
-0.9094482507849577
-0.7969643281062925
-0.614399324145117
-1.0004923784045168
-1.1755478986560188
-1.0630639759773535
-0.8804989720161781
-0.7686454688057314
-0.9437009890572334
-0.8312170663785681
-0.6486520624173926
-0.930557644216878
-1.10561316446838
-0.9931292417897147
-0.8105642378285393
-0.8401000372626244
-1.0151555575141262
-0.9026716348354611
-0.7201066308742855
-0.9126178192350655
-1.0876733394865674
-0.9751894168079022
-0.7926244128467267
-0.6807709096362797
-0.8558264298877819
-0.7433425072091167
-0.560777503247941
-0.8426830850474266
-1.0177386052989286
-0.9052546826202631
-0.7226896786590878
-0.7522254780931726
-0.9272809983446748
-0.8147970756660096
-0.6322320717048341
-1.278491929425229
-1.4535474496767307
-1.341063526998066
-1.15849852303689
-1.0466450198264432
-1.2217005400779453
-1.1092166173992801
-0.9266516134381046
-1.20855719523759
-1.3836127154890918
-1.271128792810427
-1.0885637888492512
-1.1180995882833362
-1.2931551085348383
-1.1806711858561731
-0.9981061818949976
-1.1778465429545089
-1.352902063206011
-1.2404181405273458
-1.0578531365661703
-0.9459996333557233
-1.1210551536072255
-1.0085712309285602
-0.8260062269673848
-1.10791180876687
-1.282967329018372
-1.1704834063397065
-0.9879184023785313
-1.0174542018126165
-1.1925097220641183
-1.0800257993854532
-0.8974607954242778
-1.2835538496836778
-1.4586093699351796
-1.3461254472565147
-1.1635604432953388
-1.0517069400848922
-1.226762460336394
-1.1142785376577289
-0.9317135336965533
-1.2136191154960387
-1.3886746357475406
-1.2761907130688754
-1.0936257091076997
-1.1231615085417848
-1.298217028793287
-1.1857331061146217
-1.003168102153446
-1.1956792905142262
-1.3707348107657278
-1.2582508880870626
-1.0756858841258874
-0.9638323809154404
-1.1388879011669426
-1.0264039784882772
-0.8438389745271018
-1.125744556326587
-1.300800076578089
-1.1883161538994238
-1.0057511499382483
-1.0352869493723333
-1.2103424696238354
-1.09785854694517
-0.9152935429839948
-0.9938762317374247
-1.1689317519889268
-1.0564478293102615
-0.873882825349086
-0.7620293221386392
-0.9370848423901412
-0.824600919711476
-0.6420359157503004
-0.9239414975497857
-1.0989970178012878
-0.9865130951226224
-0.803948091161447
-0.8334838905955321
-1.008539410847034
-0.8960554881683688
-0.7134904842071934
-0.8932308452667047
-1.0682863655182069
-0.9558024428395414
-0.7732374388783662
-0.6613839356679192
-0.8364394559194214
-0.7239555332407559
-0.5413905292795804
-0.8232961110790659
-0.9983516313305679
-0.8858677086519026
-0.7033027046907271
-0.7328385041248122
-0.9078940243763142
-0.7954101016976489
-0.6128450977364733
-0.9989381519958734
-1.1739936722473754
-1.06150974956871
-0.8789447456075347
-0.7670912423970877
-0.9421467626485899
-0.8296628399699245
-0.647097836008749
-0.9290034178082343
-1.1040589380597365
-0.9915750153810711
-0.8090100114198957
-0.8385458108539806
-1.0136013311054828
-0.9011174084268175
-0.718552404465642
-0.9110635928264218
-1.086119113077924
-0.9736351903992587
-0.7910701864380831
-0.6792166832276363
-0.8542722034791383
-0.741788280800473
-0.5592232768392974
-0.8411288586387828
-1.016184378890285
-0.9037004562116195
-0.7211354522504443
-0.7506712516845292
-0.9257267719360313
-0.8132428492573659
-0.6306778452961905
-0.7641775693496562
-0.9392330896011581
-0.8267491669224929
-0.6441841629613174
-0.5323306597508707
-0.7073861800023727
-0.5949022573237075
-0.4123372533625321
-0.6942428351620172
-0.8692983554135193
-0.7568144327348542
-0.5742494287736787
-0.6037852282077637
-0.7788407484592657
-0.6663568257806005
-0.4837918218194249
-0.6635321828789362
-0.8385877031304384
-0.7261037804517729
-0.5435387764905975
-0.43168527328015077
-0.6067407935316528
-0.49425687085298753
-0.3116918668918121
-0.5935974486912974
-0.7686529689427993
-0.6561690462641341
-0.4736040423029587
-0.5031398417370437
-0.6781953619885456
-0.5657114393098805
-0.383146435348705
-0.7692394896081047
-0.9442950098596069
-0.8318110871809415
-0.649246083219766
-0.5373925800093193
-0.7124481002608213
-0.599964177582156
-0.41739917362098067
-0.6993047554204658
-0.874360275671968
-0.7618763529933027
-0.5793113490321272
-0.6088471484662122
-0.7839026687177143
-0.671418746039049
-0.4888537420778736
-0.6813649304386533
-0.8564204506901553
-0.74393652801149
-0.5613715240503147
-0.44951802083986775
-0.6245735410913698
-0.5120896184127045
-0.32952461445152903
-0.6114301962510144
-0.7864857165025165
-0.6740017938238511
-0.49143678986267575
-0.5209725892967607
-0.6960281095482628
-0.5835441868695975
-0.400979182908422
-0.9386890986646597
-1.1137446189161617
-1.0012606962374966
-0.818695692276321
-0.7068421890658741
-0.8818977093173762
-0.769413786638711
-0.5868487826775356
-0.8687543644770208
-1.0438098847285229
-0.9313259620498576
-0.7487609580886821
-0.7782967575227672
-0.9533522777742692
-0.8408683550956039
-0.6583033511344285
-0.8380437121939398
-1.0130992324454418
-0.9006153097667766
-0.718050305805601
-0.6061968025951542
-0.7812523228466564
-0.668768400167991
-0.4862033962068155
-0.7681089780063008
-0.9431644982578028
-0.8306805755791377
-0.6481155716179622
-0.6776513710520472
-0.8527068913035493
-0.7402229686248839
-0.5576579646637084
-0.9437510189231084
-1.1188065391746105
-1.0063226164959451
-0.8237576125347695
-0.7119041093243227
-0.886959629575825
-0.7744757068971596
-0.5919107029359841
-0.8738162847354696
-1.0488718049869716
-0.9363878823083063
-0.7538228783471307
-0.7833586777812157
-0.9584141980327179
-0.8459302753540525
-0.6633652713928769
-0.8558764597536568
-1.0309319800051588
-0.9184480573264936
-0.7358830533653181
-0.6240295501548713
-0.7990850704063733
-0.686601147727708
-0.5040361437665325
-0.7859417255660179
-0.96099724581752
-0.8485133231388547
-0.6659483191776793
-0.6954841186117641
-0.8705396388632662
-0.758055716184601
-0.5754907122234254
-1.2217505699438205
-1.3968060901953225
-1.2843221675166576
-1.1017571635554817
-0.9899036603450349
-1.164959180596537
-1.0524752579178718
-0.8699102539566962
-1.1518158357561816
-1.3268713560076837
-1.2143874333290188
-1.0318224293678429
-1.0613582288019279
-1.23641374905343
-1.1239298263747648
-0.9413648224135891
-1.1211051834731005
-1.2961607037246023
-1.1836767810459374
-1.0011117770847615
-0.889258273874315
-1.064313794125817
-0.9518298714471517
-0.7692648674859761
-1.0511704492854617
-1.2262259695369635
-1.1137420468582984
-0.9311770428971229
-0.960712842331208
-1.13576836258271
-1.0232844399040446
-0.8407194359428691
-1.2268124902022692
-1.4018680104537713
-1.2893840877751064
-1.1068190838139302
-0.9949655806034834
-1.1700211008549857
-1.0575371781763203
-0.8749721742151447
-1.1568777560146302
-1.3319332762661324
-1.2194493535874673
-1.0368843496262914
-1.0664201490603764
-1.2414756693118785
-1.1289917466332133
-0.9464267426720376
-1.1389379310328176
-1.3139934512843194
-1.2015095286056545
-1.0189445246444788
-0.907091021434032
-1.082146541685534
-0.9696626190068687
-0.7870976150456933
-1.0690031968451785
-1.2440587170966808
-1.1315747944180152
-0.9490097904568399
-0.978545589890925
-1.153601110142427
-1.0411171874637617
-0.8585521835025863
-0.937134872256016
-1.1121903925075183
-0.9997064698288529
-0.8171414658676774
-0.7052879626572305
-0.8803434829087327
-0.7678595602300673
-0.5852945562688918
-0.8672001380683774
-1.0422556583198792
-0.9297717356412141
-0.7472067316800386
-0.7767425311141235
-0.9517980513656257
-0.8393141286869603
-0.6567491247257847
-0.8364894857852964
-1.011545006036798
-0.8990610833581331
-0.7164960793969575
-0.6046425761865105
-0.7796980964380127
-0.6672141737593474
-0.484649169798172
-0.7665547515976572
-0.9416102718491592
-0.829126349170494
-0.6465613452093185
-0.6760971446434035
-0.8511526648949056
-0.7386687422162402
-0.556103738255065
-0.9421967925144648
-1.1172523127659668
-1.0047683900873017
-0.822203386126126
-0.7103498829156792
-0.8854054031671812
-0.7729214804885159
-0.5903564765273405
-0.8722620583268259
-1.0473175785783277
-0.9348336558996626
-0.7522686519384871
-0.7818044513725723
-0.9568599716240742
-0.8443760489454089
-0.6618110449842335
-0.8543222333450133
-1.0293777535965154
-0.91689383091785
-0.7343288269566745
-0.6224753237462277
-0.7975308439977298
-0.6850469213190645
-0.5024819173578889
-0.7843874991573745
-0.9594430194088764
-0.8469590967302112
-0.6643940927690356
-0.6939298922031206
-0.8689854124546227
-0.7565014897759574
-0.5739364858147818
-0.7641775693496562
-0.9392330896011581
-0.8267491669224929
-0.6441841629613174
-0.5323306597508707
-0.7073861800023727
-0.5949022573237075
-0.4123372533625321
-0.6942428351620172
-0.8692983554135193
-0.7568144327348542
-0.5742494287736787
-0.6037852282077637
-0.7788407484592657
-0.6663568257806005
-0.4837918218194249
-0.6635321828789362
-0.8385877031304384
-0.7261037804517729
-0.5435387764905975
-0.43168527328015077
-0.6067407935316528
-0.49425687085298753
-0.3116918668918121
-0.5935974486912974
-0.7686529689427993
-0.6561690462641341
-0.4736040423029587
-0.5031398417370437
-0.6781953619885456
-0.5657114393098805
-0.383146435348705
-0.7692394896081047
-0.9442950098596069
-0.8318110871809415
-0.649246083219766
-0.5373925800093193
-0.7124481002608213
-0.599964177582156
-0.41739917362098067
-0.6993047554204658
-0.874360275671968
-0.7618763529933027
-0.5793113490321272
-0.6088471484662122
-0.7839026687177143
-0.671418746039049
-0.4888537420778736
-0.6813649304386533
-0.8564204506901553
-0.74393652801149
-0.5613715240503147
-0.44951802083986775
-0.6245735410913698
-0.5120896184127045
-0.32952461445152903
-0.6114301962510144
-0.7864857165025165
-0.6740017938238511
-0.49143678986267575
-0.5209725892967607
-0.6960281095482628
-0.5835441868695975
-0.400979182908422
-0.9386890986646597
-1.1137446189161617
-1.0012606962374966
-0.818695692276321
-0.7068421890658741
-0.8818977093173762
-0.769413786638711
-0.5868487826775356
-0.8687543644770208
-1.0438098847285229
-0.9313259620498576
-0.7487609580886821
-0.7782967575227672
-0.9533522777742692
-0.8408683550956039
-0.6583033511344285
-0.8380437121939398
-1.0130992324454418
-0.9006153097667766
-0.718050305805601
-0.6061968025951542
-0.7812523228466564
-0.668768400167991
-0.4862033962068155
-0.7681089780063008
-0.9431644982578028
-0.8306805755791377
-0.6481155716179622
-0.6776513710520472
-0.8527068913035493
-0.7402229686248839
-0.5576579646637084
-0.9437510189231084
-1.1188065391746105
-1.0063226164959451
-0.8237576125347695
-0.7119041093243227
-0.886959629575825
-0.7744757068971596
-0.5919107029359841
-0.8738162847354696
-1.0488718049869716
-0.9363878823083063
-0.7538228783471307
-0.7833586777812157
-0.9584141980327179
-0.8459302753540525
-0.6633652713928769
-0.8558764597536568
-1.0309319800051588
-0.9184480573264936
-0.7358830533653181
-0.6240295501548713
-0.7990850704063733
-0.686601147727708
-0.5040361437665325
-0.7859417255660179
-0.96099724581752
-0.8485133231388547
-0.6659483191776793
-0.6954841186117641
-0.8705396388632662
-0.758055716184601
-0.5754907122234254
-1.2217505699438205
-1.3968060901953225
-1.2843221675166576
-1.1017571635554817
-0.9899036603450349
-1.164959180596537
-1.0524752579178718
-0.8699102539566962
-1.1518158357561816
-1.3268713560076837
-1.2143874333290188
-1.0318224293678429
-1.0613582288019279
-1.23641374905343
-1.1239298263747648
-0.9413648224135891
-1.1211051834731005
-1.2961607037246023
-1.1836767810459374
-1.0011117770847615
-0.889258273874315
-1.064313794125817
-0.9518298714471517
-0.7692648674859761
-1.0511704492854617
-1.2262259695369635
-1.1137420468582984
-0.9311770428971229
-0.960712842331208
-1.13576836258271
-1.0232844399040446
-0.8407194359428691
-1.2268124902022692
-1.4018680104537713
-1.2893840877751064
-1.1068190838139302
-0.9949655806034834
-1.1700211008549857
-1.0575371781763203
-0.8749721742151447
-1.1568777560146302
-1.3319332762661324
-1.2194493535874673
-1.0368843496262914
-1.0664201490603764
-1.2414756693118785
-1.1289917466332133
-0.9464267426720376
-1.1389379310328176
-1.3139934512843194
-1.2015095286056545
-1.0189445246444788
-0.907091021434032
-1.082146541685534
-0.9696626190068687
-0.7870976150456933
-1.0690031968451785
-1.2440587170966808
-1.1315747944180152
-0.9490097904568399
-0.978545589890925
-1.153601110142427
-1.0411171874637617
-0.8585521835025863
-0.937134872256016
-1.1121903925075183
-0.9997064698288529
-0.8171414658676774
-0.7052879626572305
-0.8803434829087327
-0.7678595602300673
-0.5852945562688918
-0.8672001380683774
-1.0422556583198792
-0.9297717356412141
-0.7472067316800386
-0.7767425311141235
-0.9517980513656257
-0.8393141286869603
-0.6567491247257847
-0.8364894857852964
-1.011545006036798
-0.8990610833581331
-0.7164960793969575
-0.6046425761865105
-0.7796980964380127
-0.6672141737593474
-0.484649169798172
-0.7665547515976572
-0.9416102718491592
-0.829126349170494
-0.6465613452093185
-0.6760971446434035
-0.8511526648949056
-0.7386687422162402
-0.556103738255065
-0.9421967925144648
-1.1172523127659668
-1.0047683900873017
-0.822203386126126
-0.7103498829156792
-0.8854054031671812
-0.7729214804885159
-0.5903564765273405
-0.8722620583268259
-1.0473175785783277
-0.9348336558996626
-0.7522686519384871
-0.7818044513725723
-0.9568599716240742
-0.8443760489454089
-0.6618110449842335
-0.8543222333450133
-1.0293777535965154
-0.91689383091785
-0.7343288269566745
-0.6224753237462277
-0.7975308439977298
-0.6850469213190645
-0.5024819173578889
-0.7843874991573745
-0.9594430194088764
-0.8469590967302112
-0.6643940927690356
-0.6939298922031206
-0.8689854124546227
-0.7565014897759574
-0.5739364858147818
-0.9066125124890627
-1.0816680327405648
-0.9691841100618994
-0.7866191061007239
-0.6747656028902772
-0.8498211231417792
-0.7373372004631139
-0.5547721965019384
-0.8366777783014239
-1.0117332985529257
-0.8992493758742605
-0.716684371913085
-0.7462201713471702
-0.9212756915986722
-0.8087917689200068
-0.6262267649588313
-0.8059671260183429
-0.9810226462698449
-0.8685387235911796
-0.685973719630004
-0.5741202164195573
-0.7491757366710593
-0.636691813992394
-0.4541268100312185
-0.7360323918307039
-0.9110879120822057
-0.7986039894035405
-0.616038985442365
-0.64557478487645
-0.8206303051279521
-0.7081463824492868
-0.5255813784881113
-0.9116744327475113
-1.0867299529990135
-0.9742460303203481
-0.7916810263591725
-0.679827523148726
-0.854883043400228
-0.7423991207215626
-0.5598341167603871
-0.8417396985598724
-1.0167952188113745
-0.9043112961327091
-0.7217462921715336
-0.7512820916056188
-0.9263376118571207
-0.8138536891784555
-0.6312886852172799
-0.8237998735780598
-0.9988553938295619
-0.8863714711508965
-0.7038064671897211
-0.5919529639792742
-0.7670084842307764
-0.654524561552111
-0.47195955759093555
-0.753865139390421
-0.9289206596419229
-0.8164367369632576
-0.6338717330020821
-0.6634075324361671
-0.8384630526876692
-0.725979130009004
-0.5434141260478283
-1.0811240418040664
-1.256179562055568
-1.1436956393769029
-0.9611306354157276
-0.8492771322052807
-1.0243326524567828
-0.9118487297781176
-0.7292837258169421
-1.0111893076164273
-1.1862448278679294
-1.0737609051892643
-0.8911959012280887
-0.9207317006621737
-1.0957872209136756
-0.9833032982350104
-0.8007382942738348
-0.9804786553333463
-1.155534175584848
-1.0430502529061831
-0.8604852489450076
-0.7486317457345608
-0.9236872659860628
-0.8112033433073976
-0.628638339346222
-0.9105439211457075
-1.0855994413972094
-0.9731155187185442
-0.7905505147573687
-0.8200863141914535
-0.9951418344429558
-0.8826579117642904
-0.7000929078031151
-1.086185962062515
-1.2612414823140166
-1.1487575596353516
-0.9661925556741762
-0.8543390524637295
-1.0293945727152314
-0.9169106500365662
-0.7343456460753907
-1.016251227874876
-1.1913067481263777
-1.0788228254477128
-0.8962578214865372
-0.9257936209206222
-1.1008491411721244
-0.9883652184934589
-0.8058002145322835
-0.9983114028930633
-1.1733669231445654
-1.0608830004659002
-0.8783179965047246
-0.7664644932942778
-0.94152001354578
-0.8290360908671147
-0.6464710869059391
-0.9283766687054245
-1.1034321889569265
-0.9909482662782613
-0.8083832623170857
-0.8379190617511708
-1.0129745820026728
-0.9004906593240075
-0.717925655362832
-1.364185513083227
-1.5392410333347288
-1.426757110656064
-1.2441921066948882
-1.1323386034844412
-1.3073941237359432
-1.194910201057278
-1.0123451970961026
-1.294250778895588
-1.46930629914709
-1.356822376468425
-1.1742573725072494
-1.2037931719413344
-1.3788486921928362
-1.2663647695141713
-1.0837997655529956
-1.2635401266125066
-1.4385956468640086
-1.3261117241853437
-1.1435467202241683
-1.0316932170137216
-1.2067487372652235
-1.0942648145865583
-0.9116998106253826
-1.1936053924248677
-1.3686609126763698
-1.2561769899977049
-1.0736119860365292
-1.1031477854706144
-1.2782033057221163
-1.1657193830434511
-0.9831543790822757
-1.3692474333416755
-1.5443029535931776
-1.4318190309145125
-1.2492540269533368
-1.13740052374289
-1.312456043994392
-1.1999721213157266
-1.0174071173545511
-1.2993126991540367
-1.4743682194055387
-1.3618842967268736
-1.1793192927656981
-1.208855092199783
-1.3839106124512848
-1.2714266897726199
-1.0888616858114442
-1.281372874172224
-1.4564283944237257
-1.3439444717450608
-1.1613794677838851
-1.0495259645734385
-1.2245814848249403
-1.1120975621462752
-0.9295325581850998
-1.2114381399845848
-1.3864936602360867
-1.274009737557422
-1.0914447335962465
-1.1209805330303315
-1.2960360532818334
-1.1835521306031682
-1.000987126641993
-1.0795698153954227
-1.2546253356469246
-1.1421414129682594
-0.9595764090070841
-0.8477229057966372
-1.0227784260481392
-0.9102945033694738
-0.7277294994082985
-1.0096350812077837
-1.1846906014592857
-1.0722066787806204
-0.889641674819445
-0.91917747425353
-1.0942329945050322
-0.9817490718263668
-0.7991840678651912
-0.9789244289247029
-1.153979949176205
-1.0414960264975395
-0.858931022536364
-0.7470775193259174
-0.9221330395774192
-0.809649116898754
-0.6270841129375785
-0.9089896947370637
-1.0840452149885658
-0.9715612923099005
-0.7889962883487251
-0.8185320877828101
-0.9935876080343122
-0.8811036853556468
-0.6985386813944715
-1.0846317356538713
-1.2596872559053731
-1.147203333226708
-0.9646383292655326
-0.8527848260550858
-1.0278403463065877
-0.9153564236279225
-0.7327914196667471
-1.0146970014662322
-1.1897525217177343
-1.0772685990390691
-0.8947035950778937
-0.9242393945119786
-1.0992949147634807
-0.9868109920848154
-0.80424598812364
-0.9967571764844199
-1.171812696735922
-1.0593287740572566
-0.876763770096081
-0.7649102668856343
-0.9399657871371364
-0.8274818644584709
-0.6449168604972956
-0.9268224422967808
-1.1018779625482829
-0.9893940398696176
-0.8068290359084421
-0.8363648353425271
-1.0114203555940293
-0.8989364329153638
-0.7163714289541885
